%%%%%%%%%%%%%%%%%%%%%%%%%%%%%%%%%%%%%%%%%%%%%%%%%%%%%%%%%%%%%%%%%%%%%%%%%%%
%SIMULAZIONE D = 3, L = 8, V = 512
%NUMERO DI MISURE PER OGNI naccu: T = 976
%%%%%%%%%%%%%%%%%%%%%%%%%%%%%%%%%%%%%%%%%%%%%%%%%%%%%%%%%%%%%%%%%%%%%%%%%%%
%naccu = 1024
%%%%%%%%%%%%%%%%%%%%%%%%%%%%%%%%%%%%%%%%%%%%%%%%%%%%%%%%%%%%%%%%%%%%%%%%%%%

%%%%%%%%%%%%%%%%%%%%%%%%%%%%%%%%%%%%%%%%%%%%%%%%%%%%%%%%%%%%%%%%%%%%%%%%%%%

1998047 	 -203.214096 	 203.228422 	 44917.712268 	 2419162158.338686 
1998048 	 -95.902126 	 159.790267 	 31873.188476 	 1551817723.975968 
1998049 	 22.051127 	 183.745182 	 38449.651246 	 2035831950.002805 
1998050 	 56.094665 	 135.843478 	 23367.061724 	 917720850.402531 
1998051 	 -174.062562 	 175.449929 	 36756.457606 	 1948817683.179633 
1998052 	 -144.616872 	 158.204685 	 30834.187338 	 1416380387.126222 
1998053 	 167.994091 	 168.220637 	 32974.934064 	 1538375560.701292 
1998054 	 -55.207131 	 169.506247 	 32633.150075 	 1453449585.761320 
1998055 	 -175.890632 	 177.398071 	 35598.606573 	 1741329358.780133 
1998056 	 -164.523727 	 165.964504 	 32763.084491 	 1553650514.205460 
1998057 	 -73.590706 	 156.309302 	 30842.844981 	 1602892623.918840 
1998058 	 -163.770777 	 164.343439 	 30915.881479 	 1312085487.320452 
1998059 	 -198.926076 	 198.931580 	 43533.738094 	 2433680740.969385 
1998060 	 138.397399 	 173.884864 	 36500.450896 	 1985571427.347792 
1998061 	 -125.140024 	 150.127861 	 29892.889300 	 1594214588.336447 
1998062 	 -162.663599 	 172.101658 	 35130.684859 	 1822484609.205210 
1998063 	 -198.482662 	 198.482662 	 41962.773652 	 2148660274.730825 
1998064 	 115.259099 	 128.889314 	 22962.931480 	 1052746641.401848 
1998065 	 159.514321 	 175.272978 	 37350.292186 	 2098556485.269033 
1998066 	 -141.111093 	 141.115019 	 24227.122138 	 1092080114.288674 
1998067 	 44.237937 	 163.744529 	 34518.881930 	 1998284035.293551 
1998068 	 -189.262028 	 189.825358 	 40407.001653 	 2192155250.187287 
1998069 	 -7.022461 	 142.702262 	 26223.261165 	 1249474342.773474 
1998070 	 -208.848855 	 208.862285 	 48608.009081 	 3104031353.955829 
1998071 	 -128.751413 	 135.847155 	 25399.798892 	 1218298911.973520 
1998072 	 -86.358230 	 195.889659 	 42335.608235 	 2335692183.524529 
1998073 	 9.151114 	 165.022407 	 32996.749815 	 1636064109.304185 
1998074 	 71.800170 	 175.228835 	 40406.570476 	 2611462821.461777 
1998075 	 -163.638091 	 165.346987 	 33212.574334 	 1649499130.607208 
1998076 	 -167.635868 	 174.910206 	 37287.614808 	 2091914613.171547 
1998077 	 -210.980418 	 210.980418 	 47470.977250 	 2722997682.220557 
1998078 	 -197.614630 	 197.614630 	 41597.633197 	 2094542310.120933 
1998079 	 -144.121655 	 167.908236 	 33758.895400 	 1665653965.693707 
1998080 	 -57.795867 	 185.984393 	 40004.480570 	 2105273929.796384 
1998081 	 -192.612762 	 192.612762 	 40136.274877 	 2025065110.916534 
1998082 	 -122.720804 	 126.040540 	 20154.617031 	 681278384.803112 
1998083 	 -116.547038 	 193.406743 	 42343.993378 	 2383591717.545416 
1998084 	 85.531333 	 180.921097 	 37524.700280 	 2005988781.364680 
1998085 	 -179.088283 	 179.283099 	 37135.493767 	 1965291229.861560 
1998086 	 -121.348544 	 140.795629 	 24706.428103 	 1014024602.865844 
1998087 	 181.562192 	 188.862513 	 42096.755185 	 2422829046.279434 
1998088 	 69.454279 	 201.178338 	 46410.248310 	 2817882302.459711 
1998089 	 156.631242 	 168.116670 	 37300.492644 	 2274406926.606610 
1998090 	 -210.030476 	 213.380853 	 50776.139772 	 3236764225.676849 
1998091 	 49.963880 	 186.975215 	 40219.225720 	 2286458253.696040 
1998092 	 199.802749 	 199.802749 	 43573.692913 	 2462186673.699914 
1998093 	 147.531399 	 152.194190 	 29799.231500 	 1543957958.775742 
1998094 	 -148.872988 	 152.688088 	 29654.784515 	 1501594029.676439 
1998095 	 -122.138745 	 156.288897 	 29550.317441 	 1381621935.207194 
1998096 	 -191.844327 	 191.844327 	 39195.588722 	 1887148765.352973 
1998097 	 28.093536 	 176.114089 	 35819.085956 	 1793687451.271324 
1998098 	 190.027482 	 190.177897 	 41195.904414 	 2263310785.447656 
1998099 	 203.150124 	 203.359221 	 45943.260324 	 2688494401.926641 
1998100 	 -123.370931 	 193.128696 	 42799.454889 	 2430263467.316353 
1998101 	 -196.235340 	 196.467254 	 42451.708608 	 2256830629.752501 
1998102 	 -188.941627 	 188.941627 	 39601.442637 	 2124835394.198484 
1998103 	 92.185972 	 153.781144 	 29425.984688 	 1476792553.126683 
1998104 	 -37.325187 	 148.298097 	 26496.297385 	 1129375590.999718 
1998105 	 158.361585 	 158.362172 	 29315.721896 	 1309084087.746677 
1998106 	 208.152467 	 208.152467 	 45342.898277 	 2426145396.712545 
1998107 	 138.275338 	 148.365502 	 26352.497178 	 1127171726.122253 
1998108 	 -3.396704 	 170.640521 	 36376.471258 	 2032801326.568740 
1998109 	 -121.611910 	 187.395944 	 39630.851236 	 2107866186.326417 
1998110 	 -190.442990 	 190.556157 	 39934.558501 	 2066551502.798923 
1998111 	 -59.191302 	 207.151893 	 46409.681728 	 2701442172.677201 
1998112 	 73.114643 	 160.582630 	 31248.468413 	 1495058619.768108 
1998113 	 -202.575669 	 203.501901 	 44735.149296 	 2486729585.142355 
1998114 	 -191.579713 	 191.579713 	 40873.658947 	 2173866751.747614 
1998115 	 -70.725114 	 167.440340 	 33011.826937 	 1591075755.198380 
1998116 	 154.180158 	 154.816440 	 29959.488364 	 1545993614.424792 
1998117 	 197.070441 	 197.070441 	 41884.734255 	 2197330260.161269 
1998118 	 151.207484 	 180.469693 	 37100.071163 	 1891855714.906433 
1998119 	 -43.829775 	 195.169015 	 42837.026973 	 2435582198.339420 
1998120 	 121.497031 	 150.513658 	 29221.493870 	 1465966915.823025 
1998121 	 193.052559 	 193.251187 	 42718.952761 	 2544983180.715128 
1998122 	 136.354476 	 149.866045 	 28634.713401 	 1413885602.617291 
1998123 	 125.363734 	 133.244272 	 22809.253721 	 916804177.086216 
1998124 	 142.180125 	 183.499670 	 39553.209125 	 2242465777.029691 
1998125 	 -177.517802 	 177.526364 	 35582.139498 	 1748766295.947763 
1998126 	 -88.587061 	 136.619811 	 24589.540952 	 1010396038.309826 
1998127 	 174.526812 	 181.801436 	 38443.537285 	 2086071909.527183 
1998128 	 -43.671267 	 126.702554 	 23030.965846 	 1096886129.008713 
1998129 	 -139.470607 	 162.433350 	 34473.139579 	 1950289701.805826 
1998130 	 -181.808366 	 181.825889 	 37542.107241 	 1945951968.341041 
1998131 	 -170.455647 	 175.340177 	 38497.768468 	 2375416588.414237 
1998132 	 -198.001662 	 198.001662 	 43442.778612 	 2474586968.609211 
1998133 	 -138.312247 	 141.087296 	 26944.952805 	 1354754252.012094 
1998134 	 79.473668 	 148.895933 	 27668.977089 	 1332730837.589936 
1998135 	 -77.908091 	 128.104975 	 23003.773589 	 1081614668.251876 
1998136 	 20.589316 	 114.204338 	 18030.773000 	 642830853.759427 
1998137 	 -94.535438 	 169.400467 	 35098.214935 	 1933138897.562010 
1998138 	 -208.728532 	 208.728532 	 45703.935550 	 2453186096.004814 
1998139 	 -167.950093 	 168.392427 	 33261.718590 	 1593822100.098571 
1998140 	 -66.243440 	 181.889200 	 38503.983359 	 2023888310.626328 
1998141 	 -158.401544 	 161.630061 	 31649.602349 	 1612130284.024291 
1998142 	 -214.795472 	 214.795472 	 49105.916859 	 2895311900.555814 
1998143 	 -208.054149 	 208.054149 	 47127.415855 	 2771248055.920362 
1998144 	 -159.314742 	 174.264661 	 35490.322266 	 1764575589.105035 
1998145 	 151.259458 	 166.933015 	 33609.132577 	 1733952021.484709 
1998146 	 -187.981842 	 188.190716 	 40256.348511 	 2186741140.982935 
1998147 	 -215.366351 	 215.366351 	 48539.568868 	 2741969605.469259 
1998148 	 7.093504 	 175.498242 	 38113.866585 	 2222830539.609843 
1998149 	 -101.305928 	 143.062781 	 25584.635547 	 1049795996.547891 
1998150 	 -181.131422 	 181.474235 	 38345.705271 	 2120090569.154593 
1998151 	 -219.952085 	 219.952085 	 50301.702847 	 2864588898.862566 
1998152 	 -218.469989 	 218.469989 	 50918.642423 	 3167483259.114777 
1998153 	 90.799342 	 169.233283 	 32207.560184 	 1415014177.005944 
1998154 	 -144.006496 	 165.145506 	 33740.201711 	 1757435164.548396 
1998155 	 -33.679775 	 179.384772 	 37784.908290 	 2152651623.463028 
1998156 	 28.564262 	 180.916302 	 38257.483183 	 2013822998.873982 
1998157 	 52.118687 	 166.238065 	 32340.695275 	 1580478796.521607 
1998158 	 18.938947 	 204.005838 	 45206.135468 	 2574166673.507667 
1998159 	 59.616287 	 144.943268 	 27325.748656 	 1304735245.761374 
1998160 	 -77.298948 	 153.606059 	 29724.177645 	 1477683509.061123 
1998161 	 43.578333 	 138.889801 	 25853.588481 	 1260047702.585359 
1998162 	 -201.248880 	 201.248880 	 43549.984856 	 2368793738.222758 
1998163 	 -168.233895 	 168.306426 	 32366.367154 	 1489710167.765682 
1998164 	 -201.467098 	 202.148162 	 45863.113680 	 2662603344.286318 
1998165 	 -87.789997 	 161.661467 	 31866.299018 	 1595891919.270231 
1998166 	 144.263720 	 203.603525 	 46236.365873 	 2770846209.014383 
1998167 	 -185.003375 	 187.603934 	 39800.670339 	 2074695174.515186 
1998168 	 21.343497 	 181.149055 	 40347.349555 	 2428695758.599917 
1998169 	 -139.944466 	 165.502142 	 33072.472732 	 1694623512.793213 
1998170 	 122.262526 	 163.145454 	 32293.509964 	 1593425324.803796 
1998171 	 -43.833785 	 134.254485 	 23953.982816 	 1056938078.942525 
1998172 	 -2.053236 	 161.209855 	 33419.091245 	 1966784745.769984 
1998173 	 -208.729841 	 214.117442 	 51511.299457 	 3312437039.372603 
1998174 	 129.842984 	 202.858250 	 45503.501245 	 2639209775.569211 
1998175 	 188.662843 	 188.662843 	 39415.285588 	 2086667496.789302 
1998176 	 113.623643 	 156.479519 	 29401.565610 	 1349856521.935452 
1998177 	 169.874190 	 172.359106 	 34861.072389 	 1802283610.758120 
1998178 	 -167.622323 	 190.229445 	 41294.271941 	 2257215747.400698 
1998179 	 120.371754 	 162.048323 	 32776.549756 	 1711990929.676389 
1998180 	 -122.849209 	 173.870635 	 35589.907862 	 1821939381.035057 
1998181 	 -8.058138 	 123.035395 	 19998.367253 	 772080589.428814 
1998182 	 -13.602623 	 169.126970 	 34056.871712 	 1785396586.566808 
1998183 	 -77.228228 	 170.010328 	 35437.174563 	 1935441891.360857 
1998184 	 -87.398023 	 192.869357 	 42870.518092 	 2472423628.887274 
1998185 	 47.569262 	 194.809527 	 43317.457245 	 2492833588.261306 
1998186 	 -190.536499 	 191.002526 	 41342.321844 	 2366578279.477496 
1998187 	 -203.610708 	 203.610708 	 45159.334176 	 2647958804.099329 
1998188 	 77.302766 	 187.483588 	 39879.493842 	 2171297226.788265 
1998189 	 3.412269 	 152.321401 	 30281.029309 	 1564986483.017247 
1998190 	 193.746823 	 194.260655 	 43582.104132 	 2671219554.030694 
1998191 	 229.488530 	 229.488530 	 54302.854336 	 3289045893.541043 
1998192 	 -21.652413 	 158.729607 	 30606.432004 	 1432460421.516076 
1998193 	 176.211533 	 177.283742 	 36867.654536 	 1955909064.043530 
1998194 	 210.101546 	 210.101546 	 46413.746541 	 2539256807.694734 
1998195 	 185.454958 	 185.454958 	 38680.444962 	 1980949091.979348 
1998196 	 176.635177 	 176.635177 	 35671.683185 	 1808301366.722834 
1998197 	 88.343993 	 182.807220 	 38325.938830 	 2050373614.030917 
1998198 	 -174.325485 	 174.606051 	 35241.846390 	 1756542614.587924 
1998199 	 -194.289571 	 194.289571 	 41065.763506 	 2134776365.388833 
1998200 	 -67.647440 	 158.515798 	 31709.766387 	 1595703929.660864 
1998201 	 -184.717880 	 184.717880 	 38018.154960 	 1935772491.011420 
1998202 	 119.092410 	 143.606829 	 26746.222972 	 1266364364.298422 
1998203 	 213.542468 	 214.152045 	 49159.443422 	 2873873095.372789 
1998204 	 199.388301 	 199.388301 	 42809.319609 	 2255686522.315189 
1998205 	 75.595819 	 180.149869 	 38475.629507 	 2171023786.852236 
1998206 	 45.146518 	 176.885865 	 38167.581520 	 2187123896.213686 
1998207 	 117.712062 	 137.366590 	 26676.161689 	 1354735697.945775 
1998208 	 -143.117858 	 148.915145 	 29219.400664 	 1400214690.994405 
1998209 	 91.279926 	 165.363044 	 32536.100023 	 1659650025.293497 
1998210 	 191.656200 	 191.914776 	 41284.539983 	 2284719223.764906 
1998211 	 198.128585 	 198.137072 	 42263.816403 	 2174676603.668111 
1998212 	 16.367378 	 161.806604 	 32915.452552 	 1668843980.525057 
1998213 	 3.867056 	 182.069633 	 37897.529599 	 2008256268.824429 
1998214 	 49.596871 	 180.599735 	 38165.371160 	 2018630990.310275 
1998215 	 -53.098009 	 195.461608 	 42565.549942 	 2387129554.269912 
1998216 	 -205.134017 	 205.137302 	 45883.231663 	 2691007122.528067 
1998217 	 -7.037035 	 157.371088 	 30722.700828 	 1473557246.601100 
1998218 	 -158.631133 	 160.827022 	 30698.392589 	 1397575330.163530 
1998219 	 -219.810961 	 219.810961 	 50920.828055 	 3098930133.101543 
1998220 	 -212.195320 	 212.195320 	 48250.509595 	 2835077094.568601 
1998221 	 -164.509446 	 170.499306 	 35498.936147 	 1866241840.382213 
1998222 	 -191.538779 	 191.624586 	 40780.253757 	 2166697411.506459 
1998223 	 -98.597136 	 119.946781 	 20670.532444 	 899918915.537333 
1998224 	 169.170675 	 169.219260 	 33127.911039 	 1561312582.954451 
1998225 	 220.007092 	 220.007092 	 51631.016104 	 3236343951.379366 
1998226 	 199.921245 	 199.921245 	 42158.818474 	 2119809454.589420 
1998227 	 219.986479 	 219.986479 	 50527.909098 	 2947730461.965821 
1998228 	 -171.667602 	 185.573605 	 40814.546191 	 2335258492.514977 
1998229 	 108.485979 	 167.374754 	 32889.429102 	 1617467221.054498 
1998230 	 -55.800749 	 114.813979 	 19213.003393 	 815788083.503551 
1998231 	 -190.491507 	 190.522264 	 40323.794552 	 2161179636.542984 
1998232 	 -108.854261 	 125.727048 	 21845.955053 	 971819335.897295 
1998233 	 185.288940 	 186.051412 	 39142.611991 	 2098422530.491110 
1998234 	 235.038761 	 235.038761 	 57135.323981 	 3669704463.211171 
1998235 	 209.469644 	 209.469644 	 46564.056593 	 2610416887.608538 
1998236 	 137.207737 	 140.850645 	 25262.475944 	 1116812014.893977 
1998237 	 -121.104034 	 173.288041 	 34665.039542 	 1690221129.539116 
1998238 	 20.396905 	 172.978951 	 36271.869188 	 1837771423.082997 
1998239 	 -152.082515 	 193.460922 	 41021.861751 	 2158953473.897095 
1998240 	 -59.032443 	 198.298062 	 43747.069744 	 2460194943.430999 
1998241 	 184.004038 	 186.956999 	 40010.439696 	 2110189911.062224 
1998242 	 184.370477 	 185.318007 	 39981.607752 	 2257204819.021889 
1998243 	 129.253720 	 134.222640 	 22306.347371 	 865337647.859679 
1998244 	 114.068725 	 130.790513 	 23122.474919 	 987526572.486345 
1998245 	 -166.844961 	 178.853659 	 38287.541642 	 2176748077.509368 
1998246 	 -184.111789 	 184.363307 	 38615.216318 	 2033734201.205773 
1998247 	 -83.750978 	 146.956814 	 28539.817577 	 1446016166.401867 
1998248 	 -146.502019 	 199.660632 	 43847.080121 	 2418145251.241275 
1998249 	 -87.220004 	 175.335926 	 36447.068891 	 1939971530.760746 
1998250 	 -169.380095 	 169.412003 	 31699.923054 	 1331445555.615555 
1998251 	 -22.355274 	 178.342972 	 36811.407236 	 1868309054.951445 
1998252 	 95.524825 	 192.242260 	 40766.348223 	 2129476207.742847 
1998253 	 -51.479102 	 186.538897 	 39678.327764 	 2202285421.493564 
1998254 	 174.246689 	 175.259787 	 34250.563017 	 1549935243.103150 
1998255 	 189.222623 	 189.333928 	 41543.068170 	 2402379092.337609 
1998256 	 220.409015 	 220.409015 	 51816.839832 	 3187683443.984644 
1998257 	 173.555648 	 173.558604 	 33750.669068 	 1554307216.193916 
1998258 	 -14.728342 	 203.865802 	 46692.837336 	 2908793485.266523 
1998259 	 -210.559430 	 210.559430 	 47377.570827 	 2659457923.292781 
1998260 	 -181.857317 	 181.857317 	 34965.913236 	 1466007064.935287 
1998261 	 -171.952315 	 171.991801 	 34641.429835 	 1797449444.121205 
1998262 	 115.155668 	 167.283294 	 34184.109494 	 1845835477.405486 
1998263 	 40.864841 	 169.932596 	 33776.053520 	 1685285302.098141 
1998264 	 -55.762880 	 142.699296 	 26309.346010 	 1167807872.553146 
1998265 	 62.827842 	 112.940204 	 18027.151918 	 678752762.326474 
1998266 	 -89.386546 	 177.323668 	 38537.295766 	 2197498376.503151 
1998267 	 -12.600675 	 184.950155 	 41180.309272 	 2502694920.797002 
1998268 	 -131.905942 	 150.709737 	 29739.954857 	 1554138405.833167 
1998269 	 194.609654 	 195.075713 	 41773.963176 	 2190711638.797591 
1998270 	 15.677391 	 133.241642 	 23556.289116 	 984085995.613358 
1998271 	 -139.377856 	 150.528238 	 29026.074201 	 1501282636.935198 
1998272 	 -86.902982 	 189.044410 	 42245.604229 	 2419864539.590231 
1998273 	 197.080881 	 197.080881 	 42311.608619 	 2246556583.857364 
1998274 	 27.026217 	 129.354535 	 24440.588772 	 1210349819.469429 
1998275 	 -138.073781 	 159.029830 	 31026.520217 	 1490461299.710761 
1998276 	 -190.100853 	 190.520473 	 40076.948224 	 2109614230.941357 
1998277 	 -203.999094 	 203.999094 	 43705.051205 	 2227702604.067177 
1998278 	 -198.705162 	 198.705162 	 42338.658979 	 2256850819.868091 
1998279 	 -69.129520 	 171.273541 	 34438.784441 	 1789040880.290050 
1998280 	 6.207042 	 195.534270 	 41863.901249 	 2197797780.821153 
1998281 	 -125.215876 	 199.572464 	 43403.519615 	 2386828540.812857 
1998282 	 -2.020660 	 163.882223 	 32165.084510 	 1586131070.947508 
1998283 	 152.132558 	 152.651060 	 28351.472596 	 1285889746.095430 
1998284 	 12.658782 	 165.876670 	 34043.923435 	 1752495831.731363 
1998285 	 -177.956186 	 185.658642 	 40733.878597 	 2358634799.080112 
1998286 	 203.812472 	 203.812472 	 45005.150826 	 2605537419.328612 
1998287 	 152.532751 	 154.948241 	 30339.554085 	 1423706620.209627 
1998288 	 198.129570 	 198.238614 	 43363.763634 	 2385268718.428470 
1998289 	 66.648425 	 138.405107 	 23559.189037 	 945747918.635618 
1998290 	 -11.947681 	 164.867935 	 33870.293523 	 1743998213.892223 
1998291 	 -126.193536 	 160.456187 	 32455.936322 	 1693847256.384457 
1998292 	 190.716344 	 197.197985 	 45179.811622 	 2854821328.684879 
1998293 	 3.570859 	 152.120897 	 29870.082851 	 1552164285.185881 
1998294 	 -107.172624 	 155.797045 	 30679.448182 	 1554937143.445443 
1998295 	 194.510499 	 194.510499 	 41466.474105 	 2256255583.307326 
1998296 	 192.242253 	 192.242253 	 41348.997432 	 2244810463.341526 
1998297 	 -172.328711 	 177.974740 	 37550.412512 	 2024465390.345582 
1998298 	 -188.742972 	 189.066656 	 41793.717589 	 2512523450.619778 
1998299 	 -229.995730 	 229.995730 	 54629.796168 	 3333628200.445765 
1998300 	 -194.943833 	 201.144502 	 44200.757306 	 2476031898.791159 
1998301 	 29.974736 	 102.948479 	 15648.291891 	 555317932.202185 
1998302 	 -194.471060 	 194.471060 	 41839.767159 	 2294705270.591637 
1998303 	 -54.405287 	 122.261579 	 21114.718002 	 997148297.357593 
1998304 	 -172.594641 	 172.635562 	 33541.704638 	 1492124542.808020 
1998305 	 -235.874983 	 235.874983 	 57485.844538 	 3688461834.290688 
1998306 	 -29.249250 	 205.324030 	 47445.502068 	 2960692911.335319 
1998307 	 174.498577 	 175.171759 	 35877.505736 	 1773173937.486902 
1998308 	 211.285906 	 211.285906 	 48435.761847 	 2889886224.046393 
1998309 	 207.796305 	 207.796305 	 46928.922256 	 2831090705.883540 
1998310 	 162.702893 	 164.230053 	 34746.490887 	 2022836007.788831 
1998311 	 209.753744 	 209.753744 	 46412.736446 	 2592115346.025630 
1998312 	 215.724520 	 215.724520 	 48358.926272 	 2648082222.855852 
1998313 	 2.318414 	 177.132134 	 37221.561526 	 2065559660.006592 
1998314 	 -129.462155 	 200.872843 	 44439.226755 	 2509758163.209881 
1998315 	 -101.579011 	 169.926876 	 33742.464500 	 1674955673.409086 
1998316 	 177.233194 	 178.983543 	 37812.245623 	 2143971945.731523 
1998317 	 192.070585 	 193.549001 	 42832.261931 	 2500925904.556840 
1998318 	 210.409139 	 210.459543 	 49340.702911 	 3149433458.570739 
1998319 	 202.686170 	 202.686170 	 44587.560263 	 2518861040.049651 
1998320 	 166.818163 	 172.035836 	 35999.352222 	 2027697426.485992 
1998321 	 215.770258 	 215.770258 	 49779.116111 	 2964942956.115148 
1998322 	 179.660645 	 180.485510 	 38167.120847 	 2136925231.249500 
1998323 	 142.028290 	 161.730376 	 32504.145808 	 1738679147.110367 
1998324 	 211.334263 	 212.891466 	 48663.837994 	 2838527949.933433 
1998325 	 119.414145 	 200.991583 	 46266.163594 	 2867503219.646936 
1998326 	 -123.971382 	 177.327238 	 37382.704715 	 1960656369.369854 
1998327 	 74.744818 	 185.066534 	 38455.102346 	 2006597189.170578 
1998328 	 -1.996351 	 199.682298 	 45356.550746 	 2760860912.792050 
1998329 	 106.997699 	 128.930849 	 23495.279348 	 1147095370.559617 
1998330 	 176.555857 	 176.597728 	 34942.851507 	 1661402344.832325 
1998331 	 76.335652 	 186.625297 	 39047.189663 	 2014152420.860562 
1998332 	 126.095777 	 140.379260 	 24415.716503 	 986654376.169974 
1998333 	 -17.610262 	 171.465371 	 34156.909810 	 1738514778.539661 
1998334 	 -188.566837 	 188.566837 	 38113.233607 	 1770853544.533849 
1998335 	 138.117998 	 144.736148 	 27112.058427 	 1234300465.468686 
1998336 	 -109.616552 	 161.740445 	 31738.824076 	 1576348825.583311 
1998337 	 -107.144581 	 163.827890 	 33348.381167 	 1665356688.368279 
1998338 	 151.236007 	 204.951489 	 45496.374942 	 2625063611.791588 
1998339 	 176.811399 	 178.100682 	 37466.186743 	 2012124892.484210 
1998340 	 -60.983606 	 173.359631 	 34804.311412 	 1756650490.522804 
1998341 	 -159.983625 	 159.985772 	 29089.309441 	 1188306812.543581 
1998342 	 188.246427 	 192.047759 	 42278.046708 	 2438582323.036804 
1998343 	 102.455721 	 208.745790 	 47559.864830 	 2831772631.385148 
1998344 	 218.819710 	 218.819710 	 50777.594561 	 3080010020.625634 
1998345 	 26.499228 	 145.478826 	 25561.023309 	 1029958577.761103 
1998346 	 -147.008319 	 155.373681 	 32247.318359 	 1805886403.321420 
1998347 	 -185.664742 	 185.788047 	 38939.033450 	 2068733464.398474 
1998348 	 75.236840 	 164.100937 	 32667.496896 	 1673098008.381087 
1998349 	 -136.226973 	 145.398189 	 30431.159747 	 1717938234.525229 
1998350 	 -229.822540 	 229.822540 	 54810.429430 	 3395693133.077110 
1998351 	 -170.876250 	 184.689979 	 39584.516075 	 2168090521.942296 
1998352 	 -114.367868 	 178.180134 	 38023.683854 	 2147530894.468048 
1998353 	 142.020309 	 186.906000 	 41966.425638 	 2528072332.314824 
1998354 	 166.151893 	 167.298350 	 33631.938826 	 1672190421.619443 
1998355 	 110.734938 	 129.181516 	 22557.276589 	 964318061.036402 
1998356 	 161.020489 	 167.639389 	 31617.323447 	 1330624224.412124 
1998357 	 20.650814 	 80.929029 	 9563.601345 	 210557519.515483 
1998358 	 13.387493 	 146.554615 	 28774.784639 	 1549461558.854278 
1998359 	 -147.640037 	 159.346612 	 30538.335093 	 1402151443.134566 
1998360 	 -144.407348 	 155.763280 	 31730.225929 	 1778642229.195114 
1998361 	 -165.699489 	 168.414362 	 33655.816513 	 1728406360.496388 
1998362 	 -19.017799 	 123.821615 	 22847.788832 	 1167465246.582678 
1998363 	 91.221621 	 150.687500 	 30101.946938 	 1571935750.290911 
1998364 	 178.595159 	 178.595159 	 35588.040460 	 1751564010.167778 
1998365 	 112.131251 	 127.437234 	 23672.775046 	 1226734437.191933 
1998366 	 -208.581274 	 208.581274 	 45957.313551 	 2517511583.989415 
1998367 	 -152.475547 	 155.054461 	 29826.726270 	 1434180470.638539 
1998368 	 -2.663633 	 127.829618 	 23912.805457 	 1314464437.782556 
1998369 	 103.514733 	 161.256812 	 31580.080171 	 1535197486.211801 
1998370 	 26.441208 	 180.662621 	 37860.068396 	 2026360785.915667 
1998371 	 -119.709157 	 214.259156 	 50077.017605 	 3076568579.356814 
1998372 	 -33.400713 	 214.079011 	 49718.098471 	 3020978141.073343 
1998373 	 -110.342210 	 127.898720 	 22724.960214 	 1059076858.105799 
1998374 	 -220.280349 	 220.280349 	 51351.044756 	 3142856553.791392 
1998375 	 93.379528 	 143.272893 	 26667.580023 	 1252128498.394607 
1998376 	 208.667981 	 208.667981 	 46349.327647 	 2652973056.645564 
1998377 	 4.116611 	 177.296699 	 36917.506452 	 2017315997.250599 
1998378 	 22.413105 	 132.694580 	 20497.143540 	 620400604.620469 
1998379 	 70.926255 	 152.531306 	 28499.058982 	 1320185050.463947 
1998380 	 41.648840 	 146.882589 	 28442.946612 	 1405675117.895987 
1998381 	 -47.960794 	 154.449847 	 28887.858092 	 1347723098.137977 
1998382 	 -138.917184 	 139.720232 	 24411.388852 	 1036148199.215413 
1998383 	 181.496431 	 182.148392 	 39300.106918 	 2284796006.507721 
1998384 	 -86.973172 	 188.640840 	 41346.576051 	 2372739486.750487 
1998385 	 -216.839825 	 216.839825 	 49009.256023 	 2753284907.990337 
1998386 	 -116.865639 	 175.515773 	 35220.513719 	 1759477979.460523 
1998387 	 29.709847 	 184.122661 	 39874.723961 	 2243884325.607034 
1998388 	 -175.798742 	 188.231136 	 38910.964578 	 1928171173.752301 
1998389 	 -84.496357 	 186.063803 	 40951.425557 	 2439535148.814280 
1998390 	 151.100204 	 160.490766 	 31238.597144 	 1492403251.682848 
1998391 	 59.471038 	 139.284634 	 24759.174438 	 1037847813.300102 
1998392 	 -196.916558 	 198.021338 	 44982.488673 	 2726114023.289438 
1998393 	 136.325089 	 168.528419 	 35663.102107 	 2032774478.657045 
1998394 	 187.157423 	 187.164091 	 39286.992963 	 2114428953.056862 
1998395 	 -122.812816 	 173.422580 	 34691.433708 	 1700389835.916806 
1998396 	 167.455684 	 168.274892 	 33204.912260 	 1603648182.973865 
1998397 	 222.887700 	 222.887700 	 51681.565547 	 3041318067.636312 
1998398 	 191.251113 	 191.251113 	 39774.720260 	 2010803808.504160 
1998399 	 223.472236 	 223.472236 	 51831.356451 	 3045219971.985256 
1998400 	 -75.788474 	 138.357854 	 24085.706462 	 979441053.223906 
1998401 	 -193.721950 	 195.838632 	 43271.099213 	 2417466561.703664 
1998402 	 -105.442944 	 157.599690 	 32903.723445 	 1832996953.402218 
1998403 	 203.434310 	 203.446430 	 45772.565210 	 2675016925.246416 
1998404 	 134.794559 	 148.623894 	 28964.929314 	 1408412912.070515 
1998405 	 -44.895972 	 158.348182 	 30492.915099 	 1368885494.990624 
1998406 	 -194.853110 	 194.853110 	 42341.747333 	 2327364137.331455 
1998407 	 -195.952201 	 195.952201 	 41367.912553 	 2151972514.476843 
1998408 	 -181.590633 	 181.758844 	 38848.283421 	 2205201568.427164 
1998409 	 -164.383315 	 164.511672 	 30814.289225 	 1344019899.909753 
1998410 	 -186.627749 	 186.845550 	 39994.517156 	 2183887493.756158 
1998411 	 -172.704181 	 173.316210 	 35275.577636 	 1795183324.811222 
1998412 	 -31.056709 	 188.271358 	 39217.355298 	 2036699320.204706 
1998413 	 220.830415 	 220.830415 	 50529.420404 	 2870800768.149787 
1998414 	 -68.249909 	 196.837082 	 43591.382115 	 2509389553.115407 
1998415 	 147.607104 	 174.533942 	 34042.154480 	 1555725723.977048 
1998416 	 -179.545043 	 183.020547 	 39664.068420 	 2267012458.686089 
1998417 	 -213.818761 	 213.818761 	 48644.708115 	 2861178090.469674 
1998418 	 -159.520920 	 166.279219 	 34555.173789 	 1805727886.189849 
1998419 	 24.847702 	 171.569146 	 35993.633011 	 1915297635.940936 
1998420 	 78.972387 	 153.664542 	 28034.322324 	 1259764410.823193 
1998421 	 -179.400545 	 183.047169 	 37474.446021 	 1951403804.438216 
1998422 	 -5.124344 	 130.679951 	 22461.065746 	 906810045.132182 
1998423 	 57.744556 	 163.411684 	 34317.762041 	 1855224625.142200 
1998424 	 -96.305930 	 148.478706 	 28995.176037 	 1424392575.910183 
1998425 	 162.892097 	 164.683776 	 31929.003567 	 1540499962.910926 
1998426 	 196.958520 	 196.958520 	 41551.578029 	 2145272023.681214 
1998427 	 200.998211 	 200.998211 	 42782.788415 	 2151271373.035807 
1998428 	 -12.194649 	 160.217650 	 31356.605172 	 1568859829.487676 
1998429 	 185.313947 	 188.945077 	 39224.875448 	 1948199957.516306 
1998430 	 217.876990 	 217.876990 	 51116.476422 	 3255870209.034361 
1998431 	 184.344128 	 184.579398 	 38833.052068 	 2086670701.836749 
1998432 	 110.539409 	 171.994751 	 34191.729968 	 1731396389.339611 
1998433 	 -179.708208 	 185.097681 	 39824.213500 	 2220691463.301219 
1998434 	 30.214167 	 136.844471 	 24329.311530 	 1122173676.180078 
1998435 	 -136.724462 	 143.138623 	 25550.469620 	 1037033218.482995 
1998436 	 -190.149270 	 190.149270 	 40004.700439 	 2125743835.182588 
1998437 	 -44.215781 	 151.693911 	 30171.403632 	 1574518782.559582 
1998438 	 190.584070 	 190.584070 	 40275.598023 	 2124649104.356989 
1998439 	 102.980724 	 192.943440 	 42621.406005 	 2428814660.207645 
1998440 	 -206.177065 	 206.177065 	 45451.724031 	 2555094548.949155 
1998441 	 -219.332323 	 219.332323 	 50898.738473 	 3090592845.272604 
1998442 	 -208.391688 	 208.391688 	 46065.858701 	 2568510615.603173 
1998443 	 -185.142374 	 185.142374 	 38676.479130 	 2071486376.521133 
1998444 	 21.837404 	 176.444612 	 35918.261548 	 1814431944.612275 
1998445 	 202.831558 	 202.831558 	 43462.774888 	 2261190671.493554 
1998446 	 196.112016 	 196.112016 	 41148.308728 	 2054780907.318921 
1998447 	 167.355071 	 179.865333 	 38255.494365 	 2036542533.849938 
1998448 	 -180.902361 	 181.136976 	 37630.694785 	 1932102307.104610 
1998449 	 -157.583434 	 164.109362 	 35164.920873 	 2137792238.968743 
1998450 	 -190.999133 	 191.082465 	 40788.997876 	 2197702748.568546 
1998451 	 -116.533957 	 159.151995 	 32076.084709 	 1601583070.656922 
1998452 	 -8.212888 	 181.923003 	 38231.723472 	 2033282758.848616 
1998453 	 -133.107124 	 205.920196 	 45633.830378 	 2571118642.563482 
1998454 	 80.511069 	 160.764263 	 33720.378411 	 1918323681.275628 
1998455 	 -126.887931 	 199.008175 	 44183.956138 	 2488853439.321223 
1998456 	 196.150069 	 196.150069 	 40710.099421 	 2012477949.703010 
1998457 	 149.370569 	 151.954556 	 29099.867004 	 1386768827.681303 
1998458 	 -80.036746 	 166.185484 	 33605.978052 	 1770451686.097012 
1998459 	 -83.304907 	 145.686600 	 30154.404803 	 1756900797.907853 
1998460 	 -175.953813 	 177.579792 	 36104.798817 	 1739965284.731246 
1998461 	 -223.357321 	 223.361486 	 53445.999466 	 3384100074.822591 
1998462 	 -186.949696 	 186.963821 	 39765.813121 	 2244213602.154109 
1998463 	 80.215001 	 159.957715 	 31879.453426 	 1612629662.435944 
1998464 	 -164.328921 	 187.554078 	 40316.066996 	 2232585457.315502 
1998465 	 33.872713 	 167.864665 	 34799.894584 	 1928794653.911246 
1998466 	 197.498578 	 198.284520 	 44331.258668 	 2598610277.654768 
1998467 	 179.933937 	 179.937658 	 36475.971770 	 1811362170.562530 
1998468 	 181.584729 	 182.471309 	 38525.121407 	 2078408628.097643 
1998469 	 187.465150 	 190.124669 	 42638.815403 	 2518575173.620676 
1998470 	 150.279644 	 150.897347 	 29505.426745 	 1514919264.260548 
1998471 	 68.404832 	 190.155571 	 41242.594013 	 2292171024.560585 
1998472 	 -224.202666 	 224.202666 	 53485.648669 	 3453200352.223872 
1998473 	 -30.262759 	 154.569215 	 31365.789630 	 1706369644.869569 
1998474 	 -29.419417 	 161.696010 	 31982.015169 	 1609677489.733261 
1998475 	 174.982047 	 175.756705 	 35172.731006 	 1709224437.301446 
1998476 	 212.328727 	 212.328727 	 47317.421491 	 2604228390.029005 
1998477 	 201.303475 	 201.864057 	 44859.428902 	 2559791761.027381 
1998478 	 180.111794 	 183.020907 	 39679.537942 	 2256481000.512284 
1998479 	 234.664608 	 234.664608 	 57213.769507 	 3726919313.657078 
1998480 	 85.954980 	 108.559626 	 17218.712442 	 652142549.858776 
1998481 	 106.024484 	 176.705247 	 36021.123456 	 1827509346.453020 
1998482 	 215.643695 	 215.643695 	 49036.714756 	 2852677519.878388 
1998483 	 224.738185 	 224.738185 	 53012.525425 	 3280209188.689343 
1998484 	 183.993215 	 184.269202 	 38147.736297 	 1952610338.202465 
1998485 	 205.852118 	 205.852118 	 45450.164261 	 2578563585.688941 
1998486 	 13.849063 	 132.648315 	 22367.283830 	 864519666.357876 
1998487 	 195.944899 	 200.833357 	 44662.361030 	 2582556018.444186 
1998488 	 57.341592 	 94.451424 	 12855.898391 	 383057177.472957 
1998489 	 -176.578465 	 181.440141 	 40219.060346 	 2436642644.967593 
1998490 	 218.996994 	 218.996994 	 50642.314953 	 3056597908.833080 
1998491 	 187.498858 	 187.498858 	 37940.066705 	 1831377297.148839 
1998492 	 -41.938799 	 146.621366 	 29002.869014 	 1517474040.840113 
1998493 	 199.637997 	 201.179460 	 44847.069230 	 2563121799.721478 
1998494 	 177.129331 	 177.129331 	 34474.112185 	 1566744685.728359 
1998495 	 87.323892 	 129.840882 	 23405.438992 	 1068962773.547145 
1998496 	 171.827409 	 185.872160 	 37535.033120 	 1751669900.364470 
1998497 	 -43.877821 	 151.455555 	 27920.060020 	 1287826044.532435 
1998498 	 163.314236 	 181.246433 	 38724.899884 	 2157550550.186470 
1998499 	 167.609704 	 167.721958 	 31784.477851 	 1391503078.389320 
1998500 	 88.043317 	 174.672221 	 34848.517465 	 1641166509.061570 
1998501 	 -185.481601 	 191.342680 	 43814.639118 	 2758504880.599109 
1998502 	 -153.830438 	 172.052027 	 35826.535208 	 1869436543.924594 
1998503 	 -74.400363 	 160.384809 	 32203.696959 	 1616506423.667169 
1998504 	 -154.463528 	 158.997410 	 31247.591992 	 1603063239.479871 
1998505 	 -71.653699 	 189.328637 	 39614.854086 	 2051726986.790421 
1998506 	 164.463345 	 165.676468 	 32643.079610 	 1664245468.115545 
1998507 	 -119.220929 	 164.123021 	 31449.569270 	 1446672534.202504 
1998508 	 -142.805252 	 148.646455 	 26618.363436 	 1187342497.767822 
1998509 	 182.063730 	 182.699904 	 37386.354111 	 1902196571.402414 
1998510 	 -50.718051 	 128.939113 	 22603.779996 	 972207681.233560 
1998511 	 -187.695782 	 187.695782 	 39593.254569 	 2162277536.865631 
1998512 	 -177.378478 	 179.388967 	 38463.740943 	 2122459446.945592 
1998513 	 -147.425853 	 180.720199 	 37206.849384 	 1929834308.944512 
1998514 	 -12.790377 	 149.814826 	 29711.457761 	 1596070024.122402 
1998515 	 87.705926 	 150.453131 	 28404.754161 	 1362742998.694873 
1998516 	 -167.508751 	 170.199745 	 34710.805227 	 1801579823.002467 
1998517 	 -211.528432 	 211.528432 	 48261.729802 	 2934209106.132894 
1998518 	 -120.552119 	 132.544022 	 24975.047010 	 1240479198.860787 
1998519 	 -159.290248 	 160.360439 	 30659.710741 	 1401896559.647703 
1998520 	 -181.517265 	 185.266631 	 39909.033092 	 2183051197.960445 
1998521 	 157.984098 	 168.892977 	 32076.341511 	 1417657282.369057 
1998522 	 -185.076219 	 193.452346 	 40826.182786 	 2090234961.580720 
1998523 	 -207.106979 	 207.106979 	 46370.392128 	 2696004138.296183 
1998524 	 -173.034265 	 173.728643 	 33850.035265 	 1535477508.822814 
1998525 	 -92.069264 	 111.325430 	 18058.428335 	 749050583.911795 
1998526 	 -173.682127 	 174.131361 	 34964.498364 	 1702613004.193458 
1998527 	 127.020077 	 132.677594 	 25038.156352 	 1303647252.253292 
1998528 	 -217.327550 	 217.327550 	 50188.208261 	 3004512384.332328 
1998529 	 -207.735746 	 207.735746 	 45691.968100 	 2505203403.012923 
1998530 	 -139.528773 	 155.610549 	 30563.905395 	 1475040341.806522 
1998531 	 -132.729538 	 162.070626 	 31684.343929 	 1509748515.636722 
1998532 	 197.750810 	 197.750810 	 42180.688483 	 2226907593.672822 
1998533 	 -57.133624 	 125.160971 	 19880.463158 	 718144342.581205 
1998534 	 157.668767 	 164.842174 	 32842.006271 	 1635112799.816861 
1998535 	 171.176144 	 173.345204 	 35524.576797 	 1834781335.056964 
1998536 	 13.998484 	 165.085867 	 33078.437527 	 1655254094.538831 
1998537 	 157.593129 	 165.152159 	 32166.948945 	 1490257981.174454 
1998538 	 61.730745 	 100.010667 	 13544.633869 	 352584554.498168 
1998539 	 137.231302 	 153.146584 	 28134.284292 	 1213615744.538851 
1998540 	 -13.913687 	 136.543352 	 24408.556739 	 1115400952.515140 
1998541 	 -214.340825 	 214.340825 	 48810.230870 	 2855207291.828848 
1998542 	 -148.277784 	 181.457236 	 40937.434994 	 2559959666.226901 
1998543 	 14.054789 	 191.059213 	 40573.550828 	 2164676950.017842 
1998544 	 17.861850 	 143.535603 	 26829.142178 	 1243638459.032683 
1998545 	 179.198663 	 179.198663 	 34961.448538 	 1589600891.327633 
1998546 	 53.763351 	 133.679409 	 24506.529896 	 1168123289.849762 
1998547 	 -167.596006 	 170.274006 	 31868.466962 	 1318957269.401142 
1998548 	 150.722715 	 196.566684 	 41332.175188 	 2096522895.363193 
1998549 	 210.766827 	 211.070767 	 48532.979680 	 2899345573.487156 
1998550 	 116.369359 	 146.496210 	 28692.211564 	 1530690104.042485 
1998551 	 7.290985 	 178.432746 	 39705.080502 	 2469771037.118632 
1998552 	 53.889493 	 152.647859 	 29150.186296 	 1380462336.229213 
1998553 	 -119.909462 	 159.613084 	 32973.714807 	 1824190850.045714 
1998554 	 -170.143072 	 180.487529 	 37218.838793 	 1869621582.552454 
1998555 	 -229.024292 	 229.024292 	 54409.392497 	 3331611460.429247 
1998556 	 -34.707011 	 133.944330 	 24750.203330 	 1171887518.202491 
1998557 	 -164.315161 	 168.735104 	 34151.375857 	 1774023471.900744 
1998558 	 -71.561007 	 184.329286 	 41320.327346 	 2548217097.088912 
1998559 	 -149.379310 	 149.500678 	 28364.351503 	 1427073022.423283 
1998560 	 32.873550 	 153.520507 	 28688.364573 	 1328772620.405827 
1998561 	 104.704905 	 140.123450 	 26204.182626 	 1315679246.810900 
1998562 	 181.580279 	 184.199280 	 38443.566971 	 1956196326.010805 
1998563 	 19.971635 	 141.540761 	 27474.519027 	 1514832864.606941 
1998564 	 172.014440 	 173.110666 	 34383.779587 	 1660486375.512531 
1998565 	 -130.392910 	 144.652812 	 26566.959846 	 1170809902.791286 
1998566 	 -191.846213 	 191.846213 	 39757.768662 	 2005860193.689298 
1998567 	 -75.748077 	 152.597234 	 30648.141529 	 1623976417.684966 
1998568 	 177.993367 	 181.479354 	 38572.727897 	 2079644353.994703 
1998569 	 140.153494 	 149.438552 	 30399.857645 	 1654761342.326961 
1998570 	 127.462336 	 189.828206 	 40526.885923 	 2153231948.746145 
1998571 	 30.493673 	 174.223732 	 36113.588608 	 1930540299.520141 
1998572 	 -149.987742 	 166.698144 	 32671.590694 	 1562842604.248704 
1998573 	 32.763593 	 161.062284 	 30188.233726 	 1309560227.208632 
1998574 	 176.221062 	 176.302366 	 34993.447853 	 1674517570.096652 
1998575 	 194.656263 	 196.366109 	 44378.414649 	 2639468438.901858 
1998576 	 131.045962 	 144.114622 	 27256.140289 	 1322130865.309354 
1998577 	 166.367178 	 169.253164 	 33421.702977 	 1564632415.669851 
1998578 	 109.263344 	 194.668309 	 42498.412141 	 2387693233.671059 
1998579 	 -183.378345 	 184.657247 	 39458.631281 	 2168067734.402906 
1998580 	 -85.876919 	 147.571111 	 26654.214087 	 1152436192.156431 
1998581 	 45.686208 	 179.550339 	 38685.593092 	 2223826695.319880 
1998582 	 -121.271872 	 174.654785 	 35515.933239 	 1855943534.780089 
1998583 	 -100.275975 	 186.907170 	 38306.828757 	 1867696705.462171 
1998584 	 -172.703992 	 183.061226 	 38990.755068 	 2066834829.673895 
1998585 	 -177.389872 	 180.076677 	 38122.325238 	 2020666853.442659 
1998586 	 -18.170033 	 178.862044 	 38361.011981 	 2173564312.542724 
1998587 	 205.807943 	 205.807943 	 45255.733567 	 2486503169.806743 
1998588 	 -11.525405 	 173.509524 	 34289.781019 	 1626149658.473831 
1998589 	 116.959069 	 150.763714 	 26479.350607 	 1042186274.994320 
1998590 	 -93.860614 	 173.818836 	 34488.472652 	 1674916510.185412 
1998591 	 -152.653287 	 160.209726 	 31685.014390 	 1561622547.864793 
1998592 	 -12.144498 	 124.120388 	 21549.797911 	 945343391.703437 
1998593 	 203.024021 	 203.024021 	 44874.379481 	 2506928729.939688 
1998594 	 61.242857 	 197.410389 	 43593.087386 	 2461452989.699956 
1998595 	 -193.823991 	 193.823991 	 41808.369441 	 2349358741.436395 
1998596 	 -194.814662 	 194.814662 	 41507.972534 	 2227296148.436231 
1998597 	 -156.758314 	 179.927314 	 37342.177084 	 1953522705.998536 
1998598 	 -38.585495 	 173.989363 	 35115.763481 	 1833889674.016373 
1998599 	 211.100846 	 211.100846 	 47105.469257 	 2606505865.744813 
1998600 	 98.511298 	 144.859627 	 27165.649643 	 1278718555.031178 
1998601 	 93.440374 	 187.319303 	 39909.228768 	 2120643197.279298 
1998602 	 222.152295 	 222.152295 	 52098.147129 	 3243489672.709137 
1998603 	 121.489359 	 129.117905 	 23511.136286 	 1114021182.139947 
1998604 	 -23.323107 	 141.536631 	 25089.268300 	 1031901271.882692 
1998605 	 -218.050613 	 218.050613 	 49601.582370 	 2825762735.556438 
1998606 	 37.964593 	 129.805140 	 21275.119651 	 772559107.417806 
1998607 	 105.462268 	 168.088752 	 32735.823138 	 1551532461.415606 
1998608 	 152.967121 	 158.425082 	 33446.641084 	 1879023486.779995 
1998609 	 -86.956319 	 147.755409 	 28136.079462 	 1356829150.531880 
1998610 	 137.897595 	 205.260380 	 46847.665015 	 2884525477.317210 
1998611 	 33.439712 	 156.718740 	 30910.361222 	 1530345968.700316 
1998612 	 123.842287 	 137.349949 	 24730.269368 	 1100004700.251686 
1998613 	 202.603049 	 202.603049 	 44791.315379 	 2575001117.241212 
1998614 	 207.488203 	 207.488203 	 45053.498556 	 2383755540.826915 
1998615 	 173.541996 	 173.557348 	 34231.818118 	 1611059035.427082 
1998616 	 201.164160 	 201.164160 	 43366.660547 	 2310121409.616920 
1998617 	 176.439620 	 177.339575 	 35590.912202 	 1745367215.239322 
1998618 	 120.745044 	 193.565855 	 41952.885382 	 2280879137.856820 
1998619 	 -144.921824 	 151.238387 	 27231.858031 	 1097045186.530285 
1998620 	 97.448045 	 144.872306 	 27412.389329 	 1324994710.354934 
1998621 	 198.570068 	 198.570068 	 42501.550883 	 2276643492.764659 
1998622 	 -186.300062 	 201.225323 	 44764.269603 	 2587997165.892344 
1998623 	 74.721310 	 155.951332 	 30257.467721 	 1520330037.883044 
1998624 	 231.712377 	 231.754940 	 56608.676567 	 3706021536.121368 
1998625 	 -80.879888 	 153.715990 	 26866.045962 	 1022207415.109884 
1998626 	 -209.927398 	 209.927398 	 47582.174605 	 2803494093.627881 
1998627 	 66.791224 	 153.301984 	 27139.584531 	 1070407357.024073 
1998628 	 24.474343 	 156.354508 	 29179.273530 	 1336368726.468437 
1998629 	 -149.769260 	 150.026651 	 28719.219827 	 1445986034.180060 
1998630 	 -193.834794 	 193.834794 	 41068.050615 	 2158860606.955674 
1998631 	 -216.936771 	 216.936771 	 49861.478223 	 2947708198.367830 
1998632 	 -192.056355 	 192.056355 	 40038.249600 	 2032383682.470664 
1998633 	 -203.051728 	 203.051728 	 45222.293365 	 2670151089.475999 
1998634 	 65.720545 	 120.858926 	 19336.717700 	 669738997.159711 
1998635 	 -87.035401 	 174.895650 	 36744.872595 	 1999973333.050525 
1998636 	 169.816496 	 179.632630 	 41150.352322 	 2657122023.225789 
1998637 	 218.678519 	 218.678519 	 50357.332684 	 2993564907.470005 
1998638 	 -123.763934 	 150.978394 	 29091.054589 	 1420272994.565166 
1998639 	 200.949035 	 202.082749 	 45365.503765 	 2566032400.170974 
1998640 	 -135.538524 	 162.124910 	 32316.458558 	 1606491079.225955 
1998641 	 -141.920974 	 173.275683 	 35831.658499 	 1898571785.891942 
1998642 	 -218.123089 	 218.123089 	 50472.387532 	 3012077580.784492 
1998643 	 -132.520110 	 170.952498 	 35857.686434 	 1941968303.132761 
1998644 	 -2.181387 	 178.184178 	 36703.396645 	 1798553225.246810 
1998645 	 48.254069 	 146.070001 	 27872.352863 	 1418825514.510646 
1998646 	 -114.280839 	 152.762704 	 29717.976420 	 1581499979.652461 
1998647 	 -21.346191 	 149.574984 	 28452.560642 	 1352848852.457463 
1998648 	 -31.806467 	 183.911556 	 38496.676689 	 2009559347.421277 
1998649 	 -190.025449 	 190.523234 	 41909.986332 	 2334668273.936392 
1998650 	 -177.865728 	 177.888049 	 34461.124277 	 1533909235.157996 
1998651 	 -217.978645 	 217.978645 	 50038.815386 	 2965592870.304707 
1998652 	 -193.640896 	 193.640896 	 40620.500543 	 2091752352.841472 
1998653 	 -129.348551 	 138.010716 	 24146.125735 	 968167939.211444 
1998654 	 -81.936864 	 154.359801 	 30025.988928 	 1484264745.588568 
1998655 	 156.116053 	 165.860345 	 32638.641679 	 1592134044.893984 
1998656 	 151.290476 	 156.824852 	 30965.533566 	 1470715752.092660 
1998657 	 -66.602866 	 121.439569 	 20018.363178 	 726355643.561837 
1998658 	 188.274349 	 188.646772 	 41735.741384 	 2513775001.671987 
1998659 	 218.199426 	 218.199426 	 50378.789575 	 3102685457.402224 
1998660 	 68.806178 	 114.011980 	 18647.998142 	 772536573.129521 
1998661 	 -26.568082 	 167.795026 	 37026.624008 	 2298568519.601122 
1998662 	 -160.195868 	 169.287184 	 34956.103485 	 1898359032.043568 
1998663 	 70.779853 	 180.745584 	 38441.296327 	 2146688234.372967 
1998664 	 99.547474 	 205.716706 	 48441.209261 	 3155547551.752320 
1998665 	 -218.373593 	 218.373593 	 50007.622412 	 2921881871.706860 
1998666 	 -128.555270 	 167.839404 	 34814.946490 	 1932633431.504067 
1998667 	 119.459425 	 155.122651 	 30570.462638 	 1561699033.690430 
1998668 	 122.810642 	 181.260153 	 37225.928030 	 1830331705.605355 
1998669 	 -101.429809 	 133.033291 	 23701.650482 	 1019730468.265205 
1998670 	 137.631060 	 143.884169 	 26697.783970 	 1243141031.401965 
1998671 	 -56.120985 	 125.879364 	 21756.257849 	 953017976.359040 
1998672 	 -163.629475 	 164.416731 	 32059.544204 	 1450343855.868062 
1998673 	 -183.796288 	 183.796288 	 37111.294675 	 1802742292.804832 
1998674 	 -58.981366 	 176.188890 	 35768.007457 	 1819667733.765119 
1998675 	 -34.350595 	 187.232453 	 39316.613924 	 2055100929.178689 
1998676 	 71.252429 	 198.367039 	 45948.301274 	 2865098527.402904 
1998677 	 185.700572 	 185.700572 	 37766.478115 	 1888287467.186456 
1998678 	 -47.900589 	 187.995718 	 40153.065196 	 2273358310.579763 
1998679 	 -216.002569 	 216.028257 	 50672.187840 	 3113161436.683378 
1998680 	 -189.389773 	 189.389773 	 39610.955919 	 2112967605.273913 
1998681 	 -213.361938 	 213.361938 	 48289.105008 	 2821504880.873982 
1998682 	 74.414821 	 189.440733 	 40125.274136 	 2148873646.062561 
1998683 	 170.575925 	 170.575925 	 32572.527669 	 1442911331.147230 
1998684 	 210.751888 	 210.751888 	 46312.515115 	 2491200390.961642 
1998685 	 208.264640 	 208.264640 	 46815.950702 	 2734749527.805293 
1998686 	 -133.275163 	 187.803710 	 44017.094476 	 2827544626.230485 
1998687 	 54.882067 	 156.133930 	 29897.646508 	 1441936346.728622 
1998688 	 62.722579 	 161.124318 	 30435.111398 	 1321555613.819610 
1998689 	 75.381690 	 192.821091 	 43372.601196 	 2639431193.825270 
1998690 	 -26.927522 	 144.417612 	 27612.074528 	 1318876187.868413 
1998691 	 -158.666043 	 161.159732 	 30827.481167 	 1445076690.825544 
1998692 	 -88.916801 	 146.669862 	 29690.549528 	 1691086937.663834 
1998693 	 159.570009 	 159.891083 	 31197.729280 	 1565185330.254329 
1998694 	 103.485309 	 169.691687 	 35926.891966 	 2066880006.053836 
1998695 	 82.140923 	 135.990231 	 25069.815677 	 1193087142.618314 
1998696 	 96.957284 	 162.340866 	 32601.549130 	 1644966626.121315 
1998697 	 -174.122263 	 174.122263 	 33965.723978 	 1605796384.437644 
1998698 	 22.951092 	 149.144431 	 27421.587414 	 1178638106.676095 
1998699 	 194.810308 	 194.810308 	 41862.588017 	 2360565124.921084 
1998700 	 -23.074843 	 156.676727 	 29121.991900 	 1283734988.710210 
1998701 	 -87.017896 	 144.209965 	 26162.737549 	 1175192453.234145 
1998702 	 90.655759 	 116.488512 	 20329.220271 	 918010827.180472 
1998703 	 210.995139 	 213.698145 	 51172.817729 	 3239443224.659407 
1998704 	 203.343238 	 203.343238 	 44731.199988 	 2525839029.640746 
1998705 	 -18.764157 	 141.183890 	 26519.841119 	 1295921490.926444 
1998706 	 -176.462454 	 179.225887 	 38180.969727 	 2140886746.236936 
1998707 	 -183.128810 	 183.138232 	 37843.843236 	 1991133791.260845 
1998708 	 -170.198377 	 170.205458 	 33165.777028 	 1614396121.733532 
1998709 	 -186.021189 	 187.507683 	 39849.768894 	 2112838689.731880 
1998710 	 -128.305525 	 169.489795 	 34585.926579 	 1902138237.058430 
1998711 	 176.801943 	 177.687647 	 36417.729083 	 1838814990.366160 
1998712 	 132.199084 	 140.092084 	 26229.597570 	 1236622151.238455 
1998713 	 235.987278 	 235.987278 	 59085.557817 	 4191516752.209076 
1998714 	 -144.045783 	 154.446590 	 31056.863194 	 1738781248.797665 
1998715 	 -163.617841 	 190.166603 	 39966.720724 	 2023369407.136358 
1998716 	 -96.237506 	 194.909058 	 41694.571028 	 2240738716.469104 
1998717 	 -36.627182 	 187.741317 	 41055.000809 	 2307200781.646269 
1998718 	 192.786495 	 208.237212 	 47235.553500 	 2764990829.066439 
1998719 	 -171.499464 	 176.608627 	 36634.282215 	 1984714673.077948 
1998720 	 -118.150347 	 159.132128 	 30174.975322 	 1323289895.428389 
1998721 	 222.907063 	 222.907063 	 51999.643554 	 3133030827.074296 
1998722 	 -62.888441 	 152.810467 	 29705.819367 	 1431703124.096565 
1998723 	 194.050226 	 194.050226 	 41741.377818 	 2314420076.132299 
1998724 	 75.488845 	 218.257161 	 50772.371846 	 3111211976.301781 
1998725 	 -108.273252 	 147.677135 	 27004.320298 	 1177403441.638002 
1998726 	 -220.943531 	 220.943531 	 50493.908051 	 2870709521.522087 
1998727 	 -195.212107 	 195.212107 	 41583.506255 	 2201722960.241583 
1998728 	 -186.017514 	 186.017514 	 38840.730605 	 2140382413.564870 
1998729 	 -133.600379 	 148.084702 	 28793.785885 	 1363034524.228169 
1998730 	 85.130779 	 173.584903 	 35747.885815 	 1875263565.565454 
1998731 	 158.138377 	 221.441932 	 52395.134957 	 3253660223.842483 
1998732 	 -173.812686 	 173.812686 	 34294.656757 	 1614723564.061697 
1998733 	 -130.379981 	 136.033529 	 25977.622186 	 1321675602.836816 
1998734 	 -195.398724 	 195.398724 	 40142.732197 	 1918373589.895817 
1998735 	 -189.949407 	 190.861690 	 42427.544041 	 2536871724.720736 
1998736 	 -177.589553 	 184.309149 	 40962.221932 	 2335203042.589988 
1998737 	 -93.157369 	 117.490867 	 19155.403340 	 702690764.230906 
1998738 	 -46.272087 	 163.727722 	 32680.462648 	 1664250731.219668 
1998739 	 188.164970 	 188.164970 	 39070.274146 	 2035881648.468330 
1998740 	 199.698350 	 199.698350 	 42394.159832 	 2167325391.978651 
1998741 	 -33.790028 	 104.322041 	 17228.595155 	 770861714.004201 
1998742 	 18.088447 	 150.297739 	 28634.499691 	 1390465364.044899 
1998743 	 104.011055 	 172.513960 	 34733.493335 	 1693219774.942316 
1998744 	 -33.670639 	 122.465404 	 21438.341503 	 956082572.861404 
1998745 	 -61.394606 	 186.986623 	 38549.504073 	 1926011264.084101 
1998746 	 -34.375751 	 137.478760 	 25262.853042 	 1135012505.638241 
1998747 	 214.347825 	 214.347825 	 48772.979106 	 2861950873.374221 
1998748 	 56.497227 	 113.818562 	 19970.184479 	 906524727.810243 
1998749 	 215.070135 	 215.070135 	 50474.485484 	 3235073560.236532 
1998750 	 -42.431324 	 172.690177 	 34467.757574 	 1678182899.541212 
1998751 	 -209.932838 	 209.932838 	 47109.520499 	 2693899795.869884 
1998752 	 21.083728 	 199.573128 	 43463.467690 	 2300250988.946277 
1998753 	 210.701310 	 210.701310 	 47724.842829 	 2818644132.941839 
1998754 	 187.199778 	 187.199778 	 38437.354848 	 1923801628.535991 
1998755 	 59.656209 	 163.151378 	 33138.277574 	 1740588010.179883 
1998756 	 -143.584144 	 198.526325 	 43850.591447 	 2543577003.992398 
1998757 	 -164.240371 	 165.146277 	 33416.746563 	 1685825299.423072 
1998758 	 145.048303 	 180.718124 	 36318.526257 	 1745507084.316832 
1998759 	 205.506397 	 205.506397 	 44961.847824 	 2477544231.656851 
1998760 	 16.904464 	 142.608035 	 26855.291759 	 1248084916.285430 
1998761 	 -186.545003 	 186.638891 	 38047.294596 	 1855206546.821877 
1998762 	 -178.960443 	 179.237918 	 35810.642337 	 1681475963.517447 
1998763 	 -153.999753 	 157.097568 	 29670.925021 	 1352365414.883054 
1998764 	 -156.807301 	 167.261315 	 34069.904729 	 1716641956.712287 
1998765 	 -206.094925 	 206.094925 	 45016.628431 	 2419318450.958822 
1998766 	 -135.253717 	 139.896892 	 25488.908068 	 1169111214.789287 
1998767 	 36.653778 	 139.512954 	 23408.258108 	 845023200.025665 
1998768 	 -116.508557 	 116.775077 	 17860.709514 	 604636382.293100 
1998769 	 -159.170861 	 163.366196 	 32253.611066 	 1607159662.544173 
1998770 	 -62.869353 	 155.899309 	 29193.317843 	 1326951842.464272 
1998771 	 71.673684 	 140.166850 	 25927.305873 	 1224775409.595670 
1998772 	 219.755543 	 219.755543 	 50510.198354 	 2961337752.876437 
1998773 	 124.179521 	 133.421872 	 24219.979580 	 1189296394.087172 
1998774 	 223.611186 	 223.611186 	 52189.168309 	 3086024561.734385 
1998775 	 200.782659 	 200.782659 	 43141.391790 	 2289673693.984648 
1998776 	 42.115172 	 178.822724 	 36862.426440 	 1824119812.662637 
1998777 	 106.837504 	 195.896712 	 43131.796598 	 2478326238.954807 
1998778 	 -9.449797 	 144.309739 	 25601.343807 	 1064169065.795370 
1998779 	 -174.442450 	 190.450816 	 41110.500584 	 2302928533.816750 
1998780 	 -98.619794 	 148.665872 	 28332.840705 	 1397397855.877170 
1998781 	 -216.030551 	 216.030551 	 50300.520360 	 3139236124.906540 
1998782 	 142.444365 	 188.211452 	 40581.388430 	 2243952080.275435 
1998783 	 -186.106005 	 188.470826 	 43070.579360 	 2611281132.518322 
1998784 	 -173.532922 	 173.624087 	 36743.872404 	 2136101831.798328 
1998785 	 -76.447767 	 111.693931 	 20839.924766 	 1125316355.490888 
1998786 	 -74.857196 	 195.257914 	 44138.219505 	 2642599620.991871 
1998787 	 120.866889 	 143.846834 	 26865.244057 	 1309751609.384290 
1998788 	 -99.507088 	 115.091071 	 18108.876493 	 662058298.587665 
1998789 	 116.079910 	 132.228380 	 24302.069702 	 1169959914.288487 
1998790 	 107.952112 	 141.065674 	 26261.745006 	 1290386956.780146 
1998791 	 108.162771 	 181.181793 	 36871.897390 	 1847782186.307414 
1998792 	 150.804158 	 158.875078 	 32313.952541 	 1671414521.288527 
1998793 	 214.442219 	 214.442219 	 48505.420905 	 2735968185.769400 
1998794 	 -59.138344 	 159.304772 	 30695.968652 	 1416123708.455479 
1998795 	 -115.744807 	 151.140666 	 30817.761561 	 1751218951.631542 
1998796 	 0.165836 	 112.133756 	 17729.944894 	 661589860.069470 
1998797 	 56.755331 	 164.569365 	 32362.113853 	 1666751019.122297 
1998798 	 204.566840 	 204.566840 	 45582.977029 	 2598145082.467741 
1998799 	 92.908495 	 142.446420 	 25471.702930 	 1068833861.761955 
1998800 	 -187.283952 	 193.081198 	 43398.202837 	 2575366860.997962 
1998801 	 11.459945 	 167.995087 	 34260.133517 	 1726532203.137962 
1998802 	 -102.131518 	 171.120520 	 34711.051622 	 1759267198.583717 
1998803 	 -108.569393 	 194.768545 	 42937.011251 	 2439339370.164883 
1998804 	 146.284478 	 147.731166 	 30458.875436 	 1699059751.420642 
1998805 	 168.324603 	 168.410914 	 33097.061365 	 1629483498.510746 
1998806 	 -99.099793 	 131.059898 	 23763.917741 	 1095486285.258366 
1998807 	 -181.741597 	 181.741597 	 35622.895997 	 1656448143.477317 
1998808 	 -1.715268 	 193.976407 	 42243.222097 	 2437443103.023068 
1998809 	 4.699304 	 175.154433 	 34953.744901 	 1636676786.271150 
1998810 	 86.255857 	 148.949488 	 28036.643436 	 1293429019.417951 
1998811 	 140.252714 	 170.837085 	 33442.574971 	 1568316242.594934 
1998812 	 -57.388642 	 181.060529 	 38342.092638 	 2079215496.654382 
1998813 	 -50.876475 	 176.835495 	 35365.154404 	 1744261696.839215 
1998814 	 156.810079 	 169.328210 	 33712.439456 	 1660693423.685825 
1998815 	 -163.793881 	 178.477889 	 39111.514902 	 2236022078.908846 
1998816 	 -42.226571 	 160.079997 	 31722.007490 	 1593395513.813305 
1998817 	 -178.730806 	 186.345557 	 40188.749976 	 2300472046.162720 
1998818 	 -189.496574 	 190.027039 	 41473.776107 	 2335128859.552184 
1998819 	 -173.514882 	 174.175698 	 36631.332398 	 2052859662.879958 
1998820 	 -180.772805 	 180.990312 	 37965.602063 	 2041716460.344928 
1998821 	 -119.054790 	 155.633083 	 28117.854683 	 1146640432.090817 
1998822 	 190.205982 	 190.205982 	 39271.159315 	 1973614284.132141 
1998823 	 202.487937 	 202.487937 	 43868.699515 	 2359155687.767525 
1998824 	 171.491899 	 171.512295 	 33475.977768 	 1625523630.311195 
1998825 	 -81.077673 	 183.579705 	 39447.726188 	 2157565146.627964 
1998826 	 171.540507 	 184.510730 	 39166.861059 	 2232118155.149694 
1998827 	 -180.283751 	 180.287051 	 36916.880171 	 1834597822.760989 
1998828 	 -145.010834 	 147.055261 	 25545.841293 	 960229310.078873 
1998829 	 116.784081 	 178.351172 	 38233.705410 	 2144424002.250165 
1998830 	 18.622596 	 163.062086 	 33172.628814 	 1728017519.432742 
1998831 	 172.588072 	 172.664263 	 33348.445581 	 1468143432.463600 
1998832 	 210.153064 	 210.153064 	 46373.318740 	 2527995586.554299 
1998833 	 197.762696 	 198.756622 	 43007.424220 	 2303242761.939354 
1998834 	 117.104922 	 171.407177 	 33139.753820 	 1526744437.225170 
1998835 	 -203.566253 	 203.802302 	 45547.954249 	 2613127282.781223 
1998836 	 -201.712498 	 202.318615 	 45969.662126 	 2729349064.023143 
1998837 	 -164.940207 	 165.158185 	 32391.105998 	 1628200893.244406 
1998838 	 -196.971497 	 196.978656 	 43440.102238 	 2518641957.930610 
1998839 	 2.865223 	 170.030146 	 36147.399817 	 2162763225.047984 
1998840 	 203.788926 	 203.796451 	 45213.629029 	 2589437871.380988 
1998841 	 164.541732 	 166.731156 	 34063.639968 	 1821059478.975693 
1998842 	 -144.575128 	 165.212066 	 33946.321949 	 1781195520.588824 
1998843 	 -207.102624 	 207.102624 	 45828.409063 	 2590291663.483129 
1998844 	 19.576585 	 124.417611 	 21513.908229 	 924760277.088188 
1998845 	 57.306693 	 172.368597 	 34716.347888 	 1672559683.480271 
1998846 	 17.651549 	 138.577619 	 26560.206575 	 1395132572.943180 
1998847 	 76.325369 	 176.240500 	 36262.561239 	 1944137706.644515 
1998848 	 132.356606 	 140.257288 	 27498.232473 	 1416114394.330303 
1998849 	 65.332277 	 173.571776 	 34817.237692 	 1721762936.664920 
1998850 	 -60.777865 	 169.111093 	 35556.175574 	 2021776054.396979 
1998851 	 213.642201 	 213.642201 	 48939.071771 	 2876308324.326862 
1998852 	 209.101058 	 209.101757 	 47569.468499 	 2805910557.813521 
1998853 	 -184.689307 	 185.966853 	 40097.242015 	 2240648670.493865 
1998854 	 115.058179 	 172.889452 	 35783.945443 	 1937863686.262107 
1998855 	 213.231913 	 213.231913 	 48541.872334 	 2894158628.606699 
1998856 	 149.368382 	 151.713627 	 28887.562876 	 1325109911.442108 
1998857 	 160.287385 	 160.288205 	 30061.796977 	 1361243207.352700 
1998858 	 90.383943 	 142.070870 	 25688.486338 	 1119346233.419627 
1998859 	 217.382682 	 217.382682 	 50946.102994 	 3189588060.671333 
1998860 	 71.877289 	 157.826287 	 30909.889531 	 1533636455.763722 
1998861 	 216.995830 	 218.004081 	 51471.270201 	 3258835085.242103 
1998862 	 202.379043 	 204.224920 	 45775.522349 	 2576667083.314487 
1998863 	 197.033684 	 197.033684 	 41390.490548 	 2076237847.334746 
1998864 	 180.071132 	 181.292271 	 37537.209951 	 1977086739.323410 
1998865 	 219.195792 	 219.195792 	 50370.596332 	 2927580611.229739 
1998866 	 195.193683 	 195.193683 	 40899.672990 	 2048480464.349203 
1998867 	 114.688300 	 155.068025 	 29180.459867 	 1380192062.555485 
1998868 	 -143.782807 	 182.807516 	 36834.933993 	 1744700824.401203 
1998869 	 188.749680 	 189.519095 	 40339.915837 	 2123623028.920246 
1998870 	 207.032484 	 207.197762 	 46661.706845 	 2656098713.979141 
1998871 	 73.475562 	 170.652496 	 35819.949102 	 1988502690.493250 
1998872 	 -182.887965 	 182.933145 	 37620.252252 	 1913452576.117133 
1998873 	 173.774524 	 182.266907 	 38621.717207 	 2148252684.791894 
1998874 	 176.997959 	 177.453452 	 36675.880129 	 1917468788.424046 
1998875 	 38.581289 	 128.265264 	 21921.087088 	 857479224.569843 
1998876 	 180.098686 	 185.883102 	 42401.156455 	 2565175073.441596 
1998877 	 -99.856952 	 147.907068 	 26318.875079 	 1075807758.660107 
1998878 	 174.147449 	 184.934282 	 37800.395151 	 1844333668.810047 
1998879 	 162.636128 	 164.903318 	 32267.934174 	 1533021558.967328 
1998880 	 111.919437 	 165.882974 	 34162.224620 	 1815786556.877280 
1998881 	 26.935563 	 151.138044 	 30744.678859 	 1637753341.056525 
1998882 	 -163.639606 	 192.080934 	 40638.589716 	 2202444776.494491 
1998883 	 35.130983 	 165.048550 	 32198.526638 	 1565869970.320725 
1998884 	 -186.770824 	 186.770824 	 39143.534466 	 2065474946.956062 
1998885 	 -215.891462 	 215.891462 	 49356.265671 	 2934819284.202874 
1998886 	 24.521431 	 161.091131 	 29954.230844 	 1294605114.263473 
1998887 	 -147.418687 	 158.215020 	 30750.113484 	 1544455735.277052 
1998888 	 -68.109471 	 133.660454 	 23796.982401 	 1043972929.939059 
1998889 	 92.564876 	 145.172859 	 26410.441508 	 1180853491.708919 
1998890 	 -182.155719 	 182.389351 	 37743.911495 	 1934202952.461634 
1998891 	 -227.972126 	 227.972126 	 53676.999906 	 3219463321.024162 
1998892 	 -204.843037 	 204.843037 	 44418.214409 	 2341776669.044926 
1998893 	 141.814735 	 203.896463 	 46552.521315 	 2892722000.643443 
1998894 	 -156.633889 	 202.484246 	 46264.766769 	 2803866080.693285 
1998895 	 -185.566498 	 185.566498 	 38848.836222 	 2081360858.647917 
1998896 	 -144.808907 	 153.883145 	 28117.565311 	 1170482508.947990 
1998897 	 12.839991 	 152.139026 	 29123.161219 	 1435184575.689393 
1998898 	 -223.756810 	 223.756810 	 53383.019728 	 3359185064.897508 
1998899 	 -185.791326 	 185.791326 	 37198.790117 	 1714424182.963841 
1998900 	 -183.925583 	 184.684030 	 38601.723504 	 1983554518.846539 
1998901 	 68.593151 	 124.150402 	 22843.025384 	 1078460649.524384 
1998902 	 2.906431 	 146.252844 	 27926.958319 	 1393316989.803451 
1998903 	 -31.439328 	 179.930057 	 40127.745890 	 2476315373.248144 
1998904 	 175.784141 	 212.667092 	 49054.294568 	 2956916388.082686 
1998905 	 -164.239816 	 175.025746 	 35311.838834 	 1812334208.899468 
1998906 	 171.608748 	 174.282725 	 35138.058834 	 1739325893.981976 
1998907 	 -18.756028 	 142.408994 	 25910.082105 	 1212382208.313276 
1998908 	 -207.828239 	 207.828239 	 45928.161891 	 2517364514.897152 
1998909 	 -194.216682 	 194.492258 	 42616.707433 	 2381118204.382156 
1998910 	 19.125126 	 149.489678 	 28902.105118 	 1418329392.561872 
1998911 	 204.452437 	 206.165008 	 46188.095480 	 2656444182.595217 
1998912 	 211.156294 	 211.156294 	 48326.418412 	 2918234969.609845 
1998913 	 196.875670 	 197.218853 	 42689.713008 	 2245776327.386213 
1998914 	 -106.665642 	 187.676822 	 39911.166931 	 2183724252.035989 
1998915 	 -96.526825 	 167.666222 	 34453.525137 	 1911578182.955971 
1998916 	 141.829561 	 162.096818 	 33454.104601 	 1823681306.135806 
1998917 	 12.845664 	 194.937754 	 40834.422002 	 2017717625.655102 
1998918 	 -216.285095 	 216.285095 	 50378.271784 	 3224043284.754276 
1998919 	 -70.404726 	 176.872504 	 37443.604252 	 2078691852.918215 
1998920 	 -108.274138 	 123.966717 	 22214.689523 	 1073044427.232838 
1998921 	 -231.840676 	 231.840676 	 56273.318996 	 3663024256.407226 
1998922 	 -198.654272 	 198.654272 	 42712.865102 	 2304405208.198411 
1998923 	 -179.266009 	 179.266009 	 35235.467420 	 1624481999.239366 
1998924 	 -182.603823 	 182.603823 	 36202.686454 	 1685635585.191806 
1998925 	 63.703563 	 169.547326 	 35049.442093 	 1843240151.984851 
1998926 	 158.396906 	 163.463905 	 31487.105339 	 1561206872.468210 
1998927 	 213.863201 	 213.863201 	 49320.284702 	 3067870467.202529 
1998928 	 -95.105795 	 151.395640 	 29411.190568 	 1535600276.632180 
1998929 	 128.423299 	 129.781951 	 20607.415619 	 658109715.418486 
1998930 	 163.800663 	 164.785623 	 32619.929340 	 1643205454.478223 
1998931 	 -98.057112 	 145.808014 	 29343.827570 	 1633581417.253767 
1998932 	 79.538524 	 165.183838 	 34403.235149 	 1843484638.126511 
1998933 	 212.982853 	 212.982853 	 47743.957610 	 2669844316.568944 
1998934 	 137.463220 	 145.558081 	 26252.188807 	 1175869380.763522 
1998935 	 -90.561247 	 146.423712 	 28743.882311 	 1419348029.722838 
1998936 	 -210.617644 	 210.873773 	 48477.779769 	 2849942223.327698 
1998937 	 70.009490 	 177.427729 	 37786.985816 	 2104421651.553730 
1998938 	 -60.190176 	 205.300314 	 47055.804577 	 2786153199.503922 
1998939 	 -207.421464 	 207.491356 	 46852.624951 	 2744719065.622304 
1998940 	 169.634881 	 169.732159 	 32376.949762 	 1416639461.403229 
1998941 	 -84.997535 	 159.195690 	 30406.255497 	 1445415034.062596 
1998942 	 -198.158742 	 198.158742 	 42559.361359 	 2336197794.003695 
1998943 	 -181.388249 	 181.388249 	 35527.406603 	 1627301277.070421 
1998944 	 -208.538043 	 208.538043 	 46507.671600 	 2669750210.722322 
1998945 	 -101.657202 	 139.761580 	 24937.088302 	 1088168222.711868 
1998946 	 97.082833 	 158.155588 	 31854.568457 	 1735652349.522676 
1998947 	 199.084987 	 199.084987 	 43072.432475 	 2376560752.127447 
1998948 	 94.458329 	 139.195572 	 26384.256929 	 1309141669.684192 
1998949 	 -142.831873 	 155.631576 	 30270.654437 	 1423444540.670988 
1998950 	 -160.372318 	 165.380183 	 33836.055379 	 1830144887.056683 
1998951 	 -197.390675 	 197.390675 	 41389.955789 	 2072241883.634626 
1998952 	 -29.226438 	 165.817459 	 34947.878757 	 1922658453.376079 
1998953 	 64.129328 	 184.254997 	 39128.410004 	 2087415152.173184 
1998954 	 81.126784 	 166.869005 	 31876.729920 	 1403413841.781649 
1998955 	 194.803639 	 194.803639 	 41639.628078 	 2245132757.029220 
1998956 	 62.168779 	 170.319413 	 34504.310966 	 1704071461.085324 
1998957 	 -206.426009 	 206.426009 	 45304.762645 	 2476719381.733323 
1998958 	 -183.484149 	 183.882407 	 38321.620104 	 1957982634.212797 
1998959 	 -189.837559 	 189.837559 	 38919.724802 	 1932615722.122824 
1998960 	 -128.245858 	 161.686054 	 32169.613232 	 1670468570.074215 
1998961 	 -28.193357 	 178.431945 	 37967.442105 	 2152394078.337675 
1998962 	 86.056229 	 185.632719 	 38767.919952 	 1973575928.850659 
1998963 	 207.868268 	 207.868268 	 47259.633723 	 2835584033.926451 
1998964 	 70.556712 	 140.016758 	 24916.191836 	 1025174026.158942 
1998965 	 -190.764759 	 190.789904 	 40524.492499 	 2157466376.802094 
1998966 	 153.785784 	 166.502799 	 33494.246261 	 1696301174.251278 
1998967 	 133.186074 	 184.877682 	 38451.419790 	 1953432089.352976 
1998968 	 133.377416 	 179.205846 	 38758.991438 	 2185043594.047263 
1998969 	 42.871623 	 200.752396 	 44831.053329 	 2661874350.513718 
1998970 	 73.434459 	 143.216297 	 29164.130154 	 1572038658.068583 
1998971 	 189.473852 	 195.441596 	 43476.714111 	 2460381967.329235 
1998972 	 -211.096977 	 211.566415 	 48778.179115 	 2968809215.168894 
1998973 	 -124.553671 	 177.816771 	 36911.956553 	 1888339961.436719 
1998974 	 -108.402732 	 120.938590 	 22899.721550 	 1128696494.481857 
1998975 	 -207.960443 	 209.137327 	 46060.100736 	 2480150131.178821 
1998976 	 192.454457 	 192.630572 	 41301.019763 	 2274252868.772026 
1998977 	 196.440306 	 196.440306 	 40858.781433 	 1999247799.990579 
1998978 	 -72.033693 	 159.269011 	 32435.853586 	 1776484247.779421 
1998979 	 -31.259719 	 171.954190 	 38182.562302 	 2307019317.880076 
1998980 	 -133.032398 	 141.824116 	 26403.740814 	 1190974566.448921 
1998981 	 -47.867798 	 174.008001 	 36211.708861 	 1954089238.593947 
1998982 	 -192.788925 	 193.290552 	 41754.539556 	 2239684717.456451 
1998983 	 108.243031 	 150.723313 	 28736.375114 	 1355599970.598899 
1998984 	 -66.982532 	 132.467233 	 24951.131393 	 1266601976.776255 
1998985 	 -230.900270 	 230.900270 	 55434.161986 	 3479247596.912634 
1998986 	 122.774876 	 181.540813 	 37643.522386 	 1951042462.254424 
1998987 	 -180.215967 	 188.637411 	 40423.430119 	 2214255033.131063 
1998988 	 -144.586489 	 145.833739 	 26308.636871 	 1124546799.900609 
1998989 	 168.125301 	 170.508428 	 32528.390399 	 1399573064.248540 
1998990 	 104.283162 	 197.533874 	 43292.735116 	 2513334799.690575 
1998991 	 -16.224464 	 197.068053 	 43543.185867 	 2424643838.002969 
1998992 	 188.773797 	 188.773797 	 40594.569615 	 2266647120.273422 
1998993 	 201.211867 	 201.211867 	 42925.729477 	 2180552010.806079 
1998994 	 172.486499 	 174.714645 	 34855.738660 	 1718318341.245954 
1998995 	 -172.886043 	 186.918931 	 39810.611253 	 2117341698.600164 
1998996 	 -198.556464 	 199.886754 	 43471.691496 	 2341805935.670645 
1998997 	 79.213660 	 159.505891 	 30637.769474 	 1551760484.897419 
1998998 	 -22.607898 	 167.769792 	 33699.546390 	 1701002046.089911 
1998999 	 -74.655854 	 142.515477 	 25888.756691 	 1144355892.703616 
1999000 	 -131.041384 	 152.409352 	 29272.586791 	 1417173669.149478 
1999001 	 -147.452287 	 170.271337 	 36111.667279 	 2064527289.914256 
1999002 	 50.827605 	 194.167676 	 44026.735337 	 2715492701.172893 
1999003 	 14.782145 	 141.233491 	 23710.133457 	 871937142.378143 
1999004 	 167.223706 	 204.597311 	 47423.381353 	 2979162053.242777 
1999005 	 82.806187 	 131.485165 	 23747.361577 	 1144055728.859524 
1999006 	 -162.528531 	 163.266007 	 33601.617129 	 1765413783.262821 
1999007 	 181.547279 	 181.647389 	 36696.798985 	 1781719122.020165 
1999008 	 0.032553 	 159.822932 	 32159.832443 	 1698345076.399038 
1999009 	 34.498978 	 170.242237 	 34002.755304 	 1688434180.816591 
1999010 	 196.908340 	 212.650725 	 49459.514760 	 3036360409.928368 
1999011 	 -19.482983 	 153.315540 	 28045.025576 	 1232097380.130524 
1999012 	 -158.526496 	 161.580824 	 30770.388114 	 1427462705.042890 
1999013 	 168.140357 	 170.609343 	 36297.826969 	 2026196313.063929 
1999014 	 27.470405 	 139.995983 	 28288.817796 	 1526588288.024822 
1999015 	 119.580265 	 147.448763 	 25528.620846 	 989652378.835903 
1999016 	 -108.617101 	 135.393192 	 25922.704252 	 1340967158.188756 
1999017 	 -76.257426 	 134.517593 	 22937.142149 	 967850402.882401 
1999018 	 -56.004089 	 177.662901 	 38625.839229 	 2231292646.602121 
1999019 	 179.633002 	 180.244448 	 39205.825588 	 2306220146.841877 
1999020 	 201.346744 	 201.346744 	 42889.315999 	 2213155157.384071 
1999021 	 -38.132301 	 149.878829 	 28830.514316 	 1446926758.356799 
1999022 	 79.465292 	 149.328510 	 27824.027021 	 1284787482.351464 

%ACCRATE = 0.895614
