%%%%%%%%%%%%%%%%%%%%%%%%%%%%%%%%%%%%%%%%%%%%%%%%%%%%%%%%%%%%%%%%%%%%%%%%%%%
%SIMULAZIONE D = 3, L = 8, V = 512
%NUMERO DI MISURE PER OGNI naccu: T = 1000
%%%%%%%%%%%%%%%%%%%%%%%%%%%%%%%%%%%%%%%%%%%%%%%%%%%%%%%%%%%%%%%%%%%%%%%%%%%
%naccu = 16
%%%%%%%%%%%%%%%%%%%%%%%%%%%%%%%%%%%%%%%%%%%%%%%%%%%%%%%%%%%%%%%%%%%%%%%%%%%

%%%%%%%%%%%%%%%%%%%%%%%%%%%%%%%%%%%%%%%%%%%%%%%%%%%%%%%%%%%%%%%%%%%%%%%%%%%

4001 	 238.675766 	 238.675766 	 57194.229301 	 3323636829.881686 
4002 	 210.520955 	 210.520955 	 44937.517633 	 2134996539.150458 
4003 	 191.105563 	 191.105563 	 36789.246951 	 1393759045.445544 
4004 	 173.839356 	 173.839356 	 30446.490429 	 954821226.992084 
4005 	 189.293009 	 189.293009 	 36197.405678 	 1359388408.773649 
4006 	 105.321891 	 105.321891 	 11809.981568 	 174463580.456792 
4007 	 127.418854 	 127.418854 	 16585.874276 	 295451093.630087 
4008 	 155.765705 	 155.765705 	 24453.835441 	 615414207.380364 
4009 	 230.017901 	 230.017901 	 53143.519589 	 2872728541.487472 
4010 	 256.048164 	 256.048164 	 66065.909669 	 4494311044.128441 
4011 	 235.511826 	 235.511826 	 56004.167066 	 3254035734.098906 
4012 	 202.113177 	 202.113177 	 41110.807301 	 1732032673.200830 
4013 	 153.799113 	 153.799113 	 24167.607694 	 634924092.927349 
4014 	 148.502096 	 148.502096 	 22907.351828 	 612384998.263492 
4015 	 131.000260 	 131.000260 	 17822.838802 	 360034761.378985 
4016 	 87.251767 	 87.251767 	 7899.755177 	 70734167.286226 
4017 	 46.462410 	 46.462410 	 2599.788630 	 12226256.644675 
4018 	 47.014517 	 47.014517 	 2470.280814 	 8760802.490523 
4019 	 110.478680 	 110.478680 	 14627.897446 	 338079400.087323 
4020 	 201.469302 	 201.469302 	 41051.324538 	 1762811825.762483 
4021 	 199.548669 	 199.548669 	 40333.714236 	 1709861500.122852 
4022 	 202.901842 	 202.901842 	 41373.579408 	 1744911785.890052 
4023 	 197.455371 	 197.455371 	 39683.871692 	 1687473670.527341 
4024 	 266.524403 	 266.524403 	 71368.473243 	 5190280378.855096 
4025 	 225.322791 	 225.322791 	 51733.476656 	 2881715506.340535 
4026 	 182.468374 	 182.468374 	 33975.150367 	 1254720435.738680 
4027 	 205.100088 	 205.100088 	 43246.707939 	 2048546306.876926 
4028 	 237.979732 	 237.979732 	 56765.274471 	 3252484920.321768 
4029 	 293.663143 	 293.663143 	 86715.811601 	 7667392199.373390 
4030 	 281.115752 	 281.115752 	 79380.070064 	 6414583887.218868 
4031 	 274.669286 	 274.669286 	 75670.075013 	 5795533233.281033 
4032 	 292.893509 	 292.893509 	 86376.161936 	 7686440560.322943 
4033 	 309.507720 	 309.507720 	 96016.050014 	 9304888465.514357 
4034 	 241.350624 	 241.350624 	 58632.189257 	 3521665026.420026 
4035 	 178.037909 	 178.037909 	 31865.713749 	 1035852724.412248 
4036 	 203.394417 	 203.394417 	 41599.953472 	 1769448096.440240 
4037 	 144.384971 	 144.384971 	 21539.402522 	 522559670.167375 
4038 	 181.649156 	 181.649156 	 33553.451462 	 1193917455.647190 
4039 	 171.897875 	 171.897875 	 30088.476665 	 968898300.941426 
4040 	 154.650912 	 154.650912 	 24421.713723 	 647692251.957850 
4041 	 218.088302 	 218.088302 	 48015.712354 	 2388087204.504923 
4042 	 174.819741 	 174.819741 	 30880.291502 	 993618338.719025 
4043 	 185.959938 	 185.959938 	 34709.999771 	 1223374704.319386 
4044 	 213.365732 	 213.365732 	 45672.195134 	 2113364423.886999 
4045 	 239.815979 	 239.815979 	 59486.366702 	 4012613934.051657 
4046 	 259.452012 	 259.452012 	 67517.829305 	 4613365080.809117 
4047 	 265.504544 	 265.504544 	 70828.834695 	 5111250858.522449 
4048 	 171.620650 	 171.620650 	 30362.835572 	 1026160104.502677 
4049 	 78.677484 	 78.677484 	 7909.805568 	 113217864.809287 
4050 	 59.755560 	 59.755560 	 3801.663338 	 17987581.094134 
4051 	 27.617577 	 28.023328 	 1093.243398 	 2045364.832567 
4052 	 3.695724 	 16.666137 	 450.022348 	 566236.813475 
4053 	 23.961244 	 30.810497 	 1204.438201 	 2594815.991993 
4054 	 72.406279 	 72.406279 	 7435.403504 	 106701152.684024 
4055 	 99.381814 	 99.381814 	 10587.748531 	 139971989.008023 
4056 	 84.771347 	 84.771347 	 7615.838821 	 71064637.093511 
4057 	 78.827607 	 78.827607 	 6940.196236 	 73470581.079074 
4058 	 124.585679 	 124.585679 	 15878.825246 	 272143645.627315 
4059 	 171.459679 	 171.459679 	 29577.797903 	 898693874.617636 
4060 	 162.462175 	 162.462175 	 26529.499651 	 718549495.610857 
4061 	 235.598617 	 235.598617 	 56809.642931 	 3529151463.434098 
4062 	 260.118697 	 260.118697 	 67949.173684 	 4692802550.768432 
4063 	 248.270881 	 248.270881 	 62326.471577 	 4049568935.043204 
4064 	 171.711594 	 171.711594 	 29964.911307 	 957976677.224878 
4065 	 135.416786 	 135.416786 	 18631.200072 	 369743696.129064 
4066 	 176.017694 	 176.017694 	 32408.330590 	 1220274864.162135 
4067 	 159.689503 	 159.689503 	 25935.403676 	 717621466.420234 
4068 	 203.981141 	 203.981141 	 41715.682608 	 1757757428.713532 
4069 	 175.880631 	 175.880631 	 31043.904107 	 977495938.108301 
4070 	 112.070784 	 112.070784 	 13078.521481 	 197418495.528843 
4071 	 67.709770 	 67.709770 	 4791.873219 	 26605286.818968 
4072 	 38.358857 	 44.255442 	 2970.152866 	 18596981.163218 
4073 	 -33.168750 	 38.052129 	 1996.957189 	 7497916.560049 
4074 	 -11.634126 	 26.702827 	 1207.709277 	 4684262.593894 
4075 	 -0.161858 	 46.206329 	 2868.948433 	 16941387.397458 
4076 	 50.648424 	 50.648424 	 2913.044436 	 12286451.920836 
4077 	 73.321730 	 73.321730 	 6650.178067 	 78624505.749114 
4078 	 57.842389 	 57.842389 	 3777.737735 	 20269443.016449 
4079 	 72.764790 	 72.764790 	 5762.967044 	 42822871.686441 
4080 	 82.582089 	 82.582089 	 6994.979149 	 54341978.391263 
4081 	 106.645141 	 106.645141 	 13788.481365 	 338728913.870246 
4082 	 216.702704 	 216.702704 	 48570.229900 	 2668618877.505020 
4083 	 253.456601 	 253.456601 	 64605.599286 	 4266692208.988422 
4084 	 220.701789 	 220.701789 	 49079.015516 	 2480140010.321922 
4085 	 213.423674 	 213.423674 	 45898.011498 	 2173377609.698125 
4086 	 171.993645 	 171.993645 	 29889.329242 	 930279986.990085 
4087 	 122.852402 	 122.852402 	 15951.468935 	 316542039.509833 
4088 	 175.344135 	 175.344135 	 32583.220026 	 1272038600.483301 
4089 	 176.870473 	 176.870473 	 31949.421124 	 1116394538.761539 
4090 	 203.905438 	 203.905438 	 41729.876697 	 1768221094.637460 
4091 	 195.113666 	 195.113666 	 38553.993937 	 1551019274.548668 
4092 	 155.406683 	 155.406683 	 24338.465573 	 611406693.989448 
4093 	 202.049274 	 202.049274 	 41305.869457 	 1786738802.468478 
4094 	 215.665290 	 215.665290 	 46601.219040 	 2188814462.018701 
4095 	 202.768212 	 202.768212 	 42002.657883 	 1905050543.748746 
4096 	 197.061948 	 197.061948 	 39402.867822 	 1637605503.531636 
4097 	 150.002539 	 150.002539 	 23487.172735 	 635669407.441633 
4098 	 200.539753 	 200.539753 	 40368.944202 	 1653855461.906193 
4099 	 242.154658 	 242.154658 	 58729.826162 	 3470508041.859609 
4100 	 245.773977 	 245.773977 	 60627.194984 	 3728950388.444072 
4101 	 241.874797 	 241.874797 	 58767.722656 	 3515058412.799681 
4102 	 198.211316 	 198.211316 	 40350.070893 	 1795658501.275464 
4103 	 253.772265 	 253.772265 	 64603.384083 	 4225504092.609876 
4104 	 263.501817 	 263.501817 	 69617.479035 	 4898585480.848152 
4105 	 254.729790 	 254.729790 	 65327.583728 	 4378551386.092432 
4106 	 196.179994 	 196.179994 	 38682.474362 	 1527028795.528796 
4107 	 143.154018 	 143.154018 	 20703.047146 	 447119010.935951 
4108 	 173.762797 	 173.762797 	 30340.533833 	 937154949.911018 
4109 	 145.105429 	 145.105429 	 21385.567557 	 485621999.206035 
4110 	 112.990963 	 112.990963 	 13120.631888 	 189127122.019718 
4111 	 141.285938 	 141.285938 	 20963.880765 	 530678045.809996 
4112 	 235.058418 	 235.058418 	 55637.558886 	 3179213182.378511 
4113 	 272.565492 	 272.565492 	 74542.776406 	 5631775441.658607 
4114 	 250.416790 	 250.416790 	 62972.558389 	 4030431266.930836 
4115 	 224.343970 	 224.343970 	 50576.155183 	 2613934810.528314 
4116 	 187.746638 	 187.746638 	 36223.859482 	 1451477824.969052 
4117 	 128.580862 	 128.580862 	 17530.042253 	 368909955.584103 
4118 	 50.901770 	 50.901770 	 2890.050648 	 11158215.617386 
4119 	 -20.879858 	 40.876569 	 2195.497693 	 9562889.461916 
4120 	 -67.616475 	 67.616475 	 5082.354255 	 35139577.122955 
4121 	 -2.418760 	 16.722025 	 369.287661 	 225086.370636 
4122 	 -49.413100 	 49.413100 	 2681.256706 	 9874236.215701 
4123 	 -95.555390 	 95.555390 	 9699.505166 	 111885767.565440 
4124 	 -79.268616 	 79.268616 	 6718.440870 	 57954443.051548 
4125 	 -70.669383 	 70.669383 	 5147.904484 	 29557354.900955 
4126 	 -135.415951 	 135.415951 	 19999.644682 	 526274706.778751 
4127 	 -137.944441 	 137.944441 	 19308.544660 	 395294208.061958 
4128 	 -109.131778 	 109.131778 	 12223.791200 	 163585181.329426 
4129 	 -44.579765 	 44.579765 	 2485.809510 	 12001906.946057 
4130 	 -0.166189 	 21.330615 	 611.595141 	 703253.234747 
4131 	 -6.251866 	 13.871159 	 321.555711 	 438737.816431 
4132 	 -40.373433 	 40.373433 	 1818.444323 	 4264903.465973 
4133 	 -114.639568 	 114.639568 	 13729.711908 	 215749124.150107 
4134 	 -93.312708 	 93.312708 	 9439.096615 	 113853150.214316 
4135 	 -34.284565 	 44.535928 	 3628.003558 	 41860598.379394 
4136 	 -3.783512 	 36.969960 	 1659.557962 	 4284898.744456 
4137 	 54.570534 	 54.570534 	 3247.129472 	 12918740.470635 
4138 	 130.034479 	 130.034479 	 18323.483060 	 423298413.435536 
4139 	 239.102568 	 239.102568 	 57454.257598 	 3363667507.611555 
4140 	 222.692866 	 222.692866 	 49773.167023 	 2513067511.430233 
4141 	 226.577179 	 226.577179 	 51616.268246 	 2722043508.419732 
4142 	 226.709811 	 226.709811 	 51744.354145 	 2744933955.663051 
4143 	 241.184712 	 241.184712 	 58874.438136 	 3614527285.595417 
4144 	 187.606161 	 187.606161 	 35514.605871 	 1305164179.653862 
4145 	 174.631425 	 174.631425 	 30660.087434 	 958258509.072020 
4146 	 190.256228 	 190.256228 	 36374.340928 	 1347488225.264462 
4147 	 206.103224 	 206.103224 	 43190.778187 	 1981965907.473189 
4148 	 225.504855 	 225.504855 	 51769.120564 	 2877220045.651762 
4149 	 241.335036 	 241.335036 	 58577.172799 	 3515829429.469820 
4150 	 225.133553 	 225.133553 	 51540.214617 	 2824316499.765563 
4151 	 162.598956 	 162.598956 	 26877.355808 	 773338541.329411 
4152 	 150.841477 	 150.841477 	 23387.405389 	 601955941.779673 
4153 	 229.993061 	 229.993061 	 54131.627797 	 3213001460.891316 
4154 	 223.733787 	 223.733787 	 50604.802558 	 2665632261.410858 
4155 	 228.777285 	 228.777285 	 53000.220649 	 2941220644.412150 
4156 	 241.990053 	 241.990053 	 58906.231339 	 3552446007.716102 
4157 	 319.105246 	 319.105246 	 102767.378648 	 10924348807.733126 
4158 	 279.944215 	 279.944215 	 79650.683193 	 6731232175.861969 
4159 	 192.754533 	 192.754533 	 38801.265537 	 1782743718.089160 
4160 	 211.631006 	 211.631006 	 45342.870708 	 2157433276.964399 
4161 	 238.219268 	 238.219268 	 57710.739698 	 3552102177.816712 
4162 	 191.173157 	 191.173157 	 36882.792652 	 1410297804.855603 
4163 	 223.829471 	 223.829471 	 50278.364963 	 2562462339.804385 
4164 	 191.972354 	 191.972354 	 37719.593646 	 1558682656.788956 
4165 	 197.590664 	 197.590664 	 39350.677639 	 1599144887.794099 
4166 	 221.011186 	 221.011186 	 49361.898371 	 2545632208.894506 
4167 	 274.726873 	 274.726873 	 75753.977433 	 5821331731.036151 
4168 	 197.204625 	 197.204625 	 42485.043963 	 2377428885.666956 
4169 	 145.312134 	 145.312134 	 22333.380030 	 590367756.466199 
4170 	 18.531679 	 31.237982 	 1336.938593 	 3617498.508197 
4171 	 45.822782 	 52.399931 	 3626.942284 	 21856566.565449 
4172 	 148.284300 	 148.284300 	 22855.420477 	 588387682.555610 
4173 	 218.730555 	 218.730555 	 48044.046774 	 2345995854.608834 
4174 	 192.368386 	 192.368386 	 37967.002903 	 1586932494.902840 
4175 	 135.378343 	 135.378343 	 19012.153526 	 409704084.691839 
4176 	 96.613516 	 96.613516 	 9569.705253 	 101388395.950964 
4177 	 101.247621 	 101.247621 	 10874.301325 	 140527621.351340 
4178 	 53.356385 	 53.356385 	 3116.834806 	 13014598.310515 
4179 	 13.564335 	 32.208752 	 1776.008850 	 9451635.525029 
4180 	 -59.755605 	 59.755605 	 3899.741373 	 19082419.129643 
4181 	 -78.066821 	 78.066821 	 6474.034514 	 50795563.614957 
4182 	 -132.873382 	 132.873382 	 17821.261435 	 329689306.631619 
4183 	 -128.363481 	 128.363481 	 16586.950552 	 282430081.720178 
4184 	 -92.133996 	 92.133996 	 8883.139242 	 93198457.663857 
4185 	 -10.251487 	 35.224379 	 1908.699899 	 8594204.572047 
4186 	 35.039891 	 35.303872 	 1830.053105 	 7855271.894009 
4187 	 55.640752 	 55.640752 	 3707.666801 	 21619108.263138 
4188 	 80.246122 	 80.246122 	 7343.090210 	 85033712.736243 
4189 	 53.818777 	 53.818777 	 3478.350628 	 17708612.019935 
4190 	 4.709069 	 21.143532 	 602.934587 	 804907.346250 
4191 	 24.225691 	 33.256827 	 1807.424230 	 8223616.981583 
4192 	 111.915680 	 111.915680 	 13316.000183 	 222269832.465984 
4193 	 139.981498 	 139.981498 	 20031.191517 	 432453670.854091 
4194 	 182.539391 	 182.539391 	 33531.840475 	 1153775014.959598 
4195 	 207.561795 	 207.561795 	 43193.282852 	 1885365941.664209 
4196 	 228.590041 	 228.590041 	 52545.955257 	 2822303102.865302 
4197 	 249.028501 	 249.028501 	 62218.127103 	 3922459913.481101 
4198 	 202.417618 	 202.417618 	 41491.194685 	 1805939688.292978 
4199 	 257.564133 	 257.564133 	 66787.231696 	 4578864907.402566 
4200 	 246.699067 	 246.699067 	 61083.185448 	 3785802879.046782 
4201 	 238.823385 	 238.823385 	 57527.526523 	 3429900177.575517 
4202 	 168.923593 	 168.923593 	 29865.313188 	 1053998829.919089 
4203 	 263.848817 	 263.848817 	 70154.113251 	 5065956351.923038 
4204 	 267.253791 	 267.253791 	 71811.922523 	 5265458482.895220 
4205 	 288.188925 	 288.188925 	 83483.737309 	 7125642271.821516 
4206 	 283.648819 	 283.648819 	 80928.737073 	 6699005795.961183 
4207 	 259.155106 	 259.155106 	 67712.795649 	 4732506978.010084 
4208 	 192.939560 	 192.939560 	 38250.933127 	 1639300685.399869 
4209 	 198.709597 	 198.709597 	 39972.781910 	 1672166011.040652 
4210 	 266.229092 	 266.229092 	 71645.720700 	 5341150789.568535 
4211 	 238.918807 	 238.918807 	 57579.710933 	 3433391784.565336 
4212 	 106.969259 	 107.535910 	 15762.312094 	 456356655.019007 
4213 	 17.452609 	 25.523304 	 1223.250596 	 3955989.111000 
4214 	 110.485402 	 110.485402 	 13150.575754 	 212119964.396417 
4215 	 154.060245 	 154.060245 	 23872.101568 	 583418557.367805 
4216 	 143.760576 	 143.760576 	 20989.733514 	 466867884.778995 
4217 	 197.989332 	 197.989332 	 39546.833631 	 1617728234.698395 
4218 	 208.287336 	 208.287336 	 43792.487698 	 1992274155.947182 
4219 	 215.580804 	 215.580804 	 46898.750869 	 2275796370.933692 
4220 	 245.105268 	 245.105268 	 60505.357998 	 3763246586.073990 
4221 	 221.595427 	 221.595427 	 49299.471897 	 2467563225.228526 
4222 	 248.178790 	 248.178790 	 62234.825413 	 4037761308.022370 
4223 	 203.189944 	 203.189944 	 41485.008740 	 1754142200.993726 
4224 	 201.426575 	 201.426575 	 41082.748396 	 1774160555.654671 
4225 	 270.970883 	 270.970883 	 73886.461987 	 5588989602.802135 
4226 	 279.668119 	 279.668119 	 78398.188270 	 6204525289.820926 
4227 	 266.957710 	 266.957710 	 71778.615942 	 5306634415.260224 
4228 	 277.551555 	 277.551555 	 77437.475108 	 6117862167.810866 
4229 	 266.506082 	 266.506082 	 71380.588230 	 5193234449.940332 
4230 	 198.597581 	 198.597581 	 39920.105739 	 1672420958.391352 
4231 	 169.553832 	 169.553832 	 29332.431341 	 923807211.240347 
4232 	 152.378165 	 152.378165 	 23677.374678 	 605940369.885365 
4233 	 177.172134 	 177.172134 	 32642.317426 	 1203404764.337846 
4234 	 210.285725 	 210.285725 	 45048.483224 	 2174044272.708574 
4235 	 200.029509 	 200.029509 	 40380.443613 	 1691988266.017164 
4236 	 223.200154 	 223.200154 	 50305.670556 	 2628331732.774696 
4237 	 226.793356 	 226.793356 	 51640.445242 	 2709970016.207345 
4238 	 197.358138 	 197.358138 	 39346.459789 	 1611850533.453546 
4239 	 216.229965 	 216.229965 	 47325.155178 	 2344870255.114842 
4240 	 184.417538 	 184.417538 	 34170.120820 	 1188929648.765172 
4241 	 125.001430 	 125.001430 	 16760.697960 	 353988567.509040 
4242 	 65.133981 	 65.133981 	 4763.967983 	 32601561.041249 
4243 	 133.308224 	 133.308224 	 18129.343658 	 356527991.502673 
4244 	 102.177901 	 102.177901 	 10904.870300 	 138935621.398419 
4245 	 44.023377 	 44.023377 	 2627.717547 	 15175002.608268 
4246 	 132.983671 	 132.983671 	 19694.510973 	 501035554.601135 
4247 	 201.859541 	 201.859541 	 41676.187421 	 1889886444.140457 
4248 	 221.083544 	 221.083544 	 49403.218336 	 2545319237.156324 
4249 	 182.972210 	 182.972210 	 34596.472514 	 1360480215.126346 
4250 	 187.267746 	 187.267746 	 35576.827371 	 1330036267.258948 
4251 	 158.901083 	 158.901083 	 25775.820606 	 721924933.998702 
4252 	 230.512183 	 230.512183 	 53560.101862 	 2951836759.368404 
4253 	 195.201031 	 195.201031 	 38957.512906 	 1634502776.671305 
4254 	 142.753693 	 142.753693 	 20668.545663 	 448832750.658828 
4255 	 164.446225 	 164.446225 	 27509.897087 	 810340799.108235 
4256 	 179.383476 	 179.383476 	 32528.582582 	 1104592706.153426 
4257 	 142.255450 	 142.255450 	 20605.902416 	 456154215.200292 
4258 	 113.820420 	 113.820420 	 13388.112743 	 201626317.670156 
4259 	 119.195810 	 119.195810 	 14455.140161 	 222668778.631885 
4260 	 206.151578 	 206.151578 	 43769.449547 	 2124903004.085319 
4261 	 213.650842 	 213.650842 	 45790.732200 	 2122001860.568030 
4262 	 243.817332 	 243.817332 	 59819.920499 	 3667096688.614000 
4263 	 239.341067 	 239.341067 	 58397.872499 	 3694323318.991088 
4264 	 225.242814 	 225.242814 	 51007.725216 	 2657639164.838490 
4265 	 290.087415 	 290.087415 	 84936.203042 	 7458108602.429466 
4266 	 321.323153 	 321.323153 	 103401.441847 	 10756777961.708138 
4267 	 297.109945 	 297.109945 	 88709.775628 	 8032405692.199331 
4268 	 268.835898 	 268.835898 	 72545.654543 	 5337845235.780987 
4269 	 256.117185 	 256.117185 	 65926.833117 	 4434247538.305665 
4270 	 239.808186 	 239.808186 	 57838.731859 	 3422181699.204373 
4271 	 258.475181 	 258.475181 	 68724.488186 	 5167706363.350261 
4272 	 212.210724 	 212.210724 	 45345.455866 	 2112513228.542279 
4273 	 204.648699 	 204.648699 	 42080.601219 	 1804826641.198701 
4274 	 213.840657 	 213.840657 	 46022.660529 	 2170244848.709627 
4275 	 187.785746 	 187.785746 	 35578.397418 	 1309631153.434921 
4276 	 145.771199 	 145.771199 	 21482.710789 	 482306910.486158 
4277 	 135.486969 	 135.486969 	 18658.898839 	 370170494.352515 
4278 	 131.530306 	 131.530306 	 17655.571706 	 337452978.129717 
4279 	 162.331761 	 162.331761 	 27576.768741 	 864325632.746065 
4280 	 175.554831 	 175.554831 	 31515.773984 	 1080379582.026744 
4281 	 200.661688 	 200.661688 	 40476.628058 	 1672737240.726294 
4282 	 255.188491 	 255.188491 	 65486.090002 	 4383435724.962027 
4283 	 244.209961 	 244.209961 	 60143.374834 	 3721646300.971430 
4284 	 150.147841 	 150.147841 	 24033.433689 	 709553219.255688 
4285 	 137.100150 	 137.100150 	 19052.572732 	 381813050.590644 
4286 	 151.770096 	 151.770096 	 23403.565673 	 581252123.688955 
4287 	 138.043948 	 138.043948 	 19576.854419 	 417741829.461778 
4288 	 136.192515 	 136.192515 	 18712.241045 	 362772271.263688 
4289 	 159.047751 	 159.047751 	 25807.782806 	 707560577.265298 
4290 	 194.753553 	 194.753553 	 38308.313164 	 1523135960.419074 
4291 	 229.482896 	 229.482896 	 52929.118812 	 2855205203.365483 
4292 	 219.080136 	 219.080136 	 48227.590522 	 2369852217.767379 
4293 	 208.291477 	 208.291477 	 43750.354408 	 1975385650.912124 
4294 	 187.564307 	 187.564307 	 35455.903782 	 1295880913.599029 
4295 	 189.059996 	 189.059996 	 36113.061920 	 1357726674.980660 
4296 	 192.743026 	 192.743026 	 37526.621427 	 1466078494.437292 
4297 	 165.564469 	 165.564469 	 27585.587403 	 779882975.318236 
4298 	 161.883422 	 161.883422 	 27274.992153 	 867486005.135396 
4299 	 229.019241 	 229.019241 	 53583.256574 	 3095305019.474770 
4300 	 185.453689 	 185.453689 	 34890.570028 	 1284621149.687510 
4301 	 168.626748 	 168.626748 	 28679.375019 	 851192695.090640 
4302 	 193.443872 	 193.443872 	 37710.578334 	 1465251599.120487 
4303 	 208.672412 	 208.672412 	 43854.856300 	 1980540776.302212 
4304 	 151.201620 	 151.201620 	 23657.869034 	 638011969.105344 
4305 	 171.401150 	 171.401150 	 30090.187469 	 975602563.660534 
4306 	 122.535425 	 122.535425 	 15624.990609 	 286898950.428442 
4307 	 47.695174 	 47.695174 	 2886.406815 	 13993211.796039 
4308 	 135.426157 	 135.426157 	 19231.387926 	 433916208.125035 
4309 	 176.840113 	 176.840113 	 31621.049121 	 1043626835.699791 
4310 	 218.071467 	 218.071467 	 48068.035974 	 2405365705.146785 
4311 	 230.434986 	 230.434986 	 53344.252952 	 2899304125.424279 
4312 	 178.784594 	 178.784594 	 33431.998424 	 1309642613.694900 
4313 	 35.826648 	 48.513546 	 4114.864176 	 49822898.561136 
4314 	 -22.905082 	 30.119840 	 1376.661938 	 4234959.513771 
4315 	 -22.333401 	 28.797981 	 982.151372 	 1410065.421539 
4316 	 -32.860489 	 32.860489 	 1327.386195 	 3430762.900887 
4317 	 16.280592 	 18.418272 	 490.643380 	 546367.427437 
4318 	 -1.993041 	 22.455009 	 729.590124 	 985883.958446 
4319 	 -16.386866 	 38.453266 	 1810.268720 	 5118650.410259 
4320 	 34.575364 	 34.575364 	 1422.963296 	 3156947.547267 
4321 	 25.858290 	 25.858290 	 1107.280826 	 3035840.635719 
4322 	 -31.482189 	 32.462548 	 1585.958386 	 5360870.984229 
4323 	 -73.285078 	 73.285078 	 5558.105405 	 34838440.503388 
4324 	 -112.436417 	 112.436417 	 13157.776352 	 197596216.935356 
4325 	 -128.212921 	 128.212921 	 16656.033159 	 291301908.578399 
4326 	 -142.104491 	 142.104491 	 21035.443752 	 516986902.619748 
4327 	 -119.706500 	 119.706500 	 14730.563181 	 239633256.621817 
4328 	 -156.474002 	 156.474002 	 25155.685891 	 700343982.935027 
4329 	 -207.669156 	 207.669156 	 43527.817563 	 1963577783.668482 
4330 	 -187.993926 	 187.993926 	 35892.426648 	 1364824619.670820 
4331 	 -171.183634 	 171.183634 	 29580.587892 	 908392394.674145 
4332 	 -165.306663 	 165.306663 	 27970.997161 	 851943329.227955 
4333 	 -144.498001 	 144.498001 	 21742.310056 	 535749751.488355 
4334 	 -146.917642 	 146.917642 	 21881.187484 	 503112210.934301 
4335 	 -153.943478 	 153.943478 	 23828.519451 	 580800251.287031 
4336 	 -79.342708 	 79.342708 	 6926.837186 	 65394862.577252 
4337 	 -66.057153 	 66.057153 	 4961.370674 	 34979264.275961 
4338 	 20.527751 	 36.114042 	 1704.189447 	 5054446.964780 
4339 	 -21.594446 	 29.590601 	 994.023073 	 1388442.888994 
4340 	 -74.546476 	 74.546476 	 5892.792185 	 43192420.141171 
4341 	 -140.559231 	 140.559231 	 20056.708538 	 424231935.441240 
4342 	 -190.772726 	 190.772726 	 37078.715160 	 1486866018.323364 
4343 	 -265.628047 	 265.628047 	 71007.444464 	 5177265076.006414 
4344 	 -311.958956 	 311.958956 	 97495.007003 	 9574628152.869305 
4345 	 -284.509240 	 284.509240 	 81249.566461 	 6701851129.406330 
4346 	 -308.531215 	 308.531215 	 95786.145866 	 9394059668.859118 
4347 	 -292.051720 	 292.051720 	 86192.252431 	 7749466584.034079 
4348 	 -224.177937 	 224.177937 	 51576.296944 	 2922557077.862208 
4349 	 -148.988391 	 148.988391 	 22801.020849 	 570596464.277695 
4350 	 -73.827921 	 73.827921 	 5792.062045 	 42700513.073411 
4351 	 -60.574202 	 60.574202 	 4042.363823 	 21724763.846918 
4352 	 -72.516175 	 72.516175 	 5422.724146 	 32733801.893780 
4353 	 -112.981294 	 112.981294 	 13875.636530 	 260977251.768563 
4354 	 -169.295027 	 169.295027 	 29997.274007 	 1046912280.264551 
4355 	 -172.118666 	 172.118666 	 30067.274792 	 951421036.161556 
4356 	 -171.355680 	 171.355680 	 29613.523843 	 906162342.182095 
4357 	 -171.016186 	 171.016186 	 30287.447449 	 1041541342.245935 
4358 	 -159.372977 	 159.372977 	 25707.227167 	 693546513.744376 
4359 	 -166.121905 	 166.121905 	 27860.291733 	 807318880.455317 
4360 	 -209.720259 	 209.720259 	 45217.052882 	 2236975688.168678 
4361 	 -286.695537 	 286.695537 	 82951.504112 	 7116101639.236996 
4362 	 -297.227697 	 297.227697 	 88772.073330 	 8023299300.024580 
4363 	 -255.755547 	 255.755547 	 65745.425592 	 4409381109.373215 
4364 	 -211.359660 	 211.359660 	 44949.403247 	 2066024593.786921 
4365 	 -174.698225 	 174.698225 	 31229.617500 	 1056734670.109181 
4366 	 -179.178373 	 179.178373 	 32604.286174 	 1122653732.762717 
4367 	 -164.079054 	 164.079054 	 27139.219379 	 758262805.523713 
4368 	 -154.599626 	 154.599626 	 24852.038811 	 710003092.449198 
4369 	 -159.010163 	 159.010163 	 25870.709244 	 730145933.955443 
4370 	 -80.646726 	 82.119296 	 9021.578202 	 156855542.645826 
4371 	 -19.620838 	 20.226875 	 591.510576 	 744208.849954 
4372 	 -48.475528 	 48.475528 	 2719.233079 	 11329507.977338 
4373 	 -55.969051 	 55.969051 	 3606.354468 	 18643840.141210 
4374 	 -73.669946 	 73.669946 	 6115.436974 	 54895161.814584 
4375 	 -63.731316 	 63.731316 	 4245.323647 	 21372568.493167 
4376 	 -146.581046 	 146.581046 	 22081.956093 	 534134190.010605 
4377 	 -130.871098 	 130.871098 	 18304.942585 	 411842749.900312 
4378 	 -72.508742 	 72.508742 	 5876.828314 	 47270729.866770 
4379 	 -82.698660 	 82.698660 	 7319.393896 	 65444370.621041 
4380 	 -76.614335 	 76.614335 	 6143.845515 	 44835511.238647 
4381 	 -93.471596 	 93.471596 	 9785.524643 	 146002167.233196 
4382 	 -57.444686 	 57.444686 	 3513.686333 	 14900739.328421 
4383 	 -103.037907 	 103.037907 	 13384.266423 	 329667281.635014 
4384 	 -106.851726 	 106.851726 	 14023.146565 	 326051676.918521 
4385 	 -25.828008 	 26.283090 	 925.113879 	 1472252.905610 
4386 	 -0.765436 	 18.898013 	 472.217208 	 467799.444780 
4387 	 -11.385618 	 12.568979 	 232.412922 	 177954.861571 
4388 	 -62.953442 	 62.953442 	 4205.030298 	 21189584.692581 
4389 	 -94.844264 	 94.844264 	 9342.992515 	 100407287.062349 
4390 	 -107.562573 	 107.562573 	 11826.162550 	 150642971.514266 
4391 	 -128.754899 	 128.754899 	 18038.214112 	 426007395.443062 
4392 	 -118.040859 	 118.040859 	 14120.622796 	 210152275.514156 
4393 	 -138.158193 	 138.158193 	 19262.216433 	 383948456.883441 
4394 	 -91.148192 	 91.148192 	 9109.831778 	 108281731.265168 
4395 	 -73.576960 	 73.576960 	 5763.330743 	 40723751.083223 
4396 	 -73.457855 	 73.457855 	 5811.187545 	 41245131.522549 
4397 	 -154.619065 	 154.619065 	 25792.216861 	 836448929.093770 
4398 	 -247.487436 	 247.487436 	 61543.195147 	 3861503979.596265 
4399 	 -227.566202 	 227.566202 	 52263.069994 	 2828108175.543182 
4400 	 -219.787458 	 219.787458 	 49037.253267 	 2534299599.881304 
4401 	 -188.867724 	 188.867724 	 36083.382803 	 1350853715.697532 
4402 	 -198.221807 	 198.221807 	 40385.027557 	 1798071096.162587 
4403 	 -159.083576 	 159.083576 	 26805.744568 	 887169784.418356 
4404 	 -136.656859 	 136.656859 	 18952.173791 	 380933234.145199 
4405 	 -72.152893 	 72.152893 	 5494.232231 	 37012896.066307 
4406 	 -81.142253 	 81.142253 	 7303.119868 	 72728245.091893 
4407 	 -140.699055 	 140.699055 	 20478.612791 	 471545380.495350 
4408 	 -104.523610 	 104.523610 	 11335.011220 	 146778893.601790 
4409 	 -20.301279 	 22.670846 	 784.867910 	 1402239.035985 
4410 	 -48.711465 	 48.711465 	 2720.916052 	 9897712.649422 
4411 	 -57.015376 	 57.015376 	 3470.109166 	 14240744.813784 
4412 	 3.329893 	 30.757407 	 1168.168923 	 2156218.231507 
4413 	 26.651488 	 30.622121 	 1617.886640 	 6351675.615651 
4414 	 -26.868836 	 28.744349 	 1259.979915 	 4189956.397062 
4415 	 -40.942035 	 40.942035 	 2102.060277 	 7735310.580156 
4416 	 -10.788004 	 24.205048 	 1084.037804 	 3734194.898943 
4417 	 -55.956341 	 55.956341 	 3522.109254 	 17936001.261413 
4418 	 -75.528651 	 75.528651 	 6183.246745 	 47413181.999495 
4419 	 -103.320440 	 103.320440 	 11194.238595 	 146859745.415497 
4420 	 -74.053817 	 74.053817 	 5698.068537 	 37313668.621950 
4421 	 -136.864721 	 136.864721 	 19146.135925 	 401498723.310201 
4422 	 -187.361739 	 187.361739 	 35383.599424 	 1291351425.084941 
4423 	 -181.317325 	 181.317325 	 33250.740278 	 1154342561.652864 
4424 	 -166.253456 	 166.253456 	 28264.974449 	 870485153.174058 
4425 	 -211.167320 	 211.167320 	 46470.134584 	 2459708277.812637 
4426 	 -157.425469 	 157.425469 	 25145.984949 	 668508217.768051 
4427 	 -126.457879 	 126.457879 	 16543.929095 	 308604171.457106 
4428 	 -68.585508 	 68.585508 	 5474.705861 	 43044164.826136 
4429 	 -66.701485 	 66.701485 	 5813.867174 	 67860245.315152 
4430 	 -98.267128 	 98.267128 	 10118.489766 	 119033785.249772 
4431 	 -52.754352 	 52.754352 	 3872.479991 	 26911818.463867 
4432 	 38.343454 	 42.773829 	 2240.751080 	 8335574.214725 
4433 	 86.148287 	 86.148287 	 7717.268489 	 67504019.580858 
4434 	 5.586379 	 16.640733 	 379.243106 	 285199.253151 
4435 	 42.780369 	 43.690738 	 3194.895515 	 30820352.016249 
4436 	 99.130061 	 99.130061 	 10536.395530 	 138653149.183632 
4437 	 133.530818 	 133.530818 	 19628.240648 	 496190217.696198 
4438 	 177.138002 	 177.138002 	 31567.766121 	 1019082764.399143 
4439 	 195.849689 	 195.849689 	 39308.018791 	 1691799849.254523 
4440 	 185.005428 	 185.005428 	 34942.197446 	 1316768414.529626 
4441 	 213.695802 	 213.695802 	 45840.036060 	 2132610228.822703 
4442 	 259.563867 	 259.563867 	 68239.856724 	 4872167780.412482 
4443 	 269.209304 	 269.209304 	 72594.000706 	 5305723584.527056 
4444 	 250.558461 	 250.558461 	 63071.565530 	 4047819844.892651 
4445 	 194.958215 	 194.958215 	 38615.817317 	 1585091980.924585 
4446 	 93.873980 	 93.873980 	 10964.427010 	 204415171.977523 
4447 	 34.796937 	 34.900818 	 1499.510981 	 3349419.795948 
4448 	 33.764653 	 33.764653 	 1577.369420 	 5103752.197509 
4449 	 46.640747 	 46.640747 	 2839.664028 	 15757419.160106 
4450 	 91.696793 	 91.696793 	 9032.040403 	 104377520.108867 
4451 	 60.001334 	 60.001334 	 5021.478096 	 47748550.418463 
4452 	 99.632396 	 99.632396 	 10416.263886 	 126311744.602923 
4453 	 66.593555 	 66.593555 	 5056.284025 	 37275348.708699 
4454 	 -8.893992 	 25.862512 	 1127.480716 	 3278547.168862 
4455 	 -78.637577 	 78.637577 	 6653.166811 	 54335198.752731 
4456 	 1.875565 	 14.342989 	 284.661391 	 143247.034375 
4457 	 -7.344772 	 18.066196 	 481.844552 	 678658.870237 
4458 	 -56.458831 	 56.458831 	 3510.535998 	 15501177.437397 
4459 	 -45.617514 	 45.617514 	 2428.417749 	 8791769.417960 
4460 	 -143.117130 	 143.117130 	 21458.610355 	 534361574.761052 
4461 	 -141.792691 	 141.792691 	 20387.439816 	 439033251.877995 
4462 	 -142.752905 	 142.752905 	 20661.094979 	 449655011.628426 
4463 	 -148.892945 	 148.892945 	 22499.197163 	 534852405.377861 
4464 	 -160.289951 	 160.289951 	 26071.094259 	 720642567.226940 
4465 	 -126.223041 	 126.223041 	 16182.435511 	 278590624.079076 
4466 	 -148.194000 	 148.194000 	 22632.198808 	 561745013.845680 
4467 	 -130.742363 	 130.742363 	 17523.325551 	 340633350.740048 
4468 	 -177.705000 	 177.705000 	 31740.549189 	 1028448832.228440 
4469 	 -159.647457 	 159.647457 	 25856.505736 	 709769396.081390 
4470 	 -150.150087 	 150.150087 	 24276.411913 	 738763620.406165 
4471 	 -253.875215 	 253.875215 	 65249.575256 	 4448351346.398879 
4472 	 -216.159297 	 216.159297 	 48974.633248 	 2817093907.013657 
4473 	 -202.311728 	 202.311728 	 42433.612290 	 2037145440.002945 
4474 	 -300.445288 	 300.445288 	 90887.151942 	 8494127856.896542 
4475 	 -285.413144 	 285.413144 	 82146.804060 	 6951838615.372677 
4476 	 -305.566995 	 305.566995 	 93521.724495 	 8801165910.172564 
4477 	 -283.948983 	 283.948983 	 80700.903149 	 6536417389.937251 
4478 	 -246.026411 	 246.026411 	 60839.905485 	 3776373966.096868 
4479 	 -244.601521 	 244.601521 	 60566.533189 	 3847896853.571647 
4480 	 -141.956481 	 141.956481 	 21660.298169 	 592229124.238064 
4481 	 -97.764436 	 97.764436 	 9750.799424 	 101571524.042688 
4482 	 -105.805171 	 105.805171 	 11464.511906 	 143665877.151792 
4483 	 -115.830459 	 115.830459 	 13667.812045 	 201269613.438639 
4484 	 -129.005247 	 129.005247 	 17357.595014 	 341962126.748122 
4485 	 -152.164783 	 152.164783 	 23426.742768 	 575500903.895810 
4486 	 -185.801035 	 185.801035 	 35312.720806 	 1366360947.351559 
4487 	 -237.811516 	 237.811516 	 56732.127895 	 3258948664.211349 
4488 	 -211.809892 	 211.809892 	 45678.431631 	 2234374687.670405 
4489 	 -182.829005 	 182.829005 	 33783.035618 	 1190197440.250980 
4490 	 -182.968281 	 182.968281 	 35450.964401 	 1567924777.122025 
4491 	 -267.768537 	 267.768537 	 71942.852452 	 5243936449.458465 
4492 	 -222.010743 	 222.010743 	 50055.855351 	 2670742429.797602 
4493 	 -180.188462 	 180.188462 	 32804.420433 	 1121589983.132238 
4494 	 -210.308851 	 210.308851 	 44591.652529 	 2049829750.122724 
4495 	 -187.202308 	 187.202308 	 35951.156468 	 1442208341.353455 
4496 	 -266.834554 	 266.834554 	 71374.847961 	 5142722721.212645 
4497 	 -264.406200 	 264.406200 	 70278.764301 	 5043091974.997412 
4498 	 -270.070729 	 270.070729 	 73134.219104 	 5410068734.483003 
4499 	 -225.243651 	 225.243651 	 50953.490516 	 2636709271.526705 
4500 	 -258.262703 	 258.262703 	 66924.795755 	 4540554983.645899 
4501 	 -222.515497 	 222.515497 	 52016.775835 	 3174857670.580830 
4502 	 -130.910572 	 130.910572 	 17543.544033 	 337778316.809216 
4503 	 -78.762630 	 78.762630 	 6740.813252 	 58550440.805061 
4504 	 -62.387748 	 62.387748 	 4686.514568 	 34645279.777028 
4505 	 -91.883306 	 91.883306 	 8908.768806 	 95208951.587287 
4506 	 -86.539910 	 86.539910 	 7979.173483 	 78672558.161895 
4507 	 -98.427226 	 98.427226 	 9957.476150 	 108749148.135030 
4508 	 -58.697130 	 60.634756 	 4125.477312 	 21915649.539195 
4509 	 -76.497061 	 76.497061 	 6349.199951 	 50265530.525218 
4510 	 -128.263938 	 128.263938 	 16872.974946 	 310218264.783856 
4511 	 -151.856281 	 151.856281 	 23762.557177 	 639836862.300550 
4512 	 -180.015395 	 180.015395 	 33012.699990 	 1168526578.460780 
4513 	 -162.301216 	 162.301216 	 27218.605367 	 842102424.134629 
4514 	 -83.642028 	 83.642028 	 7502.986774 	 71556382.159155 
4515 	 -105.419781 	 105.419781 	 11835.992479 	 172206554.040155 
4516 	 -170.102998 	 170.102998 	 29776.771766 	 1001169731.552156 
4517 	 -244.859451 	 244.859451 	 60998.191421 	 3936370696.713452 
4518 	 -267.601724 	 267.601724 	 72141.481135 	 5360165311.826542 
4519 	 -230.105918 	 230.105918 	 53108.413249 	 2855300896.230069 
4520 	 -195.085064 	 195.085064 	 38295.009120 	 1502451658.747355 
4521 	 -174.183995 	 174.183995 	 30627.887991 	 972697643.903603 
4522 	 -201.367899 	 201.367899 	 41028.468968 	 1761080979.125465 
4523 	 -187.955566 	 187.955566 	 36170.102890 	 1422289004.149442 
4524 	 -236.942568 	 236.942568 	 56737.952958 	 3345243252.685231 
4525 	 -210.866362 	 210.866362 	 45394.444270 	 2248385806.773966 
4526 	 -207.626408 	 207.626408 	 43465.183131 	 1950373606.679132 
4527 	 -205.496262 	 205.496262 	 42489.836963 	 1851108124.767842 
4528 	 -162.143103 	 162.143103 	 26620.994003 	 742145633.275144 
4529 	 -226.579574 	 226.579574 	 52895.193532 	 3099712361.692134 
4530 	 -252.405242 	 252.405242 	 64093.901894 	 4212067670.972888 
4531 	 -301.530351 	 301.530351 	 91088.181693 	 8358258566.189178 
4532 	 -266.992670 	 266.992670 	 71414.787316 	 5137975552.049726 
4533 	 -226.738132 	 226.738132 	 51738.250197 	 2746298396.254903 
4534 	 -216.973752 	 216.973752 	 47501.028532 	 2338360900.579600 
4535 	 -249.263432 	 249.263432 	 62395.540253 	 3959811977.848480 
4536 	 -269.987150 	 269.987150 	 73211.253029 	 5454692675.358601 
4537 	 -260.277053 	 260.277053 	 67917.450515 	 4659930266.251524 
4538 	 -229.859631 	 229.859631 	 53089.534752 	 2873413278.112502 
4539 	 -199.256574 	 199.256574 	 39959.377284 	 1637152293.870507 
4540 	 -90.592559 	 90.592559 	 9493.041351 	 144010315.602324 
4541 	 40.638536 	 44.321437 	 2496.367797 	 10155929.302862 
4542 	 42.028102 	 42.028102 	 2086.061240 	 7089685.330112 
4543 	 41.899618 	 41.899618 	 1870.829655 	 4254473.314390 
4544 	 70.096091 	 70.096091 	 5147.470134 	 30693477.298209 
4545 	 86.302547 	 86.302547 	 7598.127960 	 62160186.657792 
4546 	 121.876302 	 121.876302 	 15372.273518 	 268531967.478903 
4547 	 151.169896 	 151.169896 	 23156.485487 	 563966100.872645 
4548 	 190.878056 	 190.878056 	 36897.477088 	 1427263819.778876 
4549 	 213.628775 	 213.628775 	 46009.952586 	 2178185709.456810 
4550 	 145.981136 	 145.981136 	 21517.090843 	 480187575.771721 
4551 	 146.124827 	 146.124827 	 21866.395143 	 520571505.606772 
4552 	 158.724148 	 158.724148 	 26409.604355 	 833404187.997398 
4553 	 211.782952 	 211.782952 	 45386.569930 	 2154162962.985654 
4554 	 196.023542 	 196.023542 	 38855.168447 	 1574068223.159222 
4555 	 228.289790 	 228.289790 	 52923.014249 	 2954949919.500912 
4556 	 217.969961 	 217.969961 	 47749.967375 	 2327778963.526312 
4557 	 259.483264 	 259.483264 	 67971.677762 	 4777241164.379950 
4558 	 247.415613 	 247.415613 	 61451.470621 	 3832226083.515821 
4559 	 221.685088 	 221.685088 	 49613.938570 	 2557509004.359621 
4560 	 184.351876 	 184.351876 	 34634.175750 	 1290784185.513258 
4561 	 72.863856 	 72.863856 	 7218.503912 	 108735188.202376 
4562 	 39.671531 	 39.671531 	 2308.283255 	 11177572.020726 
4563 	 119.347398 	 119.347398 	 14444.789390 	 219222623.484695 
4564 	 89.317659 	 89.317659 	 9146.913797 	 114976280.562527 
4565 	 65.602731 	 65.602731 	 5053.535422 	 39996069.009979 
4566 	 205.498422 	 205.498422 	 43718.679421 	 2152759103.597872 
4567 	 268.513691 	 268.513691 	 72501.568210 	 5372756939.327125 
4568 	 287.276183 	 287.276183 	 82895.425724 	 6991396763.855648 
4569 	 291.036865 	 291.036865 	 85278.825003 	 7464778868.821796 
4570 	 280.515801 	 280.515801 	 80153.244352 	 6843085585.989833 
4571 	 235.024816 	 235.024816 	 55650.887376 	 3192905853.332267 
4572 	 243.637744 	 243.637744 	 60730.051055 	 3978531201.485747 
4573 	 165.554899 	 165.554899 	 27844.654781 	 826611129.672562 
4574 	 200.606545 	 200.606545 	 41269.804226 	 1850679638.266442 
4575 	 199.045105 	 199.045105 	 39871.671293 	 1630735607.772659 
4576 	 207.988991 	 207.988991 	 43547.763725 	 1944641383.583878 
4577 	 140.488175 	 140.488175 	 19963.835112 	 415933352.328927 
4578 	 131.359428 	 131.359428 	 17706.997252 	 343678813.159353 
4579 	 126.738027 	 126.738027 	 17220.196250 	 369418705.420094 
4580 	 144.785847 	 144.785847 	 21381.007356 	 493446143.297516 
4581 	 99.413571 	 99.413571 	 10835.247136 	 154548650.680626 
4582 	 78.556970 	 78.556970 	 6486.139732 	 50393247.110362 
4583 	 143.813788 	 143.813788 	 21454.659473 	 514887119.207811 
4584 	 143.481307 	 143.481307 	 21010.108320 	 482626492.883820 
4585 	 174.223027 	 174.223027 	 31407.379228 	 1145315276.160996 
4586 	 281.178232 	 281.178232 	 79273.736008 	 6353041514.472970 
4587 	 293.612080 	 293.612080 	 86600.055108 	 7629316822.851660 
4588 	 252.798253 	 252.798253 	 64581.718734 	 4348500904.258475 
4589 	 214.051055 	 214.051055 	 46008.792070 	 2154718464.032218 
4590 	 250.925355 	 250.925355 	 63647.956380 	 4214638343.212591 
4591 	 255.437337 	 255.437337 	 65615.572283 	 4401982591.282284 
4592 	 253.742671 	 253.742671 	 65279.471733 	 4509120858.298749 
4593 	 271.642032 	 271.642032 	 74316.038267 	 5675341213.380499 
4594 	 282.604699 	 282.604699 	 80080.432048 	 6484719383.960443 
4595 	 287.368007 	 287.368007 	 82773.804254 	 6916174808.845984 
4596 	 237.942568 	 237.942568 	 56821.063285 	 3275704837.641025 
4597 	 245.026589 	 245.026589 	 60609.221987 	 3801342365.555899 
4598 	 196.583782 	 196.583782 	 39273.231299 	 1649311844.119456 
4599 	 170.190923 	 170.190923 	 30496.000764 	 1090459656.529899 
4600 	 110.444933 	 110.444933 	 12533.703640 	 177023093.800669 
4601 	 137.526596 	 137.526596 	 20184.565396 	 502351922.890067 
4602 	 189.322532 	 189.322532 	 36313.546459 	 1383392441.317746 
4603 	 176.378784 	 176.378784 	 31385.825134 	 1020997547.930805 
4604 	 205.891061 	 205.891061 	 42791.001073 	 1896955724.683628 
4605 	 182.310708 	 182.310708 	 33397.446314 	 1137160356.340193 
4606 	 209.122987 	 209.122987 	 43896.975048 	 1953688102.854943 
4607 	 243.923994 	 243.923994 	 59732.917051 	 3624971236.422912 
4608 	 201.476572 	 201.476572 	 42009.953582 	 2004343517.755216 
4609 	 146.616278 	 146.616278 	 21766.962948 	 500474615.784336 
4610 	 218.794081 	 218.794081 	 48202.511475 	 2384391205.741010 
4611 	 245.881998 	 245.881998 	 60780.897935 	 3769648677.079650 
4612 	 215.677036 	 215.677036 	 46900.137592 	 2273942668.358312 
4613 	 231.139176 	 231.139176 	 53654.712611 	 2928697448.638893 
4614 	 239.716513 	 239.716513 	 57776.026322 	 3406546658.582646 
4615 	 226.545959 	 226.545959 	 51673.108448 	 2740398768.738065 
4616 	 240.198280 	 240.198280 	 58010.403281 	 3440753022.918312 
4617 	 213.695120 	 213.695120 	 46018.307208 	 2185099657.938006 
4618 	 209.145322 	 209.145322 	 44138.724380 	 2018284699.083816 
4619 	 191.479322 	 191.479322 	 36938.655073 	 1405896927.687632 
4620 	 173.545706 	 173.545706 	 30676.915145 	 1012552720.808431 
4621 	 140.212392 	 140.212392 	 19983.309345 	 422611961.791815 
4622 	 96.394540 	 96.394540 	 10188.583912 	 136952175.166525 
4623 	 51.093254 	 51.093254 	 2856.324265 	 11019288.140575 
4624 	 83.446034 	 83.446034 	 7589.603192 	 77601086.830881 
4625 	 105.175743 	 105.175743 	 11535.921548 	 154410902.879610 
4626 	 125.667950 	 125.667950 	 16908.906009 	 357534998.087923 
4627 	 160.488319 	 160.488319 	 26034.713767 	 706300341.019629 
4628 	 154.505962 	 154.505962 	 24525.751200 	 666182166.053422 
4629 	 77.760292 	 79.906170 	 8008.013491 	 98779027.714703 
4630 	 48.953682 	 50.861125 	 4302.818561 	 45265221.487156 
4631 	 110.992776 	 110.992776 	 13185.367718 	 218966301.910731 
4632 	 152.378904 	 152.378904 	 23486.647857 	 576386572.608562 
4633 	 197.041597 	 197.041597 	 39246.555892 	 1605241659.267982 
4634 	 224.510216 	 224.510216 	 50841.518106 	 2672747489.649350 
4635 	 215.218417 	 215.218417 	 46816.737396 	 2287940718.935639 
4636 	 216.668552 	 216.668552 	 47431.654249 	 2343082357.705191 
4637 	 133.476322 	 133.476322 	 18708.439008 	 416894292.773786 
4638 	 172.430976 	 172.430976 	 31353.318739 	 1159819775.572303 
4639 	 229.076505 	 229.076505 	 52901.601495 	 2887777501.001733 
4640 	 212.967406 	 212.967406 	 46182.112042 	 2281150459.037166 
4641 	 124.033269 	 124.033269 	 16529.195168 	 357235421.121433 
4642 	 83.692500 	 83.692500 	 7255.352088 	 59819943.726707 
4643 	 84.199455 	 84.199455 	 7445.077994 	 67338570.137386 
4644 	 113.167385 	 113.167385 	 13456.379598 	 212943973.936703 
4645 	 164.783678 	 164.783678 	 27328.485162 	 766546678.409162 
4646 	 179.797166 	 179.797166 	 32550.862850 	 1090344472.145052 
4647 	 183.480942 	 183.480942 	 34310.335478 	 1266194974.221245 
4648 	 169.513831 	 169.513831 	 29130.744111 	 894306857.001104 
4649 	 147.363130 	 147.363130 	 22519.930113 	 575749470.214212 
4650 	 74.310179 	 74.310179 	 6008.563292 	 45794091.349622 
4651 	 17.268247 	 21.722253 	 629.482290 	 855396.333241 
4652 	 62.337335 	 62.337335 	 5093.539516 	 49381220.960320 
4653 	 33.760996 	 34.197014 	 1689.897681 	 6031154.631963 
4654 	 34.067378 	 34.067378 	 1386.937068 	 3550019.372512 
4655 	 -5.468179 	 8.267653 	 152.500408 	 99369.108543 
4656 	 -16.393445 	 19.011848 	 643.766884 	 1156664.137850 
4657 	 -131.216323 	 131.216323 	 19336.598074 	 513553474.992780 
4658 	 -203.583154 	 203.583154 	 41714.401106 	 1786772556.685877 
4659 	 -224.453392 	 224.453392 	 50541.312942 	 2587765993.436975 
4660 	 -210.192246 	 210.192246 	 45419.315662 	 2266904030.981177 
4661 	 -183.493821 	 183.493821 	 33933.726581 	 1185968209.475216 
4662 	 -147.588571 	 147.588571 	 22313.724362 	 547220081.037563 
4663 	 -148.272579 	 148.272579 	 22127.397499 	 502663610.448430 
4664 	 -136.132069 	 136.132069 	 19011.728193 	 398540235.600344 
4665 	 -178.332245 	 178.332245 	 33545.081431 	 1330534603.699996 
4666 	 -205.886305 	 205.886305 	 43920.182762 	 2181374444.609674 
4667 	 -143.030866 	 143.030866 	 20676.877867 	 444932998.739533 
4668 	 -119.728174 	 119.728174 	 15080.545168 	 273564287.551957 
4669 	 -142.019509 	 142.019509 	 21060.458869 	 520443393.615593 
4670 	 -96.991661 	 96.991661 	 9923.339208 	 119867146.041067 
4671 	 -153.694022 	 153.694022 	 23794.329259 	 581909009.550493 
4672 	 -179.696174 	 179.696174 	 33180.610519 	 1211333506.195451 
4673 	 -181.617843 	 181.617843 	 33327.200835 	 1156190805.269371 
4674 	 -169.260432 	 169.260432 	 29388.636148 	 954174541.634408 
4675 	 -146.831784 	 146.831784 	 22009.911788 	 524720191.902088 
4676 	 -217.406772 	 217.406772 	 47747.055829 	 2362709819.645271 
4677 	 -238.565450 	 238.565450 	 57249.027752 	 3352490151.295488 
4678 	 -174.938007 	 174.938007 	 30755.394736 	 965041358.800666 
4679 	 -154.812168 	 154.812168 	 24518.374205 	 654674962.979317 
4680 	 -139.553819 	 139.553819 	 19829.621292 	 419366407.146306 
4681 	 -178.653660 	 178.653660 	 32337.459850 	 1099798857.544308 
4682 	 -263.477629 	 263.477629 	 69993.381426 	 5052832305.896903 
4683 	 -265.060328 	 265.060328 	 70852.183737 	 5180297398.922445 
4684 	 -154.770542 	 154.770542 	 24693.294442 	 681402949.992343 
4685 	 -196.722540 	 196.722540 	 39117.599550 	 1595373838.847977 
4686 	 -206.526266 	 206.526266 	 42983.226275 	 1905231046.128609 
4687 	 -181.390513 	 181.390513 	 33278.615632 	 1153517371.777420 
4688 	 -176.842993 	 176.842993 	 31812.026082 	 1082334911.949144 
4689 	 -234.012647 	 234.012647 	 54963.376791 	 3065442797.092979 
4690 	 -204.346075 	 204.346075 	 41954.559036 	 1793457600.311045 
4691 	 -228.351512 	 228.351512 	 52553.049143 	 2851658412.819334 
4692 	 -117.576525 	 117.576525 	 18077.845069 	 626183493.941828 
4693 	 5.004898 	 17.862452 	 451.378788 	 559297.932001 
4694 	 33.683669 	 33.683669 	 1722.694477 	 7587774.207655 
4695 	 113.031622 	 113.031622 	 13050.330606 	 184013612.361499 
4696 	 95.771302 	 95.771302 	 9820.974350 	 123569136.171295 
4697 	 26.558183 	 57.901804 	 4174.122222 	 32993388.539625 
4698 	 -40.094310 	 40.094310 	 1790.078938 	 4214827.134086 
4699 	 -46.601128 	 46.601128 	 2381.584729 	 7400897.326795 
4700 	 -51.362995 	 51.362995 	 2958.999699 	 12085292.873483 
4701 	 -21.591796 	 27.905124 	 1047.869949 	 2685728.019666 
4702 	 -58.251151 	 58.251151 	 4681.597747 	 45871403.041822 
4703 	 -124.326219 	 124.326219 	 15754.352517 	 266669236.384615 
4704 	 -180.575227 	 180.575227 	 32891.886936 	 1119913401.070261 
4705 	 -239.995180 	 239.995180 	 57949.486247 	 3441610272.893818 
4706 	 -249.639470 	 249.639470 	 62700.602420 	 4025296962.725340 
4707 	 -198.410391 	 198.410391 	 39987.917794 	 1699394852.786145 
4708 	 -212.864441 	 212.864441 	 45555.607846 	 2118696755.841430 
4709 	 -174.830224 	 174.830224 	 31367.402257 	 1084602802.471849 
4710 	 -132.917264 	 132.917264 	 17967.835580 	 345460580.173752 
4711 	 -108.142102 	 108.142102 	 11932.511920 	 155338657.119425 
4712 	 -93.605604 	 93.605604 	 9891.698405 	 139802513.861516 
4713 	 -84.113878 	 84.113878 	 8128.268761 	 95972591.726809 
4714 	 -113.895325 	 113.895325 	 13739.540908 	 219746707.442836 
4715 	 -140.809932 	 140.809932 	 20625.845337 	 493171400.575336 
4716 	 -130.247332 	 130.247332 	 17254.489790 	 316676962.290100 
4717 	 -80.390899 	 80.390899 	 7330.588730 	 80691148.202067 
4718 	 -94.047633 	 94.047633 	 9120.004712 	 92399227.953212 
4719 	 -137.003163 	 137.003163 	 21877.328571 	 699966242.234425 
4720 	 -199.005437 	 199.005437 	 39902.991514 	 1644213350.725499 
4721 	 -192.748051 	 192.748051 	 37475.553502 	 1454495998.986742 
4722 	 -177.028167 	 177.028167 	 31578.875395 	 1027544335.991106 
4723 	 -196.658816 	 196.658816 	 39575.052690 	 1705492515.043668 
4724 	 -184.734917 	 184.734917 	 34986.590782 	 1339529882.948221 
4725 	 -175.512313 	 175.512313 	 31111.703388 	 1004766425.831930 
4726 	 -180.043944 	 180.043944 	 32831.992201 	 1131459770.698237 
4727 	 -175.543252 	 175.543252 	 31251.488250 	 1029198581.055603 
4728 	 -248.172081 	 248.172081 	 62231.991561 	 4022517630.244663 
4729 	 -284.520636 	 284.520636 	 81487.096592 	 6815096338.657316 
4730 	 -277.740094 	 277.740094 	 77408.331049 	 6076700384.620327 
4731 	 -261.321249 	 261.321249 	 68445.094052 	 4727145484.069984 
4732 	 -228.160206 	 228.160206 	 52325.742716 	 2796742462.762699 
4733 	 -208.194243 	 208.194243 	 43576.717206 	 1940429669.270152 
4734 	 -235.200210 	 235.200210 	 55718.426660 	 3192564478.602822 
4735 	 -195.098599 	 195.098599 	 38387.385581 	 1518691271.461874 
4736 	 -157.363121 	 157.363121 	 25006.415128 	 651567421.100951 
4737 	 -175.291305 	 175.291305 	 30972.952153 	 988432238.674488 
4738 	 -158.317685 	 158.317685 	 26239.577319 	 807835279.757831 
4739 	 -144.668401 	 144.668401 	 21461.682396 	 501077415.392389 
4740 	 -224.362185 	 224.362185 	 51315.225303 	 2828378984.211568 
4741 	 -195.260195 	 195.260195 	 38377.915373 	 1513109210.817931 
4742 	 -152.929662 	 152.929662 	 23812.848403 	 604171181.708177 
4743 	 -36.743926 	 36.743926 	 1675.356542 	 5844684.722492 
4744 	 67.166947 	 67.166947 	 5046.470554 	 34355160.495479 
4745 	 41.014116 	 41.014116 	 1956.287390 	 5805085.630550 
4746 	 28.619316 	 32.378652 	 1362.043913 	 3041283.787046 
4747 	 60.887222 	 70.854191 	 6235.337136 	 59444113.211341 
4748 	 139.302591 	 139.302591 	 20146.032311 	 465271518.097485 
4749 	 209.928740 	 209.928740 	 44586.273708 	 2076436488.306845 
4750 	 212.301195 	 212.301195 	 45498.402232 	 2149064483.388548 
4751 	 212.846204 	 212.846204 	 45414.936949 	 2083592920.644531 
4752 	 198.477045 	 198.477045 	 39544.699188 	 1588969436.628262 
4753 	 193.222026 	 193.222026 	 37502.887134 	 1431575701.342865 
4754 	 155.074314 	 155.074314 	 25442.967866 	 783574809.203490 
4755 	 77.423405 	 77.423405 	 6564.022501 	 57976341.885526 
4756 	 19.856323 	 25.761590 	 1032.416616 	 3051114.946815 
4757 	 -23.638055 	 24.814354 	 926.391628 	 1683705.346313 
4758 	 -21.251264 	 26.788332 	 1188.607881 	 4611185.997563 
4759 	 29.065817 	 29.629486 	 1144.132813 	 2295367.205226 
4760 	 66.050443 	 66.050443 	 4658.716560 	 26659931.242665 
4761 	 8.122011 	 23.066872 	 836.022976 	 2230992.256356 
4762 	 27.750021 	 29.839493 	 1312.519542 	 3688658.265984 
4763 	 71.209153 	 71.209153 	 5665.590481 	 41615299.351303 
4764 	 152.607412 	 152.607412 	 25431.936493 	 866615007.852221 
4765 	 155.388905 	 155.388905 	 24651.565745 	 658425639.674275 
4766 	 147.915805 	 147.915805 	 22395.591516 	 545699502.714742 
4767 	 135.486314 	 135.486314 	 18798.433735 	 381456630.796010 
4768 	 168.240734 	 168.240734 	 28893.257248 	 908620648.295604 
4769 	 144.790758 	 144.790758 	 22330.765282 	 621284512.171713 
4770 	 127.138981 	 127.138981 	 16525.374942 	 293508337.324941 
4771 	 118.660993 	 118.660993 	 14828.931483 	 257850687.375467 
4772 	 171.574125 	 171.574125 	 29882.587151 	 942602800.352970 
4773 	 160.121795 	 160.121795 	 26110.713126 	 729731953.358303 
4774 	 172.990734 	 172.990734 	 29995.551534 	 907939023.342967 
4775 	 187.884991 	 187.884991 	 35619.228209 	 1314772512.526148 
4776 	 132.510460 	 132.510460 	 18705.534824 	 420925193.625804 
4777 	 89.798952 	 89.798952 	 8452.704414 	 84167120.929303 
4778 	 102.286794 	 102.286794 	 10734.225282 	 126828789.079497 
4779 	 88.685873 	 88.685873 	 8602.571939 	 96244230.233624 
4780 	 93.531746 	 93.531746 	 8841.577669 	 81471968.350419 
4781 	 114.821876 	 114.821876 	 13704.433674 	 218088914.698921 
4782 	 154.871697 	 154.871697 	 24434.236009 	 640706378.435256 
4783 	 142.054273 	 142.054273 	 20296.392859 	 421383203.277881 
4784 	 128.811204 	 128.811204 	 17066.245599 	 320313066.433794 
4785 	 170.425085 	 170.425085 	 30482.987193 	 1076315062.486135 
4786 	 168.640772 	 168.640772 	 28951.990909 	 901215815.628948 
4787 	 192.016536 	 192.016536 	 38390.973406 	 1685332773.600191 
4788 	 250.813966 	 250.813966 	 63153.273871 	 4050667454.114658 
4789 	 285.356298 	 285.356298 	 81716.040468 	 6770403850.736082 
4790 	 260.996409 	 260.996409 	 68950.129966 	 4994199102.458875 
4791 	 266.977755 	 266.977755 	 71664.357235 	 5246563304.808108 
4792 	 276.889373 	 276.889373 	 76823.792593 	 5953019061.077388 
4793 	 278.380992 	 278.380992 	 77799.003137 	 6150007882.896245 
4794 	 208.885762 	 208.885762 	 45016.252469 	 2233870809.425378 
4795 	 112.706677 	 112.706677 	 13029.403862 	 186532541.532732 
4796 	 141.143531 	 141.143531 	 20557.311135 	 477212614.157870 
4797 	 221.981658 	 221.981658 	 49543.013675 	 2504962708.913152 
4798 	 252.325937 	 252.325937 	 64032.008961 	 4186110258.940977 
4799 	 254.987390 	 254.987390 	 65229.779359 	 4308080157.811743 
4800 	 310.095847 	 310.095847 	 96310.844463 	 9333056906.146469 
4801 	 262.217624 	 262.217624 	 69128.586956 	 4879499282.597914 
4802 	 193.637892 	 193.637892 	 38574.213963 	 1647055520.666110 
4803 	 185.809041 	 185.809041 	 35054.175765 	 1294716883.967309 
4804 	 157.880294 	 157.880294 	 25096.349512 	 648138857.078830 
4805 	 162.277907 	 162.277907 	 26592.352336 	 734436840.399797 
4806 	 147.591040 	 147.591040 	 22067.552428 	 513278457.504520 
4807 	 118.189540 	 118.189540 	 14929.829806 	 277762601.013627 
4808 	 121.941641 	 121.941641 	 15125.448985 	 241888291.382938 
4809 	 112.461897 	 112.461897 	 13076.712354 	 194234610.687425 
4810 	 116.882836 	 116.882836 	 13764.637380 	 195378487.926993 
4811 	 72.282350 	 72.282350 	 5363.164909 	 31428153.642627 
4812 	 58.684112 	 58.684112 	 5057.842335 	 81726971.487931 
4813 	 176.666351 	 176.666351 	 32162.095084 	 1129157860.680270 
4814 	 24.566724 	 43.942733 	 2672.762758 	 15127254.510624 
4815 	 -84.684415 	 84.684415 	 8765.647844 	 142554596.606441 
4816 	 -155.246565 	 155.246565 	 24789.733849 	 685646842.133697 
4817 	 -113.814673 	 113.814673 	 13332.787645 	 196911853.836739 
4818 	 -118.521272 	 118.521272 	 14277.986451 	 216861544.228383 
4819 	 -156.696889 	 156.696889 	 25109.279494 	 683219381.231214 
4820 	 -245.917369 	 245.917369 	 61274.937619 	 3914796077.911742 
4821 	 -285.242511 	 285.242511 	 81765.294450 	 6817179204.439582 
4822 	 -297.935171 	 297.935171 	 88959.464574 	 7981131061.907862 
4823 	 -272.045755 	 272.045755 	 74439.303435 	 5669156646.194491 
4824 	 -300.983564 	 300.983564 	 91890.117593 	 8910024836.806274 
4825 	 -297.346938 	 297.346938 	 88772.421450 	 8006930451.010320 
4826 	 -272.439375 	 272.439375 	 74599.881099 	 5679289703.599808 
4827 	 -250.358801 	 250.358801 	 62970.997056 	 4037950169.506857 
4828 	 -230.958429 	 230.958429 	 53604.062633 	 2930647656.810154 
4829 	 -208.003538 	 208.003538 	 43530.374248 	 1942144132.529644 
4830 	 -212.110373 	 212.110373 	 45448.969792 	 2149883008.131285 
4831 	 -267.065734 	 267.065734 	 71645.404665 	 5225031981.616874 
4832 	 -274.818868 	 274.818868 	 75703.204542 	 5784825617.451657 
4833 	 -259.494703 	 259.494703 	 67552.526551 	 4620134674.841178 
4834 	 -274.355252 	 274.355252 	 75659.331898 	 5844407274.004530 
4835 	 -237.433999 	 237.433999 	 56894.246614 	 3346001302.112143 
4836 	 -180.982268 	 180.982268 	 33684.736850 	 1249869578.092861 
4837 	 -137.082470 	 137.082470 	 19056.686726 	 384372000.186688 
4838 	 -203.043866 	 203.043866 	 42246.346630 	 1938988859.207600 
4839 	 -262.541103 	 262.541103 	 69107.146933 	 4825340998.547249 
4840 	 -210.737864 	 210.737864 	 45255.326105 	 2199778112.562884 
4841 	 -214.604789 	 214.604789 	 46563.886699 	 2256748204.019385 
4842 	 -231.912332 	 231.912332 	 53978.083697 	 2955579190.639374 
4843 	 -239.504676 	 239.504676 	 57752.692516 	 3430683471.013135 
4844 	 -262.268402 	 262.268402 	 69027.161641 	 4831049802.049408 
4845 	 -233.550036 	 233.550036 	 54741.518032 	 3039455520.491800 
4846 	 -232.315430 	 232.315430 	 54177.683556 	 2979693197.419737 
4847 	 -257.042119 	 257.042119 	 67460.940934 	 4920253270.201576 
4848 	 -284.889886 	 284.889886 	 82101.641072 	 7062976634.580793 
4849 	 -244.204782 	 244.204782 	 59882.914909 	 3644517647.746731 
4850 	 -224.620722 	 224.620722 	 50704.975845 	 2622572494.469109 
4851 	 -256.016992 	 256.016992 	 65850.583276 	 4416651568.271420 
4852 	 -226.439256 	 226.439256 	 51542.543911 	 2708291725.902688 
4853 	 -219.459242 	 219.459242 	 48584.799446 	 2440769480.960562 
4854 	 -208.896290 	 208.896290 	 44133.681017 	 2035508778.000291 
4855 	 -231.234337 	 231.234337 	 54170.337696 	 3084027863.356325 
4856 	 -200.068115 	 200.068115 	 40603.531598 	 1745859847.035441 
4857 	 -201.232930 	 201.232930 	 41506.164414 	 1886669445.260972 
4858 	 -229.485202 	 229.485202 	 53185.930679 	 2939685500.114523 
4859 	 -190.177042 	 190.177042 	 36349.442076 	 1348420962.968583 
4860 	 -199.332105 	 199.332105 	 40078.486764 	 1659367235.628584 
4861 	 -196.356586 	 196.356586 	 38905.368636 	 1565315850.989813 
4862 	 -223.813334 	 223.813334 	 50752.127929 	 2722943153.619457 
4863 	 -229.832824 	 229.832824 	 53596.009389 	 3040254803.641741 
4864 	 -213.192071 	 213.192071 	 45728.718978 	 2143308513.994273 
4865 	 -238.374256 	 238.374256 	 57087.227063 	 3318745953.598363 
4866 	 -250.080581 	 250.080581 	 63067.739091 	 4102984901.544931 
4867 	 -189.230347 	 189.230347 	 36351.938179 	 1405090976.877445 
4868 	 -168.679201 	 168.679201 	 28677.859006 	 848218363.141660 
4869 	 -188.779905 	 188.779905 	 36029.033698 	 1352186947.030508 
4870 	 -177.703737 	 177.703737 	 32088.624215 	 1095873983.300942 
4871 	 -218.835808 	 218.835808 	 48076.502701 	 2347680823.436191 
4872 	 -272.182192 	 272.182192 	 74599.490879 	 5720157698.832564 
4873 	 -249.423489 	 249.423489 	 62830.612097 	 4100941012.766737 
4874 	 -210.691948 	 210.691948 	 45209.347760 	 2200058464.446641 
4875 	 -234.532874 	 234.532874 	 55538.901138 	 3197322253.352234 
4876 	 -176.794991 	 176.794991 	 31580.679359 	 1039725145.709455 
4877 	 -236.728814 	 236.728814 	 56987.391632 	 3471710484.298406 
4878 	 -255.190730 	 255.190730 	 65198.672648 	 4270810614.179442 
4879 	 -236.391048 	 236.391048 	 56057.454498 	 3183129859.155066 
4880 	 -258.205932 	 258.205932 	 67173.375832 	 4649327645.965190 
4881 	 -223.795237 	 223.795237 	 50304.817707 	 2575192066.634011 
4882 	 -254.510264 	 254.510264 	 65194.509168 	 4358262067.717888 
4883 	 -237.589309 	 237.589309 	 56838.827539 	 3314539676.149100 
4884 	 -250.181783 	 250.181783 	 63059.299563 	 4082797761.292200 
4885 	 -234.763215 	 234.763215 	 55228.888520 	 3075047883.131491 
4886 	 -255.695555 	 255.695555 	 65751.047626 	 4420085621.431781 
4887 	 -246.296384 	 246.296384 	 60925.237514 	 3778940343.193650 
4888 	 -229.508709 	 229.508709 	 53017.191494 	 2882206834.995142 
4889 	 -217.109514 	 217.109514 	 47256.273878 	 2256039452.565347 
4890 	 -270.758146 	 270.758146 	 74180.190005 	 5732419773.515842 
4891 	 -226.982205 	 226.982205 	 52393.908888 	 2928046450.832845 
4892 	 -232.071872 	 232.071872 	 54219.001765 	 3014289257.294298 
4893 	 -214.390624 	 214.390624 	 46539.268304 	 2266608389.506812 
4894 	 -221.587723 	 221.587723 	 49379.408864 	 2492278583.626628 
4895 	 -146.355043 	 146.355043 	 24224.299247 	 859781016.252596 
4896 	 -55.342602 	 55.342602 	 3334.936972 	 15096601.033143 
4897 	 -82.224040 	 82.224040 	 7337.133649 	 72205345.053463 
4898 	 -104.402065 	 104.402065 	 12313.688103 	 215733716.523621 
4899 	 -161.844799 	 161.844799 	 27007.405576 	 818014975.004964 
4900 	 -169.447708 	 169.447708 	 30199.031063 	 1074528744.145719 
4901 	 -101.642568 	 101.642568 	 10617.582714 	 127006349.092600 
4902 	 -121.166486 	 121.166486 	 15778.094240 	 315861811.247530 
4903 	 -65.834997 	 65.834997 	 4722.710109 	 29366341.796668 
4904 	 -51.678044 	 51.678044 	 2968.026582 	 11971517.272563 
4905 	 -44.272329 	 44.272329 	 2081.937524 	 5198195.849025 
4906 	 -34.719460 	 34.904558 	 1909.458080 	 7765574.553123 
4907 	 -20.624270 	 44.402272 	 2440.432314 	 9985759.067169 
4908 	 7.598590 	 20.448892 	 572.331087 	 613585.375413 
4909 	 -10.503878 	 29.791795 	 1481.132671 	 6741735.484224 
4910 	 -109.474620 	 109.474620 	 12598.322383 	 197380944.167751 
4911 	 -159.439755 	 159.439755 	 25770.555965 	 700348804.227143 
4912 	 -133.396279 	 133.396279 	 18145.665239 	 355126243.656387 
4913 	 -165.188081 	 165.188081 	 27457.452760 	 771601263.302841 
4914 	 -110.850283 	 110.850283 	 12695.770048 	 181849963.903309 
4915 	 -154.759474 	 154.759474 	 24975.508877 	 714839085.172349 
4916 	 -130.850988 	 130.850988 	 17308.205785 	 312604559.743801 
4917 	 -96.096310 	 96.096310 	 9364.185541 	 92424592.013184 
4918 	 -81.976708 	 81.976708 	 7630.422537 	 85459772.856895 
4919 	 8.382714 	 20.247301 	 727.899946 	 1854704.046644 
4920 	 77.292987 	 77.292987 	 6284.592871 	 47999554.017948 
4921 	 42.435357 	 42.435357 	 2343.361851 	 11050911.225508 
4922 	 91.499374 	 91.499374 	 8635.916150 	 82874858.779408 
4923 	 104.606557 	 104.606557 	 11283.430831 	 141141624.286051 
4924 	 141.063511 	 141.063511 	 20618.498984 	 484341160.386164 
4925 	 216.467373 	 216.467373 	 47452.330629 	 2358133710.155576 
4926 	 228.016749 	 228.016749 	 52049.637771 	 2721112446.885614 
4927 	 239.477699 	 239.477699 	 57531.865844 	 3353445700.061276 
4928 	 288.045216 	 288.045216 	 83331.657612 	 7063010982.916922 
4929 	 249.655816 	 249.655816 	 63060.041917 	 4161533038.151850 
4930 	 230.641058 	 230.641058 	 53845.218021 	 3035447986.994926 
4931 	 234.710054 	 234.710054 	 55405.757628 	 3136480062.675115 
4932 	 261.201263 	 261.201263 	 68548.171456 	 4788414105.789493 
4933 	 232.574881 	 232.574881 	 54367.665001 	 3017650806.696239 
4934 	 256.110797 	 256.110797 	 65778.628988 	 4377996781.595264 
4935 	 225.997470 	 225.997470 	 51433.630066 	 2721048570.096001 
4936 	 192.923372 	 192.923372 	 37489.896484 	 1444656898.643915 
4937 	 189.110179 	 189.110179 	 35883.841208 	 1304825350.477052 
4938 	 217.559260 	 217.559260 	 47704.695896 	 2351359301.711905 
4939 	 215.693523 	 215.693523 	 47007.165887 	 2301475968.649915 
4940 	 237.254123 	 237.254123 	 56508.608812 	 3243115367.956625 
4941 	 220.850271 	 220.850271 	 49504.622013 	 2586133563.017346 
4942 	 169.688224 	 169.688224 	 29340.964410 	 933689024.531055 
4943 	 138.383192 	 138.383192 	 19467.601291 	 403983421.202640 
4944 	 111.701555 	 111.701555 	 12656.046003 	 169609897.550104 
4945 	 94.348419 	 94.348419 	 9491.524119 	 116671245.638736 
4946 	 148.840965 	 148.840965 	 22280.584487 	 507888849.524002 
4947 	 131.020815 	 131.020815 	 17290.404058 	 307644025.113639 
4948 	 148.814627 	 148.814627 	 22578.221055 	 549474018.851768 
4949 	 168.763041 	 168.763041 	 28640.872234 	 839325900.791759 
4950 	 231.486609 	 231.486609 	 55195.308597 	 3351293285.745086 
4951 	 286.222115 	 286.222115 	 82075.601354 	 6785059648.234373 
4952 	 246.926818 	 246.926818 	 61464.975425 	 3897287503.552949 
4953 	 244.129166 	 244.129166 	 60062.690193 	 3720817872.475255 
4954 	 199.586244 	 199.586244 	 40474.613107 	 1735081241.133502 
4955 	 210.045748 	 210.045748 	 44763.056772 	 2108806854.856507 
4956 	 239.129782 	 239.129782 	 57306.397796 	 3312167919.949527 
4957 	 282.309706 	 282.309706 	 80099.483495 	 6542389575.421743 
4958 	 281.639052 	 281.639052 	 80133.619502 	 6694465844.475106 
4959 	 302.965717 	 302.965717 	 92465.450571 	 8775680761.187733 
4960 	 226.024627 	 226.024627 	 51765.080155 	 2822816624.102735 
4961 	 186.454027 	 186.454027 	 35013.195785 	 1260719136.678330 
4962 	 210.738873 	 210.738873 	 44591.209134 	 2020820295.275622 
4963 	 188.058008 	 188.058008 	 36908.242955 	 1585624495.490832 
4964 	 213.022776 	 213.022776 	 45784.375134 	 2170454109.020665 
4965 	 258.877477 	 258.877477 	 67232.138185 	 4577410347.148967 
4966 	 312.927836 	 312.927836 	 98622.032034 	 9983498196.491196 
4967 	 295.934743 	 295.934743 	 88624.691425 	 8197759127.397741 
4968 	 237.876584 	 237.876584 	 56865.343574 	 3291122346.768589 
4969 	 226.416256 	 226.416256 	 51553.521184 	 2718732873.003351 
4970 	 232.415951 	 232.415951 	 54829.480764 	 3192535414.024204 
4971 	 242.250173 	 242.250173 	 59243.919480 	 3635655347.094588 
4972 	 235.018180 	 235.018180 	 55722.399732 	 3212731439.796731 
4973 	 257.883678 	 257.883678 	 66952.602783 	 4603109806.549170 
4974 	 201.956899 	 201.956899 	 42082.958012 	 1968194946.172599 
4975 	 105.996509 	 105.996509 	 11757.851181 	 159201598.702870 
4976 	 83.376739 	 83.376739 	 8303.223277 	 98526715.857210 
4977 	 77.574210 	 77.574210 	 6459.754140 	 52427938.743836 
4978 	 119.764691 	 119.764691 	 14717.058839 	 236666286.637545 
4979 	 159.122951 	 159.122951 	 25683.519690 	 698283698.267689 
4980 	 201.989700 	 201.989700 	 41021.557151 	 1719413368.140967 
4981 	 241.556477 	 241.556477 	 58576.121447 	 3484339456.734214 
4982 	 234.140236 	 234.140236 	 55281.301550 	 3149647669.542535 
4983 	 239.806146 	 239.806146 	 57860.654726 	 3426032014.998216 
4984 	 202.960522 	 202.960522 	 41920.487276 	 1878767973.053686 
4985 	 236.609109 	 236.609109 	 56842.386761 	 3420261719.475702 
4986 	 213.897891 	 213.897891 	 46644.834292 	 2345273585.442021 
4987 	 209.446674 	 209.446674 	 44141.197082 	 1997123148.794585 
4988 	 225.401704 	 225.401704 	 50926.862870 	 2617985075.867939 
4989 	 240.223938 	 240.223938 	 58060.716423 	 3448552399.599374 
4990 	 217.712387 	 217.712387 	 47639.745735 	 2313293009.642811 
4991 	 211.430543 	 211.430543 	 45118.830811 	 2109678255.753515 
4992 	 209.027961 	 209.027961 	 43923.937047 	 1972006108.240777 
4993 	 156.858786 	 156.858786 	 25507.005088 	 748776066.267149 
4994 	 170.952291 	 170.952291 	 29350.468407 	 876147292.986552 
4995 	 173.056582 	 173.056582 	 30325.331447 	 965708061.991223 
4996 	 162.706190 	 162.706190 	 26927.166290 	 775659556.723549 
4997 	 228.412058 	 228.412058 	 53472.427263 	 3176150368.715533 
4998 	 278.095629 	 278.095629 	 77598.326655 	 6098652876.249833 
4999 	 298.433761 	 298.433761 	 89160.499542 	 7983986452.435348 
5000 	 207.144891 	 207.144891 	 43565.764562 	 2012631278.278958 

%ACCRATE = 0.892563
