%%%%%%%%%%%%%%%%%%%%%%%%%%%%%%%%%%%%%%%%%%%%%%%%%%%%%%%%%%%%%%%%%%%%%%%%%%%
%SIMULAZIONE D = 3, L = 8, V = 512
%NUMERO DI MISURE PER OGNI naccu: T = 1000
%%%%%%%%%%%%%%%%%%%%%%%%%%%%%%%%%%%%%%%%%%%%%%%%%%%%%%%%%%%%%%%%%%%%%%%%%%%
%naccu = 8192
%%%%%%%%%%%%%%%%%%%%%%%%%%%%%%%%%%%%%%%%%%%%%%%%%%%%%%%%%%%%%%%%%%%%%%%%%%%

%%%%%%%%%%%%%%%%%%%%%%%%%%%%%%%%%%%%%%%%%%%%%%%%%%%%%%%%%%%%%%%%%%%%%%%%%%%

13001 	 -127.550134 	 182.926381 	 38812.156360 	 2115051350.690446 
13002 	 -131.797242 	 181.591025 	 38226.305176 	 2049802119.566829 
13003 	 -34.479691 	 180.638069 	 37059.975891 	 1882565023.585787 
13004 	 -31.762801 	 176.562602 	 37231.120247 	 2028187923.628586 
13005 	 -41.094594 	 174.991951 	 36118.867125 	 1874207051.960403 
13006 	 1.060185 	 179.968089 	 37923.279177 	 2036053720.917470 
13007 	 -86.192689 	 172.423557 	 34903.563701 	 1766147684.081159 
13008 	 50.883320 	 166.539228 	 34311.227061 	 1820812318.817317 
13009 	 -29.555669 	 188.750298 	 40892.494222 	 2303624202.649945 
13010 	 11.508636 	 175.342348 	 36098.363455 	 1904847946.182973 
13011 	 -22.801234 	 185.528007 	 40135.580455 	 2283310377.646931 
13012 	 83.639030 	 185.791751 	 39219.666160 	 2100529706.554370 
13013 	 -10.488010 	 167.762081 	 34330.182232 	 1817956507.734310 
13014 	 14.621820 	 171.847709 	 35624.169011 	 1945227194.160845 
13015 	 27.259686 	 175.855230 	 37280.021045 	 2054646249.721401 
13016 	 -71.200079 	 163.283726 	 32346.943558 	 1622484292.408604 
13017 	 99.836947 	 165.523935 	 33735.573308 	 1760119218.561770 
13018 	 -13.840312 	 169.084216 	 34285.287533 	 1782096106.329373 
13019 	 12.944232 	 177.775538 	 37493.678173 	 2048106868.169581 
13020 	 72.011732 	 188.902370 	 40085.930265 	 2155667205.354326 
13021 	 36.904069 	 185.715445 	 39886.494632 	 2242809038.074633 
13022 	 0.455879 	 168.604119 	 34644.358016 	 1848557938.795081 
13023 	 84.485572 	 179.865710 	 37166.011078 	 1941050447.728906 
13024 	 7.974832 	 170.049198 	 34900.812367 	 1824380287.127233 
13025 	 -16.986281 	 195.847686 	 42976.783634 	 2416691453.114725 
13026 	 -22.885337 	 180.817633 	 38406.654702 	 2123546975.416116 
13027 	 -8.438071 	 191.927889 	 41402.969442 	 2296779564.051016 
13028 	 -88.502441 	 190.393883 	 40808.089235 	 2220196960.134161 
13029 	 -66.530526 	 176.237301 	 36685.330798 	 1943972544.820171 
13030 	 -51.754176 	 176.132191 	 37194.108417 	 2063965177.807189 
13031 	 -40.665201 	 177.292576 	 36829.781064 	 1956416149.811756 
13032 	 58.833578 	 184.768576 	 39327.947052 	 2141806144.990174 
13033 	 -144.154678 	 178.196423 	 37528.422339 	 2075839882.619215 
13034 	 60.052296 	 160.994161 	 32175.943496 	 1634881651.023889 
13035 	 -32.679523 	 162.026619 	 32907.624800 	 1727821554.269152 
13036 	 -28.170777 	 159.300912 	 31749.166515 	 1631964272.854433 
13037 	 136.244962 	 179.482488 	 37244.946076 	 1956063485.782649 
13038 	 94.864280 	 167.938524 	 34778.589404 	 1865306229.165743 
13039 	 -33.265413 	 173.690074 	 36304.266431 	 1956934681.240096 
13040 	 12.758700 	 168.740597 	 34648.515064 	 1831299397.916567 
13041 	 -10.019612 	 190.092873 	 40876.515044 	 2251772141.252346 
13042 	 9.413586 	 179.739945 	 37804.078251 	 2037875714.915254 
13043 	 64.431695 	 173.858774 	 35844.844189 	 1910718711.591286 
13044 	 122.050352 	 165.500855 	 32846.191834 	 1653582972.787738 
13045 	 -28.195389 	 183.562229 	 38959.236091 	 2128413268.318865 
13046 	 31.392084 	 165.864796 	 34266.986551 	 1870182889.314500 
13047 	 -32.549012 	 169.950019 	 34310.955184 	 1720325660.103784 
13048 	 -12.674903 	 181.612344 	 38526.351893 	 2104236756.240134 
13049 	 84.966949 	 169.014831 	 35054.187939 	 1916146015.339581 
13050 	 76.735608 	 178.927638 	 37802.220464 	 2093539177.512528 
13051 	 -60.145974 	 178.177348 	 37166.437001 	 1961967483.618875 
13052 	 -88.926305 	 180.472146 	 38273.408446 	 2086009944.040739 
13053 	 55.206227 	 168.983014 	 34273.743288 	 1770158637.189783 
13054 	 19.936968 	 187.163128 	 39618.415850 	 2114106634.458874 
13055 	 -15.537651 	 172.058034 	 35200.152744 	 1840633429.114748 
13056 	 37.721954 	 169.913583 	 34289.572243 	 1761489565.764873 
13057 	 72.516807 	 180.139754 	 38141.603487 	 2087850659.577508 
13058 	 -96.181566 	 173.728647 	 36378.401173 	 1961141145.432042 
13059 	 -3.470847 	 173.606277 	 35484.267275 	 1819572021.693451 
13060 	 -116.508336 	 175.526406 	 36480.589823 	 1937466418.120193 
13061 	 -78.102656 	 171.523626 	 35161.661771 	 1824764225.878928 
13062 	 40.904211 	 165.415108 	 33578.367842 	 1768495835.080564 
13063 	 71.297121 	 196.169385 	 43244.893269 	 2490298240.276351 
13064 	 0.464987 	 171.803918 	 35203.275005 	 1807637073.314803 
13065 	 66.399077 	 164.072007 	 32447.958126 	 1587289598.042321 
13066 	 -14.112837 	 159.390939 	 31490.361532 	 1545032321.180590 
13067 	 94.525476 	 166.391623 	 33924.226963 	 1765674012.244230 
13068 	 57.200958 	 181.687446 	 39094.215341 	 2174733539.381744 
13069 	 60.178965 	 169.821144 	 34640.681089 	 1780355204.363385 
13070 	 66.805355 	 188.666400 	 41437.522614 	 2368265604.659211 
13071 	 -128.716274 	 175.612342 	 37068.939673 	 2055854467.155334 
13072 	 31.108253 	 179.938697 	 37961.369728 	 2063850267.620507 
13073 	 -73.138273 	 186.848988 	 39816.360966 	 2173208491.425066 
13074 	 -6.998807 	 178.905478 	 37022.071753 	 1933300197.568898 
13075 	 46.779745 	 180.065624 	 38938.936923 	 2217532669.334481 
13076 	 174.203409 	 181.273349 	 38698.833586 	 2176881759.186413 
13077 	 14.406470 	 153.654548 	 29518.823746 	 1412502507.663818 
13078 	 88.595739 	 177.220598 	 36811.459337 	 1953484098.749852 
13079 	 12.119219 	 177.902158 	 37569.817784 	 2074829614.721971 
13080 	 -79.059212 	 168.229458 	 34868.739653 	 1908118730.528137 
13081 	 -19.429208 	 175.558524 	 36236.423665 	 1905699490.668539 
13082 	 -77.902925 	 173.497129 	 35664.384642 	 1860977538.930437 
13083 	 20.282757 	 187.315434 	 39850.011345 	 2151238710.373677 
13084 	 -34.107666 	 172.728990 	 36537.488424 	 2032821359.798136 
13085 	 -61.535117 	 181.602351 	 38830.077163 	 2142014337.165671 
13086 	 51.728249 	 177.702601 	 37394.644139 	 2036373162.572782 
13087 	 5.021756 	 177.352401 	 36924.784598 	 1987730527.560688 
13088 	 15.480659 	 176.004440 	 36040.393494 	 1844200468.730527 
13089 	 -31.212737 	 166.428181 	 34231.081261 	 1829456136.825742 
13090 	 -51.783394 	 169.521359 	 34159.997882 	 1744707228.236233 
13091 	 -10.549067 	 168.341571 	 34319.532635 	 1790606467.534822 
13092 	 56.750617 	 174.123106 	 35951.719780 	 1892606509.608145 
13093 	 96.191019 	 175.550293 	 36746.962528 	 2012488857.658140 
13094 	 69.395375 	 168.849146 	 35059.747920 	 1895360087.122602 
13095 	 -116.014382 	 194.387112 	 42644.574963 	 2441465627.602384 
13096 	 -32.828915 	 166.864117 	 33983.649101 	 1768044408.665169 
13097 	 -87.204020 	 176.776322 	 36179.003425 	 1851083677.391175 
13098 	 -48.296072 	 163.985111 	 32767.386848 	 1677483719.735855 
13099 	 115.411839 	 174.657452 	 36130.476996 	 1925538755.062608 
13100 	 19.162368 	 171.383216 	 35512.628801 	 1887169521.401167 
13101 	 63.658697 	 179.288247 	 37633.258915 	 2030313035.813602 
13102 	 -3.981351 	 167.140056 	 33444.952644 	 1696837716.707702 
13103 	 13.032623 	 185.355129 	 39773.520564 	 2213616717.177471 
13104 	 -82.268899 	 174.555042 	 35902.887428 	 1872543417.564376 
13105 	 -19.946491 	 157.718340 	 31082.869593 	 1543590691.168419 
13106 	 -100.056865 	 174.432324 	 36771.153556 	 2036440729.812276 
13107 	 6.011731 	 177.930693 	 36778.803398 	 1929792687.829735 
13108 	 29.459617 	 180.075531 	 37941.901468 	 2043530581.700884 
13109 	 -95.893303 	 162.040877 	 31678.427965 	 1523096838.300104 
13110 	 21.577888 	 174.551789 	 35974.070593 	 1865389467.733231 
13111 	 -44.522125 	 179.141732 	 37272.483949 	 1954554568.990978 
13112 	 -145.869672 	 181.431592 	 39060.847479 	 2236606841.813861 
13113 	 -12.997092 	 170.735050 	 35228.188180 	 1872851356.670795 
13114 	 -154.552247 	 190.905895 	 40852.894498 	 2208315087.363285 
13115 	 90.441023 	 176.696802 	 37074.450071 	 1998932279.947417 
13116 	 -94.502941 	 176.261357 	 36532.265496 	 1919446608.730755 
13117 	 -43.180945 	 185.071521 	 40079.650878 	 2281877549.723943 
13118 	 -125.438220 	 174.482723 	 35270.690108 	 1779378769.815008 
13119 	 -107.235250 	 192.414216 	 41477.726540 	 2269987562.380790 
13120 	 112.012034 	 169.566852 	 34169.738845 	 1722830667.691310 
13121 	 73.078850 	 189.118320 	 40082.957639 	 2130618456.917694 
13122 	 0.653778 	 164.010656 	 32851.992018 	 1696194296.417610 
13123 	 150.255710 	 187.936726 	 40257.086973 	 2208898874.505995 
13124 	 -53.769419 	 181.690137 	 38100.268324 	 2036532679.285991 
13125 	 -19.972068 	 172.698831 	 35205.668308 	 1823531756.091109 
13126 	 8.148283 	 189.391860 	 41230.947139 	 2344161328.359155 
13127 	 -17.677821 	 156.290554 	 30540.613523 	 1512745990.634319 
13128 	 178.613106 	 192.181021 	 40949.849420 	 2165484008.666287 
13129 	 -43.799109 	 167.384405 	 33057.431041 	 1638032935.957168 
13130 	 115.704948 	 179.141704 	 37677.143900 	 1998501631.658245 
13131 	 86.927482 	 186.210803 	 39550.910201 	 2145278305.811953 
13132 	 -129.168303 	 175.008681 	 36101.508575 	 1896902798.372860 
13133 	 -57.788160 	 183.517716 	 38934.400531 	 2128167947.600622 
13134 	 5.926455 	 167.058717 	 34171.690141 	 1822065951.587321 
13135 	 -165.821186 	 180.887777 	 37257.281577 	 1917075554.155259 
13136 	 -31.910140 	 170.013375 	 35087.890208 	 1884044212.572333 
13137 	 28.623989 	 177.328061 	 36920.245602 	 1953387627.831877 
13138 	 65.973342 	 176.758964 	 36996.385958 	 1998126266.609492 
13139 	 56.000984 	 171.895421 	 35456.500222 	 1855239989.942667 
13140 	 36.952246 	 170.866652 	 35306.032034 	 1864007351.345046 
13141 	 -21.820410 	 175.729054 	 36692.580330 	 1986104880.522887 
13142 	 -110.589172 	 189.509041 	 40919.502112 	 2287487595.792155 
13143 	 45.099468 	 173.502786 	 36102.800848 	 1916571433.555072 
13144 	 1.080394 	 176.867102 	 36585.904306 	 1912881316.006122 
13145 	 59.535662 	 175.767680 	 37212.160611 	 2058358835.542710 
13146 	 -48.320128 	 168.901425 	 34325.005099 	 1772590379.919960 
13147 	 66.174436 	 161.864626 	 32430.266433 	 1636329099.340217 
13148 	 -107.182219 	 182.377819 	 39018.030869 	 2163048342.381771 
13149 	 -64.794096 	 176.607325 	 36419.155878 	 1879062253.419634 
13150 	 -75.088991 	 167.815979 	 34908.548987 	 1923258546.607632 
13151 	 -18.774788 	 180.448715 	 38799.080631 	 2187014791.587126 
13152 	 41.261457 	 188.036137 	 40763.062344 	 2276803155.285880 
13153 	 21.391972 	 182.159031 	 38930.186561 	 2161751784.044922 
13154 	 7.422226 	 185.785490 	 39570.863157 	 2151624916.576494 
13155 	 41.114446 	 180.283158 	 37564.703297 	 1976564609.688003 
13156 	 -39.513624 	 172.605502 	 36183.011610 	 1987187763.590466 
13157 	 -16.161266 	 171.147911 	 35722.655962 	 1961239507.258089 
13158 	 60.093136 	 166.606227 	 33613.403911 	 1694974892.233038 
13159 	 27.170656 	 172.789216 	 35968.287614 	 1929394170.753694 
13160 	 -89.160346 	 176.943444 	 37278.133387 	 2026657535.914801 
13161 	 58.102751 	 177.212100 	 37486.113527 	 2062737517.238782 
13162 	 0.992775 	 191.165306 	 41637.080632 	 2360678682.737905 
13163 	 63.568313 	 186.699770 	 39939.524685 	 2190568289.610384 
13164 	 37.327288 	 166.939122 	 34463.156096 	 1850010979.055912 
13165 	 -80.621517 	 170.610395 	 34678.026824 	 1757686235.453753 
13166 	 -25.543702 	 182.541010 	 38094.986669 	 1994734827.443445 
13167 	 -24.041081 	 192.154475 	 42048.827258 	 2409451436.021067 
13168 	 -157.129534 	 187.241022 	 40658.817410 	 2290803653.225600 
13169 	 0.455595 	 175.296874 	 36673.755918 	 1979428239.260383 
13170 	 137.627132 	 175.524459 	 37471.197549 	 2092915088.284419 
13171 	 -45.738717 	 182.922829 	 38666.657324 	 2100787850.865746 
13172 	 75.604400 	 177.912968 	 37211.500178 	 1982986125.344360 
13173 	 -82.399502 	 176.603668 	 36322.271097 	 1898507768.028674 
13174 	 -29.187925 	 191.347807 	 41363.005669 	 2281976371.223270 
13175 	 -54.759187 	 167.190780 	 33563.944038 	 1713198706.410621 
13176 	 -64.808888 	 188.383565 	 40934.291896 	 2314797887.442107 
13177 	 44.619655 	 194.560957 	 42807.304950 	 2446617960.312618 
13178 	 -100.444483 	 170.815268 	 35552.110751 	 1940367025.533525 
13179 	 56.065213 	 177.786071 	 37100.071354 	 1970178988.421057 
13180 	 6.292456 	 192.185808 	 41218.091877 	 2215227396.740908 
13181 	 -132.822648 	 177.061052 	 36879.688673 	 1967590708.497708 
13182 	 -126.389438 	 182.461820 	 38784.857103 	 2107689307.036532 
13183 	 29.230407 	 168.990852 	 34297.019068 	 1756407692.949722 
13184 	 -36.897188 	 168.548080 	 33977.470789 	 1720072246.221425 
13185 	 -97.311977 	 164.341991 	 33296.216406 	 1737781217.237180 
13186 	 -68.686523 	 189.785831 	 41081.448537 	 2303996759.598221 
13187 	 -2.881993 	 185.412242 	 39754.701621 	 2179886319.648371 
13188 	 -55.966351 	 192.573149 	 42602.136598 	 2474544760.130054 
13189 	 40.122468 	 169.494912 	 34257.217524 	 1725713316.300966 
13190 	 -91.725923 	 181.920886 	 37692.728901 	 1946096554.969729 
13191 	 -10.407430 	 191.655605 	 41220.317690 	 2268735372.267355 
13192 	 -128.343604 	 185.386356 	 39057.062028 	 2063970958.998945 
13193 	 -99.457957 	 164.966699 	 32804.162720 	 1651752491.688229 
13194 	 -117.610279 	 172.396027 	 36431.408007 	 2035622637.251399 
13195 	 -96.724878 	 181.746487 	 37970.227414 	 2002395319.151049 
13196 	 -34.863647 	 176.254553 	 37062.698349 	 1997328820.555313 
13197 	 -38.264584 	 177.482804 	 37156.241116 	 2005234279.477678 
13198 	 87.749711 	 159.492383 	 31802.792856 	 1629945721.499299 
13199 	 -3.700161 	 176.903572 	 37078.755855 	 1983306857.608038 
13200 	 81.578358 	 182.810204 	 39496.563717 	 2251693309.653166 
13201 	 81.844987 	 178.574461 	 37833.156342 	 2104504168.180164 
13202 	 79.606937 	 174.854340 	 35855.944058 	 1824591996.233562 
13203 	 -41.655298 	 172.702538 	 35472.636805 	 1853410912.347761 
13204 	 131.952788 	 181.327957 	 38565.392839 	 2134820546.506933 
13205 	 158.481953 	 182.536722 	 38231.964374 	 2043485955.708431 
13206 	 -111.668769 	 179.340424 	 37025.077611 	 1912379648.385523 
13207 	 45.094612 	 190.263346 	 41221.990424 	 2304121084.265625 
13208 	 79.222884 	 177.138316 	 37343.669942 	 2039681839.751949 
13209 	 -70.730393 	 180.208107 	 37952.816567 	 2060790663.489096 
13210 	 -82.261804 	 168.207924 	 33268.244209 	 1641970065.622365 
13211 	 156.029768 	 176.189848 	 36317.579978 	 1871063824.927813 
13212 	 85.699351 	 177.758896 	 36901.189046 	 1940677418.009417 
13213 	 38.368979 	 172.378873 	 35179.728677 	 1810911694.613548 
13214 	 4.386077 	 168.901933 	 34542.175004 	 1812322542.667550 
13215 	 -117.338916 	 172.629890 	 35383.743099 	 1853149697.106938 
13216 	 92.861104 	 168.033614 	 34234.755819 	 1817494869.131142 
13217 	 103.462751 	 182.368035 	 39185.130052 	 2220685139.313082 
13218 	 -3.373596 	 177.603033 	 37147.565338 	 2011811733.728892 
13219 	 -60.208083 	 167.745895 	 33506.087452 	 1675798898.351537 
13220 	 123.865108 	 182.668694 	 38864.977937 	 2133148664.193738 
13221 	 -100.647442 	 170.137404 	 34244.713531 	 1680607159.895808 
13222 	 -101.710496 	 170.628202 	 34191.603884 	 1679764928.617756 
13223 	 -40.730979 	 161.934464 	 32092.540006 	 1632276806.540831 
13224 	 -70.647068 	 175.408836 	 37366.368525 	 2114352133.890206 
13225 	 -157.126632 	 177.663646 	 36803.288726 	 1893569347.155164 
13226 	 -17.155331 	 183.666782 	 39853.294193 	 2266624335.233383 
13227 	 35.570516 	 175.644956 	 36021.045843 	 1871159088.260874 
13228 	 14.838243 	 181.652444 	 37834.552733 	 1998215403.044497 
13229 	 -84.892968 	 180.622075 	 37526.428329 	 1967835226.199954 
13230 	 118.657378 	 174.020653 	 35844.026612 	 1900214630.269042 
13231 	 -40.616189 	 163.197282 	 33104.033503 	 1738687267.521507 
13232 	 -96.442251 	 158.427844 	 31394.593484 	 1603336438.117662 
13233 	 -127.246493 	 183.829978 	 38923.473288 	 2096679562.542190 
13234 	 -122.339677 	 185.607690 	 39798.300546 	 2203349044.489898 
13235 	 -13.169870 	 170.620996 	 34651.594620 	 1789384036.891156 
13236 	 -54.981408 	 175.533061 	 36643.065437 	 1969598393.049171 
13237 	 21.614519 	 176.949882 	 37313.533421 	 2055828119.496801 
13238 	 -49.607454 	 178.423860 	 37723.240174 	 2081454903.944641 
13239 	 101.449540 	 187.810474 	 40246.670484 	 2205218699.167898 
13240 	 -6.166694 	 175.344222 	 35803.723046 	 1830666961.110593 
13241 	 98.599197 	 176.466782 	 37231.948978 	 2020825753.522789 
13242 	 -35.403545 	 179.183599 	 37175.921015 	 1930840895.372160 
13243 	 -20.097971 	 190.079768 	 41283.324034 	 2311270358.656625 
13244 	 27.474902 	 177.862685 	 37611.891692 	 2062450200.125999 
13245 	 44.442269 	 177.231328 	 36785.275649 	 1915583463.022396 
13246 	 -86.277889 	 169.498088 	 34183.250395 	 1733047414.530661 
13247 	 94.751830 	 190.741588 	 40988.308682 	 2255560350.150112 
13248 	 -59.795125 	 165.284808 	 33013.011231 	 1664415968.232078 
13249 	 14.517501 	 162.301004 	 33181.515403 	 1747753208.758872 
13250 	 -107.855244 	 187.518948 	 39056.062910 	 2016649682.339528 
13251 	 69.336959 	 167.906236 	 34276.387440 	 1784103353.953523 
13252 	 -11.305479 	 182.768694 	 39086.602173 	 2185915273.058794 
13253 	 -119.978001 	 180.756456 	 38686.081031 	 2162038996.128353 
13254 	 117.495725 	 196.685988 	 43277.856006 	 2453869724.270686 
13255 	 169.366434 	 190.337363 	 41666.290483 	 2420252082.131868 
13256 	 91.166726 	 181.777260 	 38740.103538 	 2135486205.654198 
13257 	 6.221971 	 167.910724 	 33378.799127 	 1640007175.969542 
13258 	 28.797312 	 179.822212 	 37659.497486 	 2024979800.416898 
13259 	 -43.503656 	 178.320297 	 38241.338016 	 2142404407.700226 
13260 	 -24.829142 	 142.259949 	 26785.583139 	 1302475982.518991 
13261 	 21.022213 	 161.999403 	 32428.469485 	 1666805862.885798 
13262 	 -28.861324 	 177.987595 	 37535.354270 	 2077779668.510816 
13263 	 -28.355672 	 170.754370 	 34785.616200 	 1820353505.238915 
13264 	 4.096712 	 177.222413 	 37037.403725 	 1995555336.927582 
13265 	 49.470887 	 184.503104 	 39234.691055 	 2107731626.241630 
13266 	 -95.726889 	 180.548518 	 37660.268010 	 1974668517.123309 
13267 	 -56.633561 	 189.189752 	 40545.976478 	 2202372231.457179 
13268 	 46.208242 	 162.819080 	 32140.941178 	 1585510022.708019 
13269 	 82.936141 	 175.965327 	 36436.268600 	 1941308404.401413 
13270 	 -95.228404 	 193.299709 	 41701.374566 	 2292820588.239091 
13271 	 -16.926251 	 185.705431 	 39198.668864 	 2077480246.803718 
13272 	 -5.965994 	 178.754844 	 37688.706023 	 2036473896.313418 
13273 	 -47.034742 	 178.503951 	 37832.348787 	 2083762110.867538 
13274 	 58.549033 	 177.420303 	 37585.250240 	 2083678169.139903 
13275 	 179.917513 	 192.021338 	 42048.487565 	 2378310765.089184 
13276 	 113.309203 	 178.195720 	 37498.783306 	 2051432813.016850 
13277 	 112.497150 	 169.988268 	 34197.399739 	 1716010562.588182 
13278 	 -35.758435 	 171.994588 	 35222.053146 	 1831242596.393717 
13279 	 -79.641818 	 164.798218 	 32718.284579 	 1656440290.249045 
13280 	 -107.692313 	 174.294651 	 35867.170708 	 1873942480.216822 
13281 	 -133.385827 	 170.408230 	 34822.473192 	 1802924571.391667 
13282 	 82.477371 	 155.669210 	 29818.480319 	 1409824722.517548 
13283 	 -6.689714 	 166.629375 	 33683.480847 	 1744152216.215799 
13284 	 6.231944 	 178.055772 	 37470.221439 	 2033415109.003737 
13285 	 -25.782672 	 164.844416 	 33457.774439 	 1764543350.829591 
13286 	 18.748440 	 164.987002 	 33379.117297 	 1722785045.425454 
13287 	 83.138664 	 175.459502 	 35984.755821 	 1856414167.964978 
13288 	 -85.259589 	 176.382622 	 36488.220583 	 1903686385.799152 
13289 	 22.442760 	 174.868511 	 35843.208585 	 1849040662.558964 
13290 	 17.696672 	 183.476871 	 38824.073775 	 2103984745.531745 
13291 	 17.815529 	 166.089802 	 33645.631012 	 1747760244.213861 
13292 	 155.138441 	 180.251623 	 37078.460212 	 1887473439.585174 
13293 	 -0.435658 	 179.600337 	 37568.033471 	 2027989603.077024 
13294 	 -89.404778 	 173.136308 	 35065.506433 	 1794858504.251834 
13295 	 -26.631749 	 186.795981 	 40871.324542 	 2334587891.733427 
13296 	 -78.581609 	 168.819436 	 33978.873641 	 1705602282.424747 
13297 	 -7.116177 	 169.205349 	 34698.160590 	 1829060278.746382 
13298 	 -9.418004 	 180.373094 	 39089.399009 	 2264870321.512876 
13299 	 -24.082065 	 156.872726 	 30140.272955 	 1410424876.814997 
13300 	 -49.427108 	 192.717158 	 41718.822477 	 2340418542.041805 
13301 	 63.379176 	 182.522910 	 38790.845693 	 2114016959.512421 
13302 	 21.096253 	 155.093477 	 29978.020063 	 1475311410.975660 
13303 	 35.621661 	 169.005038 	 34829.544331 	 1868044523.512128 
13304 	 -35.097619 	 179.078042 	 37953.334946 	 2134578208.799232 
13305 	 -13.360350 	 184.862789 	 39192.819018 	 2103590393.769993 
13306 	 -59.293697 	 187.356829 	 40108.029608 	 2200219242.007713 
13307 	 -108.159919 	 170.777297 	 35239.506467 	 1855277638.985415 
13308 	 45.042494 	 159.442000 	 31468.264298 	 1543946206.139473 
13309 	 82.485275 	 191.335014 	 41713.364046 	 2347368696.418303 
13310 	 -46.862241 	 174.905531 	 35564.184835 	 1788693866.199745 
13311 	 -115.634821 	 152.631603 	 28803.590384 	 1335258642.162915 
13312 	 122.021140 	 181.485200 	 38101.699087 	 2031383938.020033 
13313 	 -95.051773 	 179.820275 	 39262.126203 	 2288989742.824920 
13314 	 75.438254 	 149.780628 	 28802.530546 	 1401609805.139188 
13315 	 -15.295760 	 169.340031 	 34635.110241 	 1814019594.023911 
13316 	 15.500801 	 166.095234 	 33411.574845 	 1712721443.931840 
13317 	 -60.085828 	 176.540384 	 36666.781352 	 1940716699.456355 
13318 	 20.665646 	 182.305537 	 37846.494142 	 1988309577.005536 
13319 	 64.313048 	 176.869145 	 35911.171300 	 1790283117.528230 
13320 	 -69.492418 	 186.174653 	 40404.555813 	 2312500792.998133 
13321 	 32.002407 	 162.179074 	 32559.156858 	 1670608605.466777 
13322 	 120.470979 	 180.786120 	 38092.441597 	 2067519730.218160 
13323 	 186.941781 	 198.194814 	 43392.985464 	 2416029161.866535 
13324 	 70.230388 	 175.896501 	 36338.745823 	 1902404866.979595 
13325 	 59.363751 	 169.950595 	 34618.836926 	 1775662532.736219 
13326 	 -98.170607 	 169.124292 	 33830.878197 	 1700977504.779974 
13327 	 -122.347312 	 193.049163 	 42125.663517 	 2383598386.664525 
13328 	 -5.116255 	 170.901083 	 35144.965918 	 1853721511.320824 
13329 	 10.454881 	 187.079705 	 40087.473531 	 2191912977.209288 
13330 	 -105.493261 	 184.907506 	 39917.166859 	 2269567678.175244 
13331 	 38.723521 	 169.440952 	 33981.646876 	 1735630803.236137 
13332 	 -1.972634 	 178.313875 	 38043.753348 	 2091592142.061347 
13333 	 -70.536071 	 179.150534 	 36984.335161 	 1950458482.358669 
13334 	 -13.189022 	 169.891769 	 34465.251074 	 1745055937.336773 
13335 	 -48.617724 	 184.404530 	 38545.269877 	 2012600278.140064 
13336 	 77.988594 	 176.602891 	 37141.653005 	 2007681131.075184 
13337 	 -18.565296 	 182.549640 	 39084.825701 	 2132143268.375818 
13338 	 -72.015677 	 169.318999 	 35184.660869 	 1885581280.979309 
13339 	 62.411777 	 183.034763 	 38106.662601 	 1990022072.146271 
13340 	 -75.680606 	 172.042779 	 35381.224848 	 1875838824.661452 
13341 	 73.915567 	 171.638121 	 35356.745647 	 1880295590.425588 
13342 	 -14.496315 	 151.055461 	 29194.081392 	 1453188514.242645 
13343 	 70.792787 	 178.551494 	 37400.919609 	 2005432203.009893 
13344 	 -32.160909 	 187.651455 	 40149.787333 	 2184812081.792105 
13345 	 76.042985 	 186.188951 	 39981.711305 	 2206854312.016728 
13346 	 -148.088182 	 185.273839 	 39926.599811 	 2254247076.194096 
13347 	 -93.460057 	 167.780881 	 34274.883594 	 1798335707.873552 
13348 	 -18.289441 	 168.462169 	 34379.254391 	 1808861927.563821 
13349 	 -45.961321 	 168.540273 	 33777.946987 	 1687015781.209891 
13350 	 -48.517444 	 156.780163 	 31340.532112 	 1636433275.459502 
13351 	 72.283130 	 182.832935 	 39067.300889 	 2176051383.831918 
13352 	 -79.314866 	 176.524168 	 36134.798051 	 1854819558.030115 
13353 	 -48.453473 	 176.750532 	 36435.372499 	 1910744429.521254 
13354 	 -35.540509 	 165.886038 	 33896.472701 	 1778754848.410517 
13355 	 -38.879139 	 186.012174 	 39384.678871 	 2100765482.943395 
13356 	 -56.178232 	 180.014758 	 38206.481864 	 2112387428.198478 
13357 	 37.745507 	 166.543548 	 33267.033906 	 1676629520.989987 
13358 	 -38.275641 	 178.629761 	 36737.286769 	 1881823958.331306 
13359 	 64.167875 	 175.514215 	 36234.990864 	 1881577531.336826 
13360 	 -28.733393 	 158.910894 	 31209.717491 	 1532869191.292511 
13361 	 -36.212960 	 167.462444 	 34191.718788 	 1787567494.305025 
13362 	 65.676950 	 162.090570 	 32586.112468 	 1680120079.014957 
13363 	 -35.901349 	 158.639073 	 31773.781585 	 1632454833.983363 
13364 	 5.756749 	 163.728543 	 32747.982172 	 1664897683.892853 
13365 	 53.403846 	 184.253296 	 39278.243277 	 2152261673.344687 
13366 	 -76.950506 	 164.664606 	 33412.735629 	 1745669501.294319 
13367 	 43.547729 	 176.409136 	 36243.429982 	 1862001494.955703 
13368 	 -2.310321 	 191.744839 	 41714.753883 	 2315139756.149115 
13369 	 5.235898 	 153.977432 	 30540.202685 	 1570343231.049787 
13370 	 -70.356642 	 166.413050 	 33432.385167 	 1676753702.933875 
13371 	 -113.173317 	 166.643612 	 33895.137110 	 1770120018.494310 
13372 	 9.321782 	 188.184191 	 40225.921162 	 2199205133.908576 
13373 	 -75.655861 	 183.598762 	 39180.410886 	 2140519860.573085 
13374 	 47.900723 	 172.210573 	 34936.603597 	 1766177907.698744 
13375 	 -16.124914 	 169.327000 	 34814.876474 	 1835417190.055529 
13376 	 -92.040543 	 164.168972 	 32879.923013 	 1670018604.109972 
13377 	 108.353200 	 172.915738 	 35882.389917 	 1929404498.336203 
13378 	 -69.774773 	 170.593511 	 35429.452611 	 1935186289.826023 
13379 	 64.034042 	 178.621257 	 37785.321826 	 2094326275.671756 
13380 	 -36.421743 	 174.575656 	 36346.297884 	 1931435985.349949 
13381 	 -72.815128 	 176.634404 	 36813.617226 	 1971296080.965077 
13382 	 -114.445861 	 178.664076 	 37126.662914 	 1972545708.241414 
13383 	 70.476339 	 184.558098 	 39046.557122 	 2116295652.545815 
13384 	 -96.913206 	 179.200505 	 37605.347235 	 2021529454.160419 
13385 	 -58.177746 	 175.015931 	 36787.524770 	 2023158729.428090 
13386 	 -72.931997 	 178.152652 	 37643.884105 	 2043415437.618924 
13387 	 16.879243 	 180.292833 	 37931.413632 	 2033315357.597303 
13388 	 124.478915 	 196.567794 	 43008.416289 	 2418610697.174238 
13389 	 -43.340015 	 181.613303 	 38654.010868 	 2149382692.681442 
13390 	 -42.661359 	 177.513459 	 36892.164551 	 1956785935.759706 
13391 	 -25.553636 	 183.103594 	 38956.744487 	 2112548034.426069 
13392 	 134.406759 	 167.179681 	 33592.991572 	 1694656347.714126 
13393 	 -43.670721 	 174.112130 	 35881.074260 	 1880363904.276843 
13394 	 -36.692737 	 172.018466 	 35335.508479 	 1857241089.137387 
13395 	 73.943142 	 166.549064 	 34143.053820 	 1822362765.907273 
13396 	 136.486020 	 183.018289 	 38924.835769 	 2115499664.943485 
13397 	 -122.138893 	 177.102990 	 36129.416002 	 1844495874.304997 
13398 	 105.208578 	 170.684539 	 34328.404740 	 1723309806.369140 
13399 	 30.224982 	 172.234091 	 34300.891463 	 1687893336.777065 
13400 	 -13.312746 	 176.482397 	 36381.172507 	 1889135078.440691 
13401 	 -72.885373 	 175.020285 	 36367.278107 	 1948603905.720889 
13402 	 -106.987508 	 181.616509 	 38498.795583 	 2096722942.725391 
13403 	 59.860047 	 172.508661 	 35604.311956 	 1914172419.538028 
13404 	 73.793971 	 170.839102 	 34672.305685 	 1791913600.207515 
13405 	 -70.413036 	 185.868002 	 39632.788878 	 2140714941.521427 
13406 	 -54.360910 	 184.705252 	 38655.733226 	 1997764987.551611 
13407 	 46.440403 	 188.341988 	 39426.733737 	 2019574633.892286 
13408 	 -28.962637 	 182.507440 	 38282.045080 	 2039519130.325238 
13409 	 25.848733 	 168.946866 	 33911.618075 	 1713705249.235730 
13410 	 -46.274726 	 185.499079 	 39980.873170 	 2247360783.409897 
13411 	 180.208949 	 193.964436 	 41740.381299 	 2279006447.331265 
13412 	 -62.001774 	 164.762652 	 33594.498857 	 1796438261.502772 
13413 	 -129.194805 	 183.341875 	 38650.269603 	 2112512479.646010 
13414 	 -51.959715 	 163.800175 	 32546.836559 	 1610539757.315040 
13415 	 -16.203400 	 175.706816 	 37267.452784 	 2070817856.728724 
13416 	 -6.251112 	 174.584500 	 36019.568416 	 1872054387.031964 
13417 	 -127.282189 	 186.615118 	 39709.528431 	 2186259680.197476 
13418 	 98.692976 	 180.118798 	 38124.388533 	 2080771944.960087 
13419 	 102.178826 	 181.741555 	 38481.606690 	 2113412292.918581 
13420 	 61.757228 	 173.118445 	 36323.768376 	 2013344838.127971 
13421 	 95.965303 	 179.142262 	 36897.794454 	 1883064489.259766 
13422 	 40.855501 	 168.328551 	 34596.711428 	 1843599464.057256 
13423 	 -122.066027 	 191.259286 	 41205.306242 	 2255759005.148640 
13424 	 19.094418 	 183.084443 	 38614.333611 	 2067437565.585413 
13425 	 -31.627626 	 169.411017 	 34929.758235 	 1886981082.887381 
13426 	 -19.775551 	 189.425584 	 41805.589066 	 2457383718.226954 
13427 	 86.299245 	 168.831689 	 33656.394483 	 1678084982.880226 
13428 	 78.829139 	 170.880050 	 35608.482852 	 1907821206.028513 
13429 	 101.811694 	 174.799881 	 35671.290408 	 1830096804.166356 
13430 	 -34.024208 	 167.907707 	 34201.641743 	 1803735091.864027 
13431 	 -132.610581 	 179.474517 	 38400.253134 	 2148649794.117244 
13432 	 102.997378 	 173.894471 	 36641.168758 	 2032030259.688042 
13433 	 123.170320 	 180.383372 	 38027.485212 	 2038016156.043463 
13434 	 -53.794400 	 167.280362 	 33908.355224 	 1757985803.962988 
13435 	 -5.878507 	 171.269873 	 35357.583765 	 1870210167.388016 
13436 	 -22.717945 	 166.960642 	 33698.623307 	 1705810552.252923 
13437 	 -14.555169 	 183.589015 	 39085.372423 	 2117900069.378662 
13438 	 -16.422298 	 183.344329 	 38981.301113 	 2128856642.770555 
13439 	 78.569495 	 176.337852 	 36713.164639 	 1979912743.496741 
13440 	 140.339779 	 186.894769 	 39979.345301 	 2178448421.541043 
13441 	 -58.066378 	 150.822318 	 29004.350860 	 1386083887.742055 
13442 	 -114.011011 	 188.226694 	 40100.831128 	 2176618735.584917 
13443 	 -123.481449 	 183.819294 	 39186.661491 	 2170813221.064712 
13444 	 -21.022161 	 182.634149 	 38429.649857 	 2045436842.167581 
13445 	 -48.530411 	 170.563778 	 34475.478101 	 1778742397.740048 
13446 	 90.743903 	 173.723628 	 36261.099784 	 1961947922.523782 
13447 	 -16.806282 	 183.388529 	 38321.237551 	 2012830730.941945 
13448 	 -138.468903 	 170.063749 	 35517.462699 	 1952998147.373815 
13449 	 -39.861225 	 177.491943 	 37087.632672 	 2002933882.242392 
13450 	 5.203121 	 182.207750 	 38716.059507 	 2137029030.795610 
13451 	 -19.507213 	 184.534870 	 39255.365263 	 2149844556.831643 
13452 	 -52.903182 	 164.980647 	 32878.701478 	 1626102576.769627 
13453 	 -60.904696 	 164.569498 	 33576.499298 	 1754180424.869176 
13454 	 -53.634085 	 178.294444 	 37538.272308 	 2051729031.023696 
13455 	 -81.517556 	 160.149307 	 31708.227611 	 1631119156.397199 
13456 	 -84.799248 	 168.015808 	 34004.799176 	 1732243644.970995 
13457 	 -68.377451 	 190.324385 	 40956.684360 	 2268757194.843720 
13458 	 60.095875 	 175.518878 	 36617.601541 	 1955376331.423774 
13459 	 26.679545 	 173.585553 	 35105.786519 	 1768906139.926836 
13460 	 49.707292 	 166.937459 	 32907.998253 	 1593658594.763921 
13461 	 -2.609710 	 169.278383 	 34573.248406 	 1824975103.647840 
13462 	 -74.404527 	 180.444845 	 37940.804164 	 2049859609.612967 
13463 	 112.719045 	 182.705443 	 38836.090319 	 2156948474.628145 
13464 	 21.359260 	 175.832031 	 35927.190881 	 1842179066.352054 
13465 	 15.737912 	 167.117716 	 34387.789012 	 1874617298.678216 
13466 	 119.178989 	 180.330983 	 37090.738087 	 1905170748.606087 
13467 	 91.417887 	 177.546664 	 37078.303985 	 1987045715.396950 
13468 	 51.797363 	 168.704975 	 34781.673310 	 1825339570.073552 
13469 	 -65.300579 	 174.664086 	 36428.633879 	 1968334630.829443 
13470 	 67.177424 	 174.741160 	 35923.543047 	 1874986639.600578 
13471 	 -40.471400 	 171.821649 	 35848.860205 	 1948198810.607132 
13472 	 -53.229669 	 174.920597 	 35808.622494 	 1839324522.624026 
13473 	 62.050179 	 176.677656 	 36395.001579 	 1875703705.727110 
13474 	 -24.593855 	 168.993752 	 34052.470181 	 1727377383.954601 
13475 	 40.489007 	 183.647613 	 39253.539729 	 2164900663.483902 
13476 	 -47.355672 	 169.407223 	 34735.918099 	 1839535839.464205 
13477 	 -46.226895 	 182.767086 	 38439.873023 	 2062534028.109546 
13478 	 -52.174577 	 183.243366 	 39040.471332 	 2131894240.407136 
13479 	 -1.716345 	 201.929511 	 45304.277132 	 2640373498.199872 
13480 	 5.105103 	 176.787209 	 36668.471096 	 1910780137.608785 
13481 	 -49.145389 	 175.955536 	 37299.401461 	 2058358603.186915 
13482 	 -36.585358 	 180.739712 	 38559.224658 	 2147938236.999578 
13483 	 -25.823242 	 187.845967 	 40062.233212 	 2180005377.845607 
13484 	 37.840230 	 168.973483 	 34764.518917 	 1856069404.306443 
13485 	 35.759288 	 180.911478 	 38482.686756 	 2125752702.269096 
13486 	 72.898834 	 156.952207 	 31295.544939 	 1635596630.660576 
13487 	 -89.717476 	 188.167767 	 40670.187314 	 2285093705.457203 
13488 	 -72.437652 	 169.981699 	 35208.418954 	 1882837236.268567 
13489 	 31.622889 	 162.252200 	 32389.472884 	 1629797217.670384 
13490 	 -18.036071 	 177.398529 	 37444.694900 	 2052869959.124633 
13491 	 -26.043861 	 178.999928 	 37362.014725 	 1982168251.363867 
13492 	 -98.214114 	 183.710093 	 38885.747466 	 2094400483.277734 
13493 	 -84.269293 	 164.451886 	 32370.851258 	 1578359723.893548 
13494 	 -132.083864 	 174.522011 	 36000.758316 	 1874326812.845334 
13495 	 -61.009704 	 183.467163 	 38525.393837 	 2056191522.098575 
13496 	 -36.350946 	 177.788795 	 36832.664039 	 1945416053.607150 
13497 	 -40.293437 	 180.965942 	 38300.208371 	 2099124842.712021 
13498 	 -40.159290 	 172.002907 	 35441.858439 	 1876271329.937073 
13499 	 -12.175693 	 171.688089 	 35530.733572 	 1870112932.668282 
13500 	 18.274528 	 165.593643 	 33159.385667 	 1658151227.804825 
13501 	 106.791516 	 181.260846 	 38335.657715 	 2060670029.183483 
13502 	 90.127579 	 184.983514 	 39404.458116 	 2142519695.232084 
13503 	 -98.686540 	 181.390819 	 37824.161972 	 2007205666.388780 
13504 	 23.654313 	 181.598809 	 38768.754243 	 2153351304.501091 
13505 	 40.021683 	 184.906615 	 39305.074012 	 2154451641.633500 
13506 	 76.599026 	 183.342673 	 38970.985054 	 2124965431.810743 
13507 	 86.005014 	 176.790224 	 37725.575956 	 2165043310.362086 
13508 	 -4.144562 	 163.403664 	 32182.329807 	 1586797160.048427 
13509 	 -91.032898 	 178.789859 	 38520.935881 	 2148503147.127157 
13510 	 13.995483 	 187.415633 	 39747.417073 	 2146058060.019524 
13511 	 28.762920 	 183.396531 	 39066.253764 	 2127472909.894592 
13512 	 6.473692 	 173.576235 	 35654.940387 	 1867103890.742753 
13513 	 77.009454 	 168.676322 	 35414.644272 	 1940893076.315474 
13514 	 124.242412 	 171.906980 	 34435.556650 	 1704232935.802557 
13515 	 90.994604 	 173.731143 	 35304.897269 	 1789897889.033200 
13516 	 110.191742 	 179.760219 	 37910.941638 	 2078745118.267563 
13517 	 34.363037 	 172.694995 	 35078.711708 	 1818703475.505748 
13518 	 -4.609915 	 179.074766 	 36898.946958 	 1939962967.234564 
13519 	 65.787650 	 177.068456 	 36466.907984 	 1876207347.803770 
13520 	 23.827793 	 183.926142 	 38480.744432 	 2016914266.162139 
13521 	 -57.802972 	 155.948552 	 31306.120796 	 1639577369.276823 
13522 	 33.805226 	 170.075284 	 34928.527801 	 1870638876.147590 
13523 	 64.489440 	 159.794873 	 31284.070406 	 1529967121.754776 
13524 	 18.560092 	 177.183765 	 37782.720666 	 2124257120.638725 
13525 	 -78.821005 	 176.964735 	 36932.422919 	 1957363074.941190 
13526 	 -3.388060 	 188.252185 	 41023.377256 	 2349302377.042111 
13527 	 -81.502490 	 152.837825 	 30107.526205 	 1545496845.942156 
13528 	 -49.798062 	 173.162915 	 36197.916267 	 1968364799.400783 
13529 	 -19.696532 	 175.959681 	 36242.627826 	 1895148445.952857 
13530 	 137.987614 	 180.751963 	 38132.774935 	 2062570193.104803 
13531 	 -25.696652 	 192.814353 	 42066.247649 	 2362207632.895745 
13532 	 -29.849891 	 184.694891 	 39722.143658 	 2216364341.482419 
13533 	 4.420557 	 170.356393 	 35211.276470 	 1880917333.357172 
13534 	 -116.832128 	 175.412292 	 35425.101289 	 1774381957.082416 
13535 	 -4.384801 	 167.824218 	 33817.389642 	 1735582093.508853 
13536 	 60.642273 	 191.224464 	 41355.003080 	 2313172497.819393 
13537 	 -40.613477 	 166.404240 	 34997.466651 	 1957890334.789500 
13538 	 53.827828 	 176.243633 	 37554.439349 	 2108245574.983575 
13539 	 -55.201706 	 170.902509 	 34601.353260 	 1789664156.133399 
13540 	 -73.997484 	 182.046142 	 38740.803551 	 2115120897.508114 
13541 	 50.957237 	 184.778511 	 39576.820981 	 2192410566.798181 
13542 	 -38.325194 	 188.537275 	 40715.592818 	 2254625070.834838 
13543 	 17.358971 	 170.996783 	 35992.415760 	 1967495827.142210 
13544 	 16.944922 	 171.207234 	 35435.601973 	 1904909176.686549 
13545 	 46.021866 	 188.608008 	 40291.184911 	 2201820758.790720 
13546 	 53.932938 	 173.867843 	 36251.159062 	 1959245181.898053 
13547 	 -43.812029 	 165.333364 	 32972.586144 	 1690837640.972516 
13548 	 3.462380 	 179.470773 	 37894.013639 	 2070185017.296386 
13549 	 42.688384 	 169.271203 	 34854.426983 	 1847190714.489451 
13550 	 40.432232 	 176.103724 	 36210.432227 	 1881119281.012733 
13551 	 46.109315 	 183.767432 	 39356.983259 	 2189904225.766685 
13552 	 13.464770 	 199.482163 	 44638.908045 	 2593405656.220170 
13553 	 -28.408082 	 179.888112 	 38546.361503 	 2170975854.129865 
13554 	 12.081539 	 185.096391 	 38858.240429 	 2064338759.870713 
13555 	 -73.922334 	 186.293998 	 40399.325637 	 2273727204.951814 
13556 	 54.555357 	 166.522668 	 33573.055420 	 1730404657.302993 
13557 	 -4.143006 	 177.135107 	 38261.802043 	 2215615420.952042 
13558 	 29.944439 	 170.235837 	 34718.009211 	 1813088369.097984 
13559 	 1.079728 	 161.484741 	 32491.258904 	 1706247329.483503 
13560 	 -40.890420 	 176.331041 	 36802.576937 	 1993087065.919496 
13561 	 95.343635 	 192.990172 	 41718.745006 	 2291624078.219140 
13562 	 32.225983 	 176.114858 	 37148.037687 	 2021484817.025237 
13563 	 -26.294865 	 178.323807 	 37117.058848 	 1942392314.663239 
13564 	 -15.870329 	 173.496709 	 35490.254978 	 1847657805.823603 
13565 	 -64.772784 	 176.218034 	 37349.803937 	 2096140689.247360 
13566 	 23.732031 	 169.733494 	 33915.734489 	 1709972688.695115 
13567 	 69.717057 	 188.275147 	 39923.815716 	 2147925402.105299 
13568 	 29.848732 	 161.084658 	 32086.703199 	 1612918072.266372 
13569 	 43.237663 	 179.272427 	 37081.872733 	 1944569872.160787 
13570 	 80.629069 	 198.286618 	 44136.805794 	 2564000246.249409 
13571 	 42.929894 	 184.811596 	 39439.562903 	 2169368396.812346 
13572 	 33.231798 	 167.093661 	 34815.080997 	 1895743235.906609 
13573 	 114.017408 	 170.648648 	 35690.947473 	 1952229452.681709 
13574 	 117.133545 	 174.831843 	 36236.034977 	 1928585334.027604 
13575 	 -22.746398 	 177.019543 	 36916.946413 	 1987561442.999498 
13576 	 162.779095 	 185.162879 	 39743.225223 	 2194338158.053380 
13577 	 -28.343841 	 182.073106 	 38609.232630 	 2102522373.844462 
13578 	 -21.543847 	 176.303259 	 36513.185447 	 1944156011.936034 
13579 	 -83.887038 	 170.958033 	 35123.642643 	 1838655130.494216 
13580 	 -63.281986 	 178.941804 	 36724.911398 	 1896536893.966696 
13581 	 -34.980989 	 171.762904 	 35190.642623 	 1837228356.141936 
13582 	 77.999664 	 170.762148 	 34869.177334 	 1832051322.585787 
13583 	 -67.736327 	 184.278015 	 38860.801279 	 2071017656.743215 
13584 	 -15.479982 	 182.720137 	 38743.010498 	 2131436896.102974 
13585 	 104.219575 	 181.226822 	 38530.600581 	 2126606337.675459 
13586 	 80.285642 	 185.747581 	 39206.417494 	 2074908485.159746 
13587 	 25.234217 	 182.030643 	 38211.212010 	 2043375413.267751 
13588 	 36.797687 	 175.406565 	 36471.171985 	 1924394276.685977 
13589 	 74.653650 	 180.065557 	 38188.712768 	 2120701253.108132 
13590 	 28.962137 	 176.845378 	 37544.391406 	 2071565665.520627 
13591 	 116.967395 	 173.876604 	 36340.741091 	 1950358760.771115 
13592 	 84.740580 	 166.299382 	 32505.532388 	 1559979295.574085 
13593 	 79.240003 	 186.385667 	 40148.368105 	 2228924903.436231 
13594 	 151.110422 	 174.838686 	 36288.150637 	 1935609248.060747 
13595 	 -2.450983 	 173.399350 	 35703.584920 	 1866362141.968504 
13596 	 36.348482 	 182.358327 	 38576.506114 	 2092435757.813639 
13597 	 89.687682 	 184.726020 	 39139.583003 	 2093273037.031020 
13598 	 -18.053774 	 156.244627 	 30890.950682 	 1559596763.534986 
13599 	 -19.370314 	 173.669739 	 35935.675458 	 1921129270.076709 
13600 	 65.769007 	 175.776555 	 36999.520351 	 1990973366.557906 
13601 	 -11.631709 	 172.350607 	 35468.845834 	 1875559568.761981 
13602 	 -30.404240 	 176.891120 	 37575.062120 	 2109299095.098471 
13603 	 45.317745 	 185.762403 	 40397.974369 	 2299505581.394179 
13604 	 -9.096632 	 178.346054 	 37852.194286 	 2078658398.040221 
13605 	 -16.989594 	 160.039451 	 31423.194917 	 1537112339.046205 
13606 	 43.721470 	 158.994298 	 31494.999898 	 1568510893.006072 
13607 	 -48.102707 	 184.752519 	 38927.324764 	 2049467522.109889 
13608 	 42.047757 	 175.215695 	 36083.094771 	 1866277691.938307 
13609 	 -115.312883 	 171.442393 	 34650.068725 	 1747037790.502483 
13610 	 19.956861 	 174.956559 	 35830.244308 	 1872794145.542894 
13611 	 -63.105215 	 176.748584 	 37583.847633 	 2055503869.940127 
13612 	 -33.367034 	 166.471369 	 33450.289052 	 1676638190.228571 
13613 	 5.827877 	 167.610038 	 33549.306953 	 1678548641.665572 
13614 	 -75.472776 	 181.197339 	 38188.445824 	 2090019870.477987 
13615 	 14.371647 	 175.201175 	 36738.210253 	 2015891033.592797 
13616 	 -158.957725 	 176.275064 	 36458.234721 	 1886821084.598212 
13617 	 -97.824907 	 178.209308 	 37106.615558 	 1986052678.548498 
13618 	 -57.331427 	 166.816299 	 34769.877116 	 1900203469.649246 
13619 	 -65.761031 	 177.133060 	 37408.149666 	 2028916944.229573 
13620 	 -52.075399 	 188.457863 	 41481.781638 	 2377575563.807351 
13621 	 25.656692 	 173.870109 	 35673.936836 	 1880956479.630729 
13622 	 121.557164 	 192.944808 	 42256.051157 	 2410663093.969877 
13623 	 -121.522845 	 178.148254 	 36962.004338 	 1957479268.384865 
13624 	 -76.642316 	 164.438167 	 33239.088458 	 1740449127.517423 
13625 	 -55.364409 	 174.332736 	 36519.177461 	 2007721367.463141 
13626 	 -31.236224 	 180.889365 	 38086.881615 	 2057244560.734194 
13627 	 -17.272079 	 177.724874 	 36914.902574 	 1921805220.638275 
13628 	 128.396472 	 161.642832 	 32677.565887 	 1694252619.072062 
13629 	 66.924537 	 170.422340 	 35280.616472 	 1893790943.769531 
13630 	 26.593458 	 184.120935 	 39055.855401 	 2131560145.179098 
13631 	 -124.354872 	 171.795069 	 35243.670079 	 1850546389.545582 
13632 	 -50.336373 	 177.367889 	 37000.249046 	 1991379926.571082 
13633 	 -6.382891 	 177.780761 	 37071.405250 	 1944257334.729104 
13634 	 -38.607184 	 172.595932 	 36173.714762 	 1988266841.323901 
13635 	 -0.242775 	 172.452348 	 35539.643059 	 1874616708.223643 
13636 	 107.082048 	 183.910072 	 38397.447477 	 2019195395.682146 
13637 	 -22.033051 	 173.679093 	 35703.069894 	 1857502875.636951 
13638 	 -60.753403 	 160.792900 	 32070.489261 	 1630476984.519106 
13639 	 -121.999179 	 193.076051 	 42410.623127 	 2430396403.819652 
13640 	 -86.638604 	 179.025409 	 37478.185117 	 2013499892.516923 
13641 	 -157.026951 	 186.593619 	 39599.245174 	 2162334253.433564 
13642 	 -56.313820 	 170.978353 	 35253.761985 	 1873871409.876178 
13643 	 -13.904506 	 172.511627 	 35439.926624 	 1865933489.511535 
13644 	 -74.313359 	 173.619226 	 37099.715863 	 2088729539.211682 
13645 	 -108.698910 	 176.138668 	 37567.000417 	 2080759407.560365 
13646 	 69.870195 	 175.010192 	 36625.447525 	 2000233851.424277 
13647 	 89.162047 	 168.056235 	 33913.934410 	 1730001724.283220 
13648 	 -28.724325 	 172.130856 	 35660.914706 	 1927987862.374974 
13649 	 38.442834 	 162.318631 	 32270.839774 	 1662873931.018558 
13650 	 14.599522 	 185.915391 	 39980.404625 	 2212507154.141491 
13651 	 51.850130 	 139.063774 	 25225.285292 	 1142095665.273042 
13652 	 52.579186 	 178.422797 	 37224.371192 	 2004866544.179622 
13653 	 8.136876 	 181.740644 	 37770.714126 	 1952030738.882761 
13654 	 61.594131 	 176.656653 	 36995.538732 	 1991472724.653058 
13655 	 37.609164 	 187.774374 	 40291.801205 	 2198005256.922472 
13656 	 -97.164012 	 183.488230 	 38317.909084 	 2004621625.763094 
13657 	 15.364614 	 175.269033 	 36102.478448 	 1890883893.680020 
13658 	 58.934645 	 174.499951 	 36767.924178 	 2053493177.417202 
13659 	 16.700917 	 160.845180 	 31851.676123 	 1620027977.657763 
13660 	 46.042050 	 163.803959 	 32515.936953 	 1609268054.709678 
13661 	 -36.890826 	 171.566284 	 35422.755481 	 1873846451.967358 
13662 	 35.334280 	 182.830840 	 39074.709364 	 2168786812.676964 
13663 	 -27.602858 	 178.998437 	 37542.359995 	 2031984005.172726 
13664 	 -5.291280 	 171.417584 	 35508.419481 	 1905063341.267193 
13665 	 132.717553 	 172.546245 	 35890.208890 	 1919831657.306772 
13666 	 31.261727 	 166.170167 	 33353.499740 	 1680434203.250503 
13667 	 173.829303 	 190.698733 	 41375.972745 	 2311757037.049697 
13668 	 42.423251 	 187.123490 	 40124.304216 	 2238423664.095404 
13669 	 -89.597940 	 159.766722 	 32049.984828 	 1665490462.921453 
13670 	 -133.749306 	 172.761906 	 34582.487966 	 1703411793.825867 
13671 	 8.858711 	 177.529075 	 37081.454430 	 2023056105.942536 
13672 	 -20.699552 	 171.319703 	 35157.012074 	 1845477436.760297 
13673 	 -142.208669 	 186.149706 	 39348.866808 	 2119288497.601206 
13674 	 -109.826445 	 182.258819 	 39147.447414 	 2181986761.484865 
13675 	 43.195152 	 189.984565 	 40456.467386 	 2156957296.344036 
13676 	 95.918593 	 180.145273 	 37243.049279 	 1937578561.733941 
13677 	 -83.828355 	 166.871745 	 33180.348714 	 1609682803.505768 
13678 	 103.660684 	 172.775200 	 36171.539477 	 1974454891.760243 
13679 	 169.174284 	 187.930051 	 39996.857815 	 2174539493.830275 
13680 	 -34.860653 	 168.570769 	 34067.020349 	 1769674477.932632 
13681 	 61.309718 	 171.539822 	 35026.079973 	 1838530722.303082 
13682 	 -146.246039 	 184.116274 	 38904.938873 	 2092648807.774622 
13683 	 -21.780213 	 163.115676 	 32525.945272 	 1644988973.670374 
13684 	 142.291184 	 178.771769 	 37481.709611 	 2005096528.289217 
13685 	 17.361360 	 179.403109 	 38121.454722 	 2139386021.844529 
13686 	 61.747632 	 154.280646 	 30754.298522 	 1591763681.358771 
13687 	 11.344808 	 173.991208 	 36447.699510 	 1999551325.242911 
13688 	 82.951054 	 181.680181 	 37889.622045 	 2017561052.233151 
13689 	 87.229343 	 176.976456 	 37097.159721 	 2024174232.597595 
13690 	 51.731721 	 166.616994 	 34237.945387 	 1827377969.451958 
13691 	 0.618251 	 180.441541 	 38117.207332 	 2085956864.964406 
13692 	 17.345013 	 192.108010 	 41431.505780 	 2263409070.384578 
13693 	 49.297475 	 183.163916 	 39246.173334 	 2206403086.410786 
13694 	 -75.605299 	 174.005800 	 35723.031079 	 1881667556.377632 
13695 	 28.703440 	 179.896807 	 37198.325179 	 1945609431.679150 
13696 	 -95.592266 	 192.284765 	 42191.641193 	 2451924100.944564 
13697 	 -123.090201 	 188.915707 	 40805.087782 	 2274876641.864487 
13698 	 77.886720 	 192.608881 	 42171.548889 	 2372931843.954313 
13699 	 -110.307129 	 192.623237 	 41746.013702 	 2318031924.754269 
13700 	 -43.594175 	 173.613412 	 36476.291302 	 1968286018.114512 
13701 	 40.974772 	 191.278988 	 41658.403400 	 2370221046.124784 
13702 	 10.403027 	 181.422147 	 38544.608582 	 2119824124.129238 
13703 	 -6.403471 	 187.671726 	 40019.051857 	 2173889770.463990 
13704 	 -52.064378 	 188.844900 	 40032.871247 	 2155041509.833704 
13705 	 40.777355 	 172.429558 	 35275.256636 	 1815158809.675129 
13706 	 75.163213 	 167.657731 	 34838.587545 	 1874076487.551776 
13707 	 81.021515 	 170.889683 	 35481.263941 	 1912120178.661397 
13708 	 -96.891483 	 177.643487 	 37866.707892 	 2096251716.520229 
13709 	 80.242878 	 159.283297 	 31260.811017 	 1550385526.511695 
13710 	 127.534035 	 170.712372 	 35301.410556 	 1889685116.593723 
13711 	 64.750102 	 168.215630 	 34489.905151 	 1832003319.739389 
13712 	 -88.522856 	 181.416750 	 38942.497674 	 2202685791.283960 
13713 	 -64.756957 	 179.598394 	 37312.862357 	 1955968938.069528 
13714 	 -143.936038 	 180.799252 	 38092.125624 	 2054605197.915034 
13715 	 -48.842067 	 186.178691 	 39797.876794 	 2211591290.527269 
13716 	 43.112414 	 184.633850 	 39025.666538 	 2097386350.200597 
13717 	 47.170943 	 176.630681 	 37095.699674 	 2034028458.506425 
13718 	 33.458613 	 160.664298 	 32044.033078 	 1638902004.984147 
13719 	 7.318720 	 188.867792 	 40401.702018 	 2216494710.321961 
13720 	 -151.505661 	 177.775751 	 36975.548297 	 1981447151.141068 
13721 	 18.424015 	 135.106166 	 24845.820882 	 1148143914.037513 
13722 	 -118.056349 	 172.036493 	 35428.300449 	 1846010460.710169 
13723 	 -0.152120 	 164.444707 	 33656.465128 	 1758243836.281864 
13724 	 34.080751 	 189.067050 	 41301.044372 	 2332065134.633440 
13725 	 68.204028 	 182.377296 	 37648.555780 	 1924696261.051680 
13726 	 -114.596984 	 169.736155 	 34380.885235 	 1751878798.317522 
13727 	 17.822509 	 162.766869 	 32555.439856 	 1684404000.153100 
13728 	 2.945806 	 167.075101 	 34115.871854 	 1806834093.759289 
13729 	 -75.883266 	 190.220710 	 41480.853183 	 2333787095.796014 
13730 	 71.503109 	 172.038846 	 35289.115292 	 1858021915.426346 
13731 	 -92.994838 	 177.955854 	 37454.459741 	 2074255690.836876 
13732 	 34.087232 	 179.922679 	 36967.617196 	 1870685220.305172 
13733 	 90.252179 	 177.689098 	 37580.193742 	 2064134566.499726 
13734 	 -89.815138 	 187.072256 	 40581.165649 	 2273586283.980733 
13735 	 40.440458 	 162.444991 	 31980.306013 	 1583072349.224500 
13736 	 17.552164 	 173.547239 	 36112.632169 	 1945401747.159111 
13737 	 141.879154 	 178.172526 	 37331.904714 	 2018599721.021782 
13738 	 7.194626 	 182.214295 	 37615.636970 	 1919004120.137141 
13739 	 64.490695 	 176.984221 	 36497.386139 	 1904100973.553008 
13740 	 78.744374 	 171.765586 	 35109.472191 	 1824159978.295703 
13741 	 1.682213 	 198.287508 	 44397.566484 	 2605972935.087032 
13742 	 31.793994 	 185.373231 	 39370.215676 	 2128039047.664076 
13743 	 90.277642 	 184.897269 	 39244.361235 	 2125263660.229290 
13744 	 -8.077368 	 173.716381 	 35501.691910 	 1833755316.439835 
13745 	 -176.258616 	 198.458522 	 43449.924347 	 2423571943.888113 
13746 	 33.556082 	 181.543292 	 39000.778458 	 2210665791.183580 
13747 	 -128.434571 	 192.261866 	 41770.849886 	 2329937750.076739 
13748 	 -124.911614 	 179.021722 	 37657.897565 	 2020681132.357952 
13749 	 56.011535 	 163.062727 	 32727.061181 	 1684245212.801064 
13750 	 -21.725921 	 173.778131 	 35228.332860 	 1780508109.428425 
13751 	 -129.742577 	 179.886994 	 37424.172340 	 1967765618.130511 
13752 	 -142.395369 	 192.572361 	 42187.970420 	 2386570459.760559 
13753 	 24.899218 	 164.924005 	 32145.628257 	 1524817238.174942 
13754 	 56.866333 	 167.487647 	 33837.610570 	 1734332877.145365 
13755 	 -16.547449 	 155.632284 	 30898.789821 	 1567144344.450266 
13756 	 -75.838406 	 171.025824 	 34597.596699 	 1749769461.909958 
13757 	 22.642949 	 176.500053 	 36767.365412 	 1974270566.834096 
13758 	 33.095554 	 182.355834 	 38251.043108 	 2024771329.723455 
13759 	 -109.337837 	 190.770836 	 41426.862352 	 2332022235.863144 
13760 	 22.979831 	 171.330649 	 35145.458006 	 1822776489.565657 
13761 	 -15.216300 	 182.319356 	 38465.200105 	 2052223977.395533 
13762 	 97.627628 	 184.774554 	 39539.024427 	 2182338851.855864 
13763 	 46.345183 	 186.967060 	 39783.471201 	 2174808253.686329 
13764 	 3.255680 	 194.706281 	 42392.936639 	 2359281276.096321 
13765 	 127.501275 	 181.813742 	 38242.276078 	 2058984601.418394 
13766 	 -8.692910 	 164.586474 	 33422.799029 	 1754712993.264507 
13767 	 44.514562 	 170.398525 	 34496.619817 	 1742612105.341417 
13768 	 -87.789733 	 172.239339 	 35275.193986 	 1822082536.007656 
13769 	 147.261594 	 171.813655 	 34513.230267 	 1715462769.185528 
13770 	 -79.955457 	 173.511703 	 36052.584595 	 1932536923.455046 
13771 	 85.101242 	 171.908751 	 35639.329295 	 1921245290.561208 
13772 	 -50.163993 	 178.153600 	 36992.486995 	 1944469388.277217 
13773 	 68.834979 	 165.043053 	 33620.553347 	 1776319424.052625 
13774 	 6.181371 	 167.583571 	 34531.650597 	 1857894659.492900 
13775 	 -49.392152 	 169.919891 	 34940.107450 	 1881588247.831988 
13776 	 -52.541914 	 176.442874 	 37257.302876 	 2028760038.375305 
13777 	 -58.305475 	 168.833269 	 34209.540702 	 1756412601.388578 
13778 	 -38.502375 	 178.825774 	 38037.874335 	 2117984899.742323 
13779 	 22.640502 	 163.496826 	 32683.473148 	 1665293774.574060 
13780 	 30.945176 	 178.621874 	 37386.355099 	 2012658869.053122 
13781 	 -56.317288 	 185.820783 	 39441.123074 	 2164651651.697238 
13782 	 -97.795489 	 166.558698 	 33929.825314 	 1786117327.462018 
13783 	 14.886565 	 174.350529 	 36195.963054 	 1935541424.781865 
13784 	 -7.868311 	 165.748182 	 33794.018452 	 1786886571.010860 
13785 	 95.015588 	 169.469523 	 34914.098696 	 1859694718.234652 
13786 	 74.119701 	 174.394634 	 36228.002776 	 1932583202.842250 
13787 	 -48.718444 	 171.911300 	 35364.866617 	 1855213594.643412 
13788 	 19.791056 	 174.435023 	 36205.294422 	 1921943821.170935 
13789 	 -59.552175 	 181.511186 	 38340.046353 	 2042539868.708495 
13790 	 -72.770115 	 170.816369 	 34578.584653 	 1762011223.003606 
13791 	 -147.365914 	 170.515674 	 34673.829427 	 1790835244.035155 
13792 	 26.280847 	 153.753323 	 29841.242083 	 1472957232.489804 
13793 	 -49.746168 	 166.825351 	 33943.032759 	 1773101915.442760 
13794 	 139.410761 	 191.963368 	 41096.378546 	 2233382578.254814 
13795 	 7.367001 	 170.468024 	 34687.682088 	 1785102918.884758 
13796 	 3.047423 	 178.986224 	 37440.701390 	 1996285919.198519 
13797 	 65.647964 	 167.284903 	 34251.104155 	 1816490166.894749 
13798 	 -97.095284 	 188.616167 	 40689.337303 	 2293355489.262294 
13799 	 39.006394 	 177.037798 	 37655.376852 	 2083526062.901620 
13800 	 -13.039341 	 178.069619 	 37532.289336 	 2039148098.663458 
13801 	 -60.033294 	 170.085263 	 35052.867050 	 1875818423.585575 
13802 	 -31.278301 	 174.251013 	 35502.564667 	 1837098892.055644 
13803 	 -114.675724 	 177.244926 	 37480.350255 	 2092187126.644105 
13804 	 89.889236 	 169.235229 	 34398.307954 	 1761495641.407409 
13805 	 -126.660145 	 184.666731 	 39669.205300 	 2193154767.376844 
13806 	 74.203978 	 147.363796 	 27430.486130 	 1257736120.507638 
13807 	 37.234383 	 180.091899 	 37806.645303 	 2007616071.294849 
13808 	 42.771613 	 173.705876 	 36627.105223 	 2027920287.890542 
13809 	 43.934920 	 153.717744 	 29987.019005 	 1505494964.405319 
13810 	 -97.591374 	 177.055752 	 36951.611585 	 1981643090.394792 
13811 	 29.610063 	 166.817199 	 33493.977832 	 1702320585.277995 
13812 	 32.095666 	 176.182145 	 36635.502879 	 1945985161.430270 
13813 	 41.246569 	 179.741712 	 37450.341678 	 1988558497.114508 
13814 	 -39.308220 	 177.648616 	 37376.336455 	 2040129886.144379 
13815 	 31.746604 	 180.316397 	 39136.020888 	 2237551153.625850 
13816 	 -93.056664 	 167.716533 	 33903.842223 	 1745468519.359778 
13817 	 -117.985132 	 178.945243 	 37296.222960 	 1966781689.254116 
13818 	 43.799314 	 170.690094 	 34979.447092 	 1842223133.265359 
13819 	 45.595818 	 187.485080 	 40580.618859 	 2296352055.336720 
13820 	 20.020577 	 148.823852 	 27746.039523 	 1272486537.015391 
13821 	 -135.661415 	 186.856353 	 39482.334995 	 2113873306.850729 
13822 	 18.966479 	 179.612779 	 38443.458584 	 2149792246.477371 
13823 	 -44.643303 	 180.469134 	 38565.588780 	 2154860858.588622 
13824 	 119.204763 	 168.589062 	 33857.714634 	 1704842270.193460 
13825 	 -10.169666 	 173.804627 	 35958.126791 	 1923495508.651838 
13826 	 46.923374 	 180.594647 	 37921.992747 	 2021205724.241063 
13827 	 -76.114715 	 163.575541 	 33012.497978 	 1698918822.681929 
13828 	 -35.485990 	 175.855211 	 36330.260001 	 1905293576.846137 
13829 	 -100.425592 	 186.132187 	 40184.088735 	 2274748526.686744 
13830 	 -88.688494 	 159.053935 	 32405.651032 	 1734463202.372791 
13831 	 156.621715 	 190.813859 	 41680.946325 	 2358911595.917905 
13832 	 -86.557286 	 176.784371 	 36072.185625 	 1832740265.721075 
13833 	 98.855686 	 180.096095 	 37521.153594 	 1992825438.816823 
13834 	 8.209332 	 170.612960 	 34735.560262 	 1766642518.912611 
13835 	 186.648348 	 188.173406 	 40103.620248 	 2177961868.642418 
13836 	 112.482532 	 177.079451 	 37785.171204 	 2119910104.176365 
13837 	 -11.443998 	 172.103005 	 34938.565756 	 1762131308.056694 
13838 	 -108.154690 	 173.798382 	 36091.993033 	 1939443516.729832 
13839 	 -77.086865 	 166.715570 	 33942.833031 	 1754264703.488685 
13840 	 -25.187204 	 195.546379 	 43268.967983 	 2494176772.763771 
13841 	 113.777785 	 201.071368 	 44741.021097 	 2574621662.555926 
13842 	 -58.557491 	 169.281340 	 34332.990415 	 1762603776.407337 
13843 	 -66.022749 	 178.548191 	 37087.885947 	 1940921891.532482 
13844 	 -44.186739 	 161.768796 	 31683.117953 	 1554002142.148807 
13845 	 -108.213848 	 175.036941 	 35876.438486 	 1854627014.555061 
13846 	 -80.024052 	 172.268931 	 35453.265261 	 1854631922.998082 
13847 	 0.654241 	 174.667823 	 36503.010634 	 2000637702.457956 
13848 	 -8.065956 	 170.918105 	 35219.766315 	 1860375173.427095 
13849 	 23.913223 	 176.895256 	 37385.888813 	 2076446064.801004 
13850 	 -56.778814 	 176.014708 	 37085.813410 	 2046330698.849967 
13851 	 -60.112044 	 166.273953 	 33420.652141 	 1701768771.226662 
13852 	 20.211102 	 183.426402 	 38431.370941 	 2026906439.073300 
13853 	 63.914629 	 156.674174 	 30390.923461 	 1467377564.593968 
13854 	 43.665690 	 183.242919 	 38283.758567 	 2015680716.569414 
13855 	 -86.368463 	 177.136512 	 36910.622641 	 1966524332.544815 
13856 	 70.262768 	 172.340768 	 35444.471449 	 1860804844.365058 
13857 	 134.770923 	 179.669034 	 37606.296339 	 1999422711.443594 
13858 	 -13.514297 	 179.414684 	 37471.194876 	 1986032579.551178 
13859 	 -18.059083 	 184.343925 	 38866.969097 	 2058560211.099535 
13860 	 109.362423 	 162.173113 	 32106.242828 	 1588742998.060581 
13861 	 26.953098 	 158.071200 	 31109.638142 	 1572657621.242230 
13862 	 67.371159 	 176.162016 	 36961.138620 	 2003186438.547504 
13863 	 65.152355 	 158.061671 	 31509.379055 	 1599784651.606736 
13864 	 -104.743114 	 168.148890 	 33676.956010 	 1684967128.076688 
13865 	 -72.311297 	 175.662706 	 36082.032952 	 1862123729.327682 
13866 	 -4.721519 	 164.385663 	 32567.266069 	 1606749106.148853 
13867 	 -20.907917 	 178.869708 	 37945.105626 	 2097375812.069831 
13868 	 15.240770 	 184.845592 	 39665.375020 	 2209938291.341387 
13869 	 -131.574202 	 174.450651 	 36520.923591 	 1959519652.903409 
13870 	 -24.147449 	 175.282453 	 35945.210018 	 1852866509.078098 
13871 	 -1.690952 	 176.089353 	 37043.391413 	 2019049651.957382 
13872 	 -47.228319 	 192.316336 	 41781.865707 	 2326938164.244804 
13873 	 -37.416047 	 177.740967 	 37123.988024 	 1996832598.919546 
13874 	 -70.220787 	 173.415677 	 36008.244519 	 1921611095.648822 
13875 	 -89.203153 	 178.422246 	 37589.056345 	 2067502552.176419 
13876 	 62.897699 	 181.418964 	 37804.840071 	 1979402260.417618 
13877 	 71.396931 	 183.154711 	 39068.862406 	 2138974802.157893 
13878 	 37.884086 	 180.907019 	 38540.045199 	 2126259151.562120 
13879 	 54.971881 	 176.597837 	 36311.857559 	 1875793735.110282 
13880 	 5.418940 	 163.273472 	 32767.740482 	 1655199867.400956 
13881 	 -113.300036 	 196.718641 	 43034.529014 	 2407966196.988885 
13882 	 -104.367477 	 179.679791 	 37655.804612 	 2028273080.920533 
13883 	 -92.359700 	 175.227843 	 36322.956834 	 1924781751.507507 
13884 	 24.668469 	 184.397585 	 39002.131640 	 2113403170.529144 
13885 	 38.925082 	 188.927755 	 40496.859249 	 2229769460.461564 
13886 	 -71.752424 	 186.895700 	 39806.143301 	 2168154043.418598 
13887 	 -116.938497 	 190.759113 	 41667.954503 	 2369157915.458435 
13888 	 0.927025 	 188.810088 	 39804.506406 	 2110306023.285153 
13889 	 95.942062 	 172.026486 	 36116.226017 	 1970646285.087090 
13890 	 32.548783 	 165.237344 	 34307.195277 	 1899460894.347303 
13891 	 27.338110 	 170.177566 	 34131.393994 	 1681785822.518943 
13892 	 55.913024 	 182.559942 	 38756.217376 	 2104001019.837192 
13893 	 -94.096158 	 164.939124 	 33699.617339 	 1795836324.998363 
13894 	 16.825832 	 186.330760 	 40850.024095 	 2347398299.504690 
13895 	 26.802919 	 160.794141 	 32396.321501 	 1659906866.952116 
13896 	 7.402938 	 174.572740 	 36442.589962 	 1943798409.162593 
13897 	 45.336163 	 167.801829 	 34685.643500 	 1852253424.499301 
13898 	 -31.614945 	 176.863953 	 37666.425051 	 2101544083.800446 
13899 	 49.092854 	 171.533434 	 34953.451082 	 1804241817.547619 
13900 	 -16.655491 	 157.929893 	 31670.678589 	 1628330455.809069 
13901 	 -22.986566 	 172.555429 	 35719.400220 	 1866117591.377038 
13902 	 -48.195967 	 179.531229 	 37074.131295 	 1920178142.227290 
13903 	 54.382856 	 181.222052 	 38414.896948 	 2097725534.062935 
13904 	 3.316320 	 176.919371 	 37401.850721 	 2041357548.308022 
13905 	 10.063637 	 175.711029 	 36706.060232 	 1980382420.488024 
13906 	 97.284608 	 200.685266 	 45360.639216 	 2710181132.356341 
13907 	 -17.429677 	 177.003194 	 36683.496684 	 1922973562.736951 
13908 	 -123.461288 	 177.688892 	 37267.441064 	 1999423085.728528 
13909 	 118.538100 	 173.875752 	 35443.318794 	 1827210560.870391 
13910 	 -58.975275 	 177.128093 	 37501.149060 	 2077448211.749603 
13911 	 13.443568 	 166.056276 	 34076.900709 	 1839826385.383975 
13912 	 79.772864 	 185.414411 	 39477.516093 	 2160238132.523957 
13913 	 79.585397 	 177.195910 	 37154.382678 	 2021261945.191166 
13914 	 -44.060827 	 179.705283 	 38509.293844 	 2184706773.194805 
13915 	 -70.561109 	 166.835049 	 33409.136902 	 1669055176.272675 
13916 	 10.441133 	 171.140129 	 35029.986591 	 1834246041.719870 
13917 	 -92.858579 	 176.542191 	 35961.457097 	 1814956645.657632 
13918 	 30.694747 	 164.211140 	 33242.104287 	 1748702846.543190 
13919 	 -129.731399 	 174.064850 	 36248.662014 	 1945362796.261840 
13920 	 75.651080 	 179.573269 	 37372.936218 	 1941284089.406755 
13921 	 45.236803 	 167.312292 	 33670.856344 	 1730250122.300865 
13922 	 -44.120033 	 169.069241 	 34809.542572 	 1836040133.740443 
13923 	 34.871944 	 167.640692 	 34536.851314 	 1837742043.930275 
13924 	 -69.149079 	 181.426041 	 38499.400009 	 2097623006.056611 
13925 	 128.429732 	 182.233791 	 39130.885706 	 2206494453.296590 
13926 	 5.828661 	 180.516154 	 37947.251655 	 2026187430.870262 
13927 	 -25.972467 	 190.793864 	 41448.182998 	 2322290611.054156 
13928 	 -14.745138 	 174.266659 	 35500.433978 	 1826528570.766273 
13929 	 42.192334 	 193.149680 	 42529.209199 	 2443114007.942193 
13930 	 45.463864 	 165.229094 	 33165.181656 	 1691599750.887748 
13931 	 23.459128 	 168.435008 	 34765.594083 	 1873937608.314430 
13932 	 -7.211885 	 162.884816 	 32670.114638 	 1678885384.818481 
13933 	 43.651031 	 177.148744 	 36939.639516 	 1989623644.528294 
13934 	 54.489734 	 177.195706 	 37274.048851 	 2039890953.776909 
13935 	 142.791581 	 179.625114 	 38069.585086 	 2066957480.588738 
13936 	 38.946640 	 158.060982 	 31023.771762 	 1540429100.795412 
13937 	 -32.321894 	 174.942987 	 36334.002332 	 1956262313.157175 
13938 	 -79.043620 	 166.345214 	 34249.112751 	 1840412998.146470 
13939 	 -17.383624 	 193.158369 	 42100.237068 	 2350367375.459239 
13940 	 -39.205116 	 172.271413 	 35450.154070 	 1892163537.303569 
13941 	 -55.694494 	 168.969392 	 34265.950225 	 1771624780.261050 
13942 	 -125.570863 	 186.128703 	 40084.529912 	 2251590599.641187 
13943 	 91.968102 	 188.393191 	 41175.103900 	 2357114312.049289 
13944 	 76.783602 	 179.903331 	 37710.707068 	 2036652910.257128 
13945 	 0.393877 	 166.968495 	 33877.254027 	 1766583885.845679 
13946 	 -54.886937 	 175.321611 	 36784.670969 	 1999895993.112340 
13947 	 5.567780 	 163.188837 	 32502.520522 	 1624185589.605174 
13948 	 -3.010392 	 172.764062 	 36522.980350 	 2048656048.672510 
13949 	 -2.423313 	 170.315274 	 34854.386409 	 1811173285.406973 
13950 	 -89.354482 	 168.647421 	 34853.471719 	 1878685440.298551 
13951 	 -59.760824 	 161.829922 	 32452.626471 	 1685802981.001587 
13952 	 -148.630190 	 190.635032 	 41005.401661 	 2220473225.448160 
13953 	 -27.195884 	 151.168277 	 29140.766711 	 1414671111.051315 
13954 	 -61.996966 	 178.841776 	 37575.407730 	 1999751638.934235 
13955 	 11.853212 	 177.770747 	 37078.437478 	 1928424971.390221 
13956 	 10.244813 	 170.786873 	 34938.077318 	 1839584088.914922 
13957 	 37.516446 	 174.006343 	 35766.630443 	 1855038355.964045 
13958 	 67.975107 	 168.643699 	 34232.345262 	 1784503378.608577 
13959 	 23.006910 	 174.359106 	 36024.620499 	 1885129880.388076 
13960 	 -69.150310 	 179.319608 	 37800.869052 	 2047015432.039448 
13961 	 31.309016 	 170.575888 	 35243.480455 	 1891784782.215511 
13962 	 86.142185 	 189.411973 	 40754.828791 	 2260699484.850457 
13963 	 -90.534219 	 178.830763 	 36964.333866 	 1928259908.620548 
13964 	 -103.240703 	 180.223628 	 37563.544604 	 1987217892.866523 
13965 	 84.881351 	 174.004850 	 36775.542597 	 2038496772.086007 
13966 	 -55.731481 	 176.014274 	 36267.309199 	 1908122824.286517 
13967 	 -31.655767 	 165.238854 	 32303.754547 	 1544510952.138551 
13968 	 -85.226697 	 176.423634 	 36370.970257 	 1899034143.210835 
13969 	 -114.841446 	 168.865834 	 34307.508843 	 1753972025.106128 
13970 	 -131.490765 	 193.313901 	 41780.822251 	 2306424788.743516 
13971 	 -14.993557 	 167.914206 	 34429.773258 	 1812611040.142166 
13972 	 -49.699233 	 181.939247 	 38454.710037 	 2094222048.340951 
13973 	 -70.279718 	 170.144525 	 34919.523382 	 1817454224.624262 
13974 	 -110.275352 	 168.074924 	 34717.036487 	 1849071807.342861 
13975 	 95.821902 	 200.806252 	 44278.898283 	 2502995185.323212 
13976 	 -0.033834 	 174.500608 	 36521.717632 	 1969355223.923928 
13977 	 -85.790475 	 181.141277 	 38050.520244 	 2056771539.736253 
13978 	 102.664868 	 174.661070 	 36757.331403 	 1985765712.249923 
13979 	 -89.788974 	 180.018249 	 37470.411317 	 1968390387.988423 
13980 	 -48.036552 	 186.523020 	 39591.003812 	 2143043091.284157 
13981 	 -10.020654 	 175.160402 	 36665.959680 	 1983710416.927279 
13982 	 -67.636122 	 177.619367 	 37197.380496 	 1976109448.209430 
13983 	 -10.483632 	 164.737481 	 33426.134022 	 1757613739.134916 
13984 	 -97.546568 	 162.294608 	 32811.916676 	 1731960719.986493 
13985 	 55.965179 	 179.797322 	 38879.802626 	 2217137484.891559 
13986 	 56.932418 	 169.862174 	 35055.637464 	 1869412738.244113 
13987 	 -96.272946 	 161.749852 	 32422.680530 	 1682848702.374083 
13988 	 -36.519266 	 185.775428 	 38867.584395 	 2060573825.185694 
13989 	 -97.743653 	 190.296067 	 40530.823390 	 2175467691.895194 
13990 	 51.027543 	 169.741996 	 35061.180018 	 1875095368.177485 
13991 	 40.130066 	 176.216108 	 37101.526231 	 2022196661.521854 
13992 	 116.158483 	 170.993157 	 35400.005497 	 1860849906.072814 
13993 	 -67.658956 	 182.383745 	 38855.661338 	 2150829332.985507 
13994 	 63.337770 	 172.026140 	 36163.655552 	 2005513257.730093 
13995 	 62.763789 	 160.428585 	 31557.059142 	 1563068567.498885 
13996 	 -8.832510 	 165.172746 	 32536.434843 	 1594172103.654139 
13997 	 25.338628 	 163.205428 	 32637.248754 	 1680487208.983092 
13998 	 -11.077890 	 201.772185 	 44368.583101 	 2465909044.880653 
13999 	 90.617031 	 186.543049 	 39557.115936 	 2125369146.049886 
14000 	 51.865829 	 168.082980 	 33940.130013 	 1742508149.995550 

%ACCRATE = 0.895351
