%%%%%%%%%%%%%%%%%%%%%%%%%%%%%%%%%%%%%%%%%%%%%%%%%%%%%%%%%%%%%%%%%%%%%%%%%%%
%SIMULAZIONE D = 3, L = 8, V = 512
%NUMERO DI MISURE PER OGNI naccu: T = 1000
%%%%%%%%%%%%%%%%%%%%%%%%%%%%%%%%%%%%%%%%%%%%%%%%%%%%%%%%%%%%%%%%%%%%%%%%%%%
%naccu = 1
%%%%%%%%%%%%%%%%%%%%%%%%%%%%%%%%%%%%%%%%%%%%%%%%%%%%%%%%%%%%%%%%%%%%%%%%%%%

%%%%%%%%%%%%%%%%%%%%%%%%%%%%%%%%%%%%%%%%%%%%%%%%%%%%%%%%%%%%%%%%%%%%%%%%%%%

1 	 131.695159 	 131.695159 	 17343.614812 	 300800974.735597 
2 	 123.612825 	 123.612825 	 15280.130388 	 233482384.668360 
3 	 153.482823 	 153.482823 	 23556.977054 	 554931167.941701 
4 	 148.142839 	 148.142839 	 21946.300863 	 481640121.569293 
5 	 120.837861 	 120.837861 	 14601.788583 	 213212229.822629 
6 	 142.184122 	 142.184122 	 20216.324598 	 408699780.242452 
7 	 121.104722 	 121.104722 	 14666.353653 	 215101929.474687 
8 	 91.984837 	 91.984837 	 8461.210166 	 71592077.475132 
9 	 91.984837 	 91.984837 	 8461.210166 	 71592077.475132 
10 	 66.713391 	 66.713391 	 4450.676501 	 19808521.317375 
11 	 78.251091 	 78.251091 	 6123.233212 	 37493984.965350 
12 	 59.575410 	 59.575410 	 3549.229482 	 12597029.914581 
13 	 58.292236 	 58.292236 	 3397.984766 	 11546300.469532 
14 	 58.292236 	 58.292236 	 3397.984766 	 11546300.469532 
15 	 75.390800 	 75.390800 	 5683.772677 	 32305271.849393 
16 	 60.076471 	 60.076471 	 3609.182339 	 13026197.156230 
17 	 72.750540 	 72.750540 	 5292.641113 	 28012049.945825 
18 	 106.370415 	 106.370415 	 11314.665144 	 128021647.326855 
19 	 118.924146 	 118.924146 	 14142.952552 	 200023106.883215 
20 	 127.192678 	 127.192678 	 16177.977268 	 261726948.489134 
21 	 127.777759 	 127.777759 	 16327.155819 	 266576017.144779 
22 	 114.839321 	 114.839321 	 13188.069550 	 173925178.449425 
23 	 120.443460 	 120.443460 	 14506.627100 	 210442229.822686 
24 	 127.047029 	 127.047029 	 16140.947506 	 260530186.397663 
25 	 148.304653 	 148.304653 	 21994.270160 	 483747919.879110 
26 	 165.904634 	 165.904634 	 27524.347589 	 757589710.187184 
27 	 193.473459 	 193.473459 	 37431.979349 	 1401153077.977103 
28 	 175.900507 	 175.900507 	 30940.988505 	 957344769.636521 
29 	 151.746252 	 151.746252 	 23026.925047 	 530239277.140308 
30 	 152.243680 	 152.243680 	 23178.138132 	 537226087.246692 
31 	 160.163909 	 160.163909 	 25652.477868 	 658049620.762176 
32 	 162.676391 	 162.676391 	 26463.608164 	 700322557.082740 
33 	 196.037184 	 196.037184 	 38430.577559 	 1476909291.511261 
34 	 166.768641 	 166.768641 	 27811.779697 	 773495089.908411 
35 	 149.495698 	 149.495698 	 22348.963808 	 499476183.301565 
36 	 124.647444 	 124.647444 	 15536.985233 	 241397910.145110 
37 	 128.867631 	 128.867631 	 16606.866197 	 275788004.896119 
38 	 128.867631 	 128.867631 	 16606.866197 	 275788004.896119 
39 	 103.443007 	 103.443007 	 10700.455786 	 114499754.028334 
40 	 99.925436 	 99.925436 	 9985.092777 	 99702077.762646 
41 	 87.319753 	 87.319753 	 7624.739304 	 58136649.457040 
42 	 94.508143 	 94.508143 	 8931.789048 	 79776855.596618 
43 	 92.396815 	 92.396815 	 8537.171386 	 72883295.266173 
44 	 96.122231 	 96.122231 	 9239.483364 	 85368052.842505 
45 	 98.897001 	 98.897001 	 9780.616791 	 95660464.820946 
46 	 60.042133 	 60.042133 	 3605.057694 	 12996440.979474 
47 	 69.554682 	 69.554682 	 4837.853790 	 23404829.293937 
48 	 54.569633 	 54.569633 	 2977.844872 	 8867560.081458 
49 	 68.836089 	 68.836089 	 4738.407140 	 22452502.222408 
50 	 68.111091 	 68.111091 	 4639.120746 	 21521441.296617 
51 	 68.111091 	 68.111091 	 4639.120746 	 21521441.296617 
52 	 79.670505 	 79.670505 	 6347.389324 	 40289351.225376 
53 	 65.604403 	 65.604403 	 4303.937731 	 18523879.992276 
54 	 65.604403 	 65.604403 	 4303.937731 	 18523879.992276 
55 	 84.689495 	 84.689495 	 7172.310531 	 51442038.354063 
56 	 41.311691 	 41.311691 	 1706.655817 	 2912674.078748 
57 	 40.339615 	 40.339615 	 1627.284499 	 2648054.842081 
58 	 71.663994 	 71.663994 	 5135.728057 	 26375702.670999 
59 	 75.600371 	 75.600371 	 5715.416098 	 32665981.175199 
60 	 80.107834 	 80.107834 	 6417.265086 	 41181291.183726 
61 	 70.637691 	 70.637691 	 4989.683387 	 24896940.300287 
62 	 35.678935 	 35.678935 	 1272.986392 	 1620494.353546 
63 	 62.205485 	 62.205485 	 3869.522367 	 14973203.351712 
64 	 49.557534 	 49.557534 	 2455.949226 	 6031686.598676 
65 	 57.107084 	 57.107084 	 3261.219039 	 10635549.617130 
66 	 57.107084 	 57.107084 	 3261.219039 	 10635549.617130 
67 	 57.107084 	 57.107084 	 3261.219039 	 10635549.617130 
68 	 61.500252 	 61.500252 	 3782.281012 	 14305649.651072 
69 	 104.193975 	 104.193975 	 10856.384447 	 117861083.270981 
70 	 100.354304 	 100.354304 	 10070.986340 	 101424765.869908 
71 	 85.041969 	 85.041969 	 7232.136424 	 52303797.259996 
72 	 79.152586 	 79.152586 	 6265.131870 	 39251877.345742 
73 	 59.563753 	 59.563753 	 3547.840720 	 12587173.771325 
74 	 88.044969 	 88.044969 	 7751.916647 	 60092211.696214 
75 	 93.587332 	 93.587332 	 8758.588739 	 76712876.700200 
76 	 91.222432 	 91.222432 	 8321.532141 	 69247897.165563 
77 	 84.803263 	 84.803263 	 7191.593381 	 51719015.356145 
78 	 103.093826 	 103.093826 	 10628.336880 	 112961544.837932 
79 	 115.338153 	 115.338153 	 13302.889502 	 176966869.091315 
80 	 116.493480 	 116.493480 	 13570.730771 	 184164733.671116 
81 	 120.968852 	 120.968852 	 14633.463275 	 214138247.415820 
82 	 101.082021 	 101.082021 	 10217.575026 	 104398839.411939 
83 	 107.086202 	 107.086202 	 11467.454721 	 131502517.786935 
84 	 107.086202 	 107.086202 	 11467.454721 	 131502517.786935 
85 	 82.909445 	 82.909445 	 6873.976130 	 47251547.842519 
86 	 106.175449 	 106.175449 	 11273.225954 	 127085623.418766 
87 	 107.181381 	 107.181381 	 11487.848353 	 131970659.778292 
88 	 103.932702 	 103.932702 	 10802.006461 	 116683343.589571 
89 	 106.767444 	 106.767444 	 11399.287175 	 129943748.107574 
90 	 121.835661 	 121.835661 	 14843.928386 	 220342209.926832 
91 	 114.016271 	 114.016271 	 12999.710077 	 168992462.074150 
92 	 129.937375 	 129.937375 	 16883.721304 	 285060045.073339 
93 	 141.123172 	 141.123172 	 19915.749637 	 396637083.603842 
94 	 143.504423 	 143.504423 	 20593.519281 	 424093036.388884 
95 	 164.503486 	 164.503486 	 27061.396912 	 732319202.826581 
96 	 171.933155 	 171.933155 	 29561.009885 	 873853305.398386 
97 	 159.707985 	 159.707985 	 25506.640548 	 650588712.058367 
98 	 153.579545 	 153.579545 	 23586.676685 	 556331317.036143 
99 	 195.447019 	 195.447019 	 38199.537072 	 1459204632.496245 
100 	 172.771128 	 172.771128 	 29849.862535 	 891014293.335874 
101 	 191.688317 	 191.688317 	 36744.410727 	 1350151719.648267 
102 	 191.688317 	 191.688317 	 36744.410727 	 1350151719.648267 
103 	 160.928500 	 160.928500 	 25897.982246 	 670705484.420420 
104 	 154.968978 	 154.968978 	 24015.384247 	 576738680.522072 
105 	 182.490368 	 182.490368 	 33302.734366 	 1109072116.278425 
106 	 191.305188 	 191.305188 	 36597.674785 	 1339389799.701810 
107 	 191.305188 	 191.305188 	 36597.674785 	 1339389799.701810 
108 	 169.067388 	 169.067388 	 28583.781525 	 817032566.288245 
109 	 186.610564 	 186.610564 	 34823.502632 	 1212676335.580922 
110 	 197.440293 	 197.440293 	 38982.669208 	 1519648498.552114 
111 	 177.085156 	 177.085156 	 31359.152464 	 983396443.283464 
112 	 184.714153 	 184.714153 	 34119.318467 	 1164127892.649416 
113 	 183.986187 	 183.986187 	 33850.916935 	 1145884577.360597 
114 	 222.463702 	 222.463702 	 49490.098926 	 2449269891.714135 
115 	 220.936576 	 220.936576 	 48812.970742 	 2382706112.692723 
116 	 199.413754 	 199.413754 	 39765.845232 	 1581322446.987127 
117 	 180.464938 	 180.464938 	 32567.594027 	 1060648180.733956 
118 	 222.240657 	 222.240657 	 49390.909463 	 2439461937.562645 
119 	 230.736148 	 230.736148 	 53239.169888 	 2834409210.373518 
120 	 230.672892 	 230.672892 	 53209.983127 	 2831302304.379159 
121 	 243.062461 	 243.062461 	 59079.359956 	 3490370772.821848 
122 	 231.355805 	 231.355805 	 53525.508724 	 2864980084.187456 
123 	 250.347655 	 250.347655 	 62673.948306 	 3928023796.325552 
124 	 246.065829 	 246.065829 	 60548.392132 	 3666107789.780903 
125 	 274.741992 	 274.741992 	 75483.161898 	 5697707730.159316 
126 	 246.811444 	 246.811444 	 60915.888970 	 3710745529.035883 
127 	 267.977611 	 267.977611 	 71811.999874 	 5156963325.901695 
128 	 312.119683 	 312.119683 	 97418.696214 	 9490402371.955709 
129 	 296.049435 	 296.049435 	 87645.267962 	 7681692996.143405 
130 	 256.538331 	 256.538331 	 65811.915113 	 4331208170.840426 
131 	 256.538331 	 256.538331 	 65811.915113 	 4331208170.840426 
132 	 256.538331 	 256.538331 	 65811.915113 	 4331208170.840426 
133 	 240.240785 	 240.240785 	 57715.634712 	 3331094490.247420 
134 	 275.224603 	 275.224603 	 75748.582035 	 5737847680.377213 
135 	 275.224603 	 275.224603 	 75748.582035 	 5737847680.377213 
136 	 298.963488 	 298.963488 	 89379.166957 	 7988635485.897429 
137 	 306.771820 	 306.771820 	 94108.949437 	 8856494364.205505 
138 	 294.437888 	 294.437888 	 86693.669678 	 7515792362.184244 
139 	 302.889397 	 302.889397 	 91741.987038 	 8416592185.614206 
140 	 270.318149 	 270.318149 	 73071.901448 	 5339502781.206770 
141 	 293.377885 	 293.377885 	 86070.583269 	 7408145304.274291 
142 	 293.377885 	 293.377885 	 86070.583269 	 7408145304.274291 
143 	 293.377885 	 293.377885 	 86070.583269 	 7408145304.274291 
144 	 271.950593 	 271.950593 	 73957.124843 	 5469656315.001570 
145 	 271.950593 	 271.950593 	 73957.124843 	 5469656315.001570 
146 	 271.950593 	 271.950593 	 73957.124843 	 5469656315.001570 
147 	 271.950593 	 271.950593 	 73957.124843 	 5469656315.001570 
148 	 271.950593 	 271.950593 	 73957.124843 	 5469656315.001570 
149 	 252.513813 	 252.513813 	 63763.225739 	 4065748956.682800 
150 	 243.740757 	 243.740757 	 59409.556778 	 3529495436.503330 
151 	 243.740757 	 243.740757 	 59409.556778 	 3529495436.503330 
152 	 266.353961 	 266.353961 	 70944.432377 	 5033112485.292016 
153 	 246.646747 	 246.646747 	 60834.617981 	 3700850744.837774 
154 	 238.005857 	 238.005857 	 56646.787955 	 3208858585.670228 
155 	 216.465860 	 216.465860 	 46857.468661 	 2195622369.306247 
156 	 248.598695 	 248.598695 	 61801.311198 	 3819402065.785040 
157 	 236.725792 	 236.725792 	 56039.100569 	 3140380792.590110 
158 	 274.578089 	 274.578089 	 75393.126812 	 5684123570.439495 
159 	 247.477713 	 247.477713 	 61245.218404 	 3750976777.372510 
160 	 231.807927 	 231.807927 	 53734.914843 	 2887441073.162473 
161 	 217.357391 	 217.357391 	 47244.235264 	 2232017765.679787 
162 	 204.935169 	 204.935169 	 41998.423605 	 1763867585.283404 
163 	 204.935169 	 204.935169 	 41998.423605 	 1763867585.283404 
164 	 180.486745 	 180.486745 	 32575.465074 	 1061160924.812758 
165 	 214.097501 	 214.097501 	 45837.739813 	 2101098391.202248 
166 	 214.097501 	 214.097501 	 45837.739813 	 2101098391.202248 
167 	 214.097501 	 214.097501 	 45837.739813 	 2101098391.202248 
168 	 165.479828 	 165.479828 	 27383.573405 	 749860092.434671 
169 	 161.973731 	 161.973731 	 26235.489675 	 688300918.497044 
170 	 197.058092 	 197.058092 	 38831.891672 	 1507915810.824418 
171 	 176.558219 	 176.558219 	 31172.804523 	 971743741.847199 
172 	 156.557493 	 156.557493 	 24510.248617 	 600752287.281145 
173 	 176.171671 	 176.171671 	 31036.457682 	 963261705.439151 
174 	 173.481305 	 173.481305 	 30095.763065 	 905754954.492868 
175 	 165.865282 	 165.865282 	 27511.291899 	 756871181.957297 
176 	 178.417998 	 178.417998 	 31832.981940 	 1013338739.163640 
177 	 193.665938 	 193.665938 	 37506.495662 	 1406737216.817268 
178 	 193.665938 	 193.665938 	 37506.495662 	 1406737216.817268 
179 	 201.919728 	 201.919728 	 40771.576679 	 1662321464.908043 
180 	 174.503721 	 174.503721 	 30451.548749 	 927296821.237860 
181 	 172.133133 	 172.133133 	 29629.815585 	 877925971.606574 
182 	 205.772445 	 205.772445 	 42342.299205 	 1792870301.980258 
183 	 237.255045 	 237.255045 	 56289.956573 	 3168559210.944460 
184 	 205.712230 	 205.712230 	 42317.521561 	 1790772631.028254 
185 	 215.460582 	 215.460582 	 46423.262365 	 2155119288.589689 
186 	 242.704747 	 242.704747 	 58905.594200 	 3469869028.024044 
187 	 242.704747 	 242.704747 	 58905.594200 	 3469869028.024044 
188 	 239.068154 	 239.068154 	 57153.582280 	 3266531967.435152 
189 	 253.365970 	 253.365970 	 64194.314934 	 4120910069.892115 
190 	 226.467628 	 226.467628 	 51287.586736 	 2630416553.195578 
191 	 245.079600 	 245.079600 	 60064.010198 	 3607685321.026724 
192 	 256.522688 	 256.522688 	 65803.889551 	 4330151880.051414 
193 	 273.268642 	 273.268642 	 74675.750561 	 5576467721.880498 
194 	 282.703015 	 282.703015 	 79920.994411 	 6387365347.717315 
195 	 282.703015 	 282.703015 	 79920.994411 	 6387365347.717315 
196 	 287.538038 	 287.538038 	 82678.123417 	 6835672091.801713 
197 	 289.258960 	 289.258960 	 83670.745937 	 7000793725.714966 
198 	 278.109198 	 278.109198 	 77344.725883 	 5982206621.963189 
199 	 284.275833 	 284.275833 	 80812.749501 	 6530700481.864100 
200 	 289.807946 	 289.807946 	 83988.645574 	 7054092585.401572 
201 	 299.518413 	 299.518413 	 89711.279492 	 8048113668.142883 
202 	 290.540263 	 290.540263 	 84413.644424 	 7125663364.997441 
203 	 270.178057 	 270.178057 	 72996.182376 	 5328442641.513581 
204 	 270.178057 	 270.178057 	 72996.182376 	 5328442641.513581 
205 	 230.143787 	 230.143787 	 52966.162914 	 2805414413.831339 
206 	 252.936594 	 252.936594 	 63976.920762 	 4093046390.126985 
207 	 215.228072 	 215.228072 	 46323.122779 	 2145831704.000280 
208 	 215.228072 	 215.228072 	 46323.122779 	 2145831704.000280 
209 	 215.731718 	 215.731718 	 46540.174082 	 2165987803.625124 
210 	 208.878642 	 208.878642 	 43630.287203 	 1903601961.409556 
211 	 235.750344 	 235.750344 	 55578.224661 	 3088939056.494308 
212 	 244.262516 	 244.262516 	 59664.176784 	 3559813991.274693 
213 	 236.403953 	 236.403953 	 55886.829087 	 3123337665.432402 
214 	 246.292255 	 246.292255 	 60659.874893 	 3679620422.043276 
215 	 238.454203 	 238.454203 	 56860.406858 	 3233105868.040959 
216 	 274.406933 	 274.406933 	 75299.165038 	 5669964255.462157 
217 	 251.580212 	 251.580212 	 63292.603003 	 4005953594.843380 
218 	 251.580212 	 251.580212 	 63292.603003 	 4005953594.843380 
219 	 247.234341 	 247.234341 	 61124.819484 	 3736243556.949097 
220 	 240.401350 	 240.401350 	 57792.809259 	 3340008802.043173 
221 	 274.206662 	 274.206662 	 75189.293556 	 5653429865.407727 
222 	 254.955928 	 254.955928 	 65002.525028 	 4225328259.998739 
223 	 270.320563 	 270.320563 	 73073.206520 	 5339693511.131452 
224 	 267.524673 	 267.524673 	 71569.450889 	 5122186300.583681 
225 	 254.042545 	 254.042545 	 64537.614444 	 4165103678.118532 
226 	 253.497521 	 253.497521 	 64260.992999 	 4129475221.272074 
227 	 278.745435 	 278.745435 	 77699.017352 	 6037137297.508983 
228 	 257.042377 	 257.042377 	 66070.783650 	 4365348452.103996 
229 	 295.470151 	 295.470151 	 87302.610206 	 7621745748.867367 
230 	 295.582505 	 295.582505 	 87369.017117 	 7633345151.906519 
231 	 288.105444 	 288.105444 	 83004.746648 	 6889787966.030706 
232 	 288.105444 	 288.105444 	 83004.746648 	 6889787966.030706 
233 	 288.105444 	 288.105444 	 83004.746648 	 6889787966.030706 
234 	 291.431028 	 291.431028 	 84932.043908 	 7213452082.462078 
235 	 295.705716 	 295.705716 	 87441.870752 	 7646080760.532981 
236 	 289.295049 	 289.295049 	 83691.625239 	 7004288135.075099 
237 	 282.319319 	 282.319319 	 79704.198026 	 6352759182.956119 
238 	 264.873536 	 264.873536 	 70157.989887 	 4922143544.974047 
239 	 253.161380 	 253.161380 	 64090.684554 	 4107615846.572465 
240 	 253.161380 	 253.161380 	 64090.684554 	 4107615846.572465 
241 	 253.161380 	 253.161380 	 64090.684554 	 4107615846.572465 
242 	 263.081366 	 263.081366 	 69211.805010 	 4790273952.709734 
243 	 260.652527 	 260.652527 	 67939.739589 	 4615808215.407475 
244 	 260.652527 	 260.652527 	 67939.739589 	 4615808215.407475 
245 	 265.258085 	 265.258085 	 70361.851517 	 4950790148.963140 
246 	 244.759182 	 244.759182 	 59907.056999 	 3588855478.309708 
247 	 240.049111 	 240.049111 	 57623.575479 	 3320476450.933503 
248 	 216.894965 	 216.894965 	 47043.425882 	 2213083918.677990 
249 	 239.482361 	 239.482361 	 57351.801204 	 3289229101.360344 
250 	 256.174917 	 256.174917 	 65625.587922 	 4306717790.068758 
251 	 229.823223 	 229.823223 	 52818.713633 	 2789816509.802470 
252 	 210.687204 	 210.687204 	 44389.098099 	 1970392030.046892 
253 	 195.403672 	 195.403672 	 38182.594859 	 1457910550.137253 
254 	 219.367664 	 219.367664 	 48122.172062 	 2315743443.917240 
255 	 223.133085 	 223.133085 	 49788.373779 	 2478882163.564227 
256 	 182.938357 	 182.938357 	 33466.442458 	 1120002770.806430 
257 	 179.167357 	 179.167357 	 32100.941760 	 1030470461.875832 
258 	 214.399591 	 214.399591 	 45967.184731 	 2112982072.066519 
259 	 188.081558 	 188.081558 	 35374.672275 	 1251367438.533651 
260 	 200.726625 	 200.726625 	 40291.178013 	 1623379025.714042 
261 	 163.324265 	 163.324265 	 26674.815522 	 711545783.143615 
262 	 202.238378 	 202.238378 	 40900.361715 	 1672839588.432102 
263 	 180.051572 	 180.051572 	 32418.568741 	 1050963599.223291 
264 	 174.275459 	 174.275459 	 30371.935449 	 922454462.939239 
265 	 174.275459 	 174.275459 	 30371.935449 	 922454462.939239 
266 	 192.096141 	 192.096141 	 36900.927380 	 1361678441.473182 
267 	 226.359143 	 226.359143 	 51238.461573 	 2625379944.375219 
268 	 234.988505 	 234.988505 	 55219.597436 	 3049203940.997518 
269 	 220.213967 	 220.213967 	 48494.191298 	 2351686589.635042 
270 	 218.646752 	 218.646752 	 47806.402030 	 2285452075.050714 
271 	 238.879407 	 238.879407 	 57063.371320 	 3256228346.382720 
272 	 220.361199 	 220.361199 	 48559.058151 	 2357982128.523436 
273 	 221.086442 	 221.086442 	 48879.215002 	 2389177659.167327 
274 	 190.598404 	 190.598404 	 36327.751778 	 1319705549.246245 
275 	 190.598404 	 190.598404 	 36327.751778 	 1319705549.246245 
276 	 178.891095 	 178.891095 	 32002.023787 	 1024129526.445681 
277 	 143.150999 	 143.150999 	 20492.208427 	 419930606.200873 
278 	 196.774750 	 196.774750 	 38720.302309 	 1499261810.878404 
279 	 182.399732 	 182.399732 	 33269.662217 	 1106870424.047016 
280 	 170.475735 	 170.475735 	 29061.976302 	 844598466.599045 
281 	 166.443944 	 166.443944 	 27703.586566 	 767488708.603819 
282 	 166.570671 	 166.570671 	 27745.788372 	 769828772.400838 
283 	 192.232284 	 192.232284 	 36953.251108 	 1365542767.421535 
284 	 198.303387 	 198.303387 	 39324.233382 	 1546395331.090408 
285 	 190.007264 	 190.007264 	 36102.760408 	 1303409309.108989 
286 	 184.023482 	 184.023482 	 33864.641997 	 1146813977.610463 
287 	 193.957673 	 193.957673 	 37619.578837 	 1415232711.907750 
288 	 189.966122 	 189.966122 	 36087.127583 	 1302280777.221636 
289 	 208.255412 	 208.255412 	 43370.316750 	 1880984375.038126 
290 	 216.126774 	 216.126774 	 46710.782321 	 2181897184.998289 
291 	 219.958419 	 219.958419 	 48381.705913 	 2340789467.061100 
292 	 202.652458 	 202.652458 	 41068.018920 	 1686582177.993378 
293 	 212.197972 	 212.197972 	 45027.979153 	 2027518906.595714 
294 	 188.370406 	 188.370406 	 35483.409779 	 1259072369.545619 
295 	 210.883730 	 210.883730 	 44471.947547 	 1977754118.621279 
296 	 201.633273 	 201.633273 	 40655.976904 	 1652908458.058422 
297 	 209.173741 	 209.173741 	 43753.653845 	 1914382224.804243 
298 	 198.916571 	 198.916571 	 39567.802044 	 1565610958.604204 
299 	 181.843096 	 181.843096 	 33066.911556 	 1093420639.880601 
300 	 190.705192 	 190.705192 	 36368.470138 	 1322665620.211114 
301 	 209.892007 	 209.892007 	 44054.654647 	 1940812596.045150 
302 	 218.913384 	 218.913384 	 47923.069521 	 2296620592.292540 
303 	 215.851831 	 215.851831 	 46592.012747 	 2170815651.787358 
304 	 215.329360 	 215.329360 	 46366.733174 	 2149873945.272514 
305 	 255.569306 	 255.569306 	 65315.670167 	 4266136769.404794 
306 	 257.416597 	 257.416597 	 66263.304413 	 4390825511.794528 
307 	 271.258499 	 271.258499 	 73581.173484 	 5414189091.292454 
308 	 271.258499 	 271.258499 	 73581.173484 	 5414189091.292454 
309 	 248.927278 	 248.927278 	 61964.789895 	 3839635186.722194 
310 	 269.434078 	 269.434078 	 72594.722573 	 5269993745.518291 
311 	 269.417434 	 269.417434 	 72585.753971 	 5268691679.546350 
312 	 278.229574 	 278.229574 	 77411.695881 	 5992570659.155087 
313 	 288.153629 	 288.153629 	 83032.513660 	 6894398324.662839 
314 	 265.838234 	 265.838234 	 70669.966547 	 4994244171.772806 
315 	 237.092892 	 237.092892 	 56213.039476 	 3159905807.136969 
316 	 274.308218 	 274.308218 	 75244.998706 	 5661809830.263649 
317 	 266.163228 	 266.163228 	 70842.863870 	 5018711361.325044 
318 	 266.163228 	 266.163228 	 70842.863870 	 5018711361.325044 
319 	 282.704793 	 282.704793 	 79922.000051 	 6387526092.073763 
320 	 262.081478 	 262.081478 	 68686.700918 	 4717862883.039941 
321 	 240.433761 	 240.433761 	 57808.393349 	 3341810341.631982 
322 	 207.471539 	 207.471539 	 43044.439402 	 1852823763.412766 
323 	 203.040716 	 203.040716 	 41225.532189 	 1699544504.247093 
324 	 203.040716 	 203.040716 	 41225.532189 	 1699544504.247093 
325 	 203.040716 	 203.040716 	 41225.532189 	 1699544504.247093 
326 	 202.306653 	 202.306653 	 40927.981860 	 1675099699.140372 
327 	 245.923455 	 245.923455 	 60478.345546 	 3657630280.005705 
328 	 217.808154 	 217.808154 	 47440.391821 	 2250590776.137829 
329 	 229.550957 	 229.550957 	 52693.641881 	 2776619894.696314 
330 	 236.020418 	 236.020418 	 55705.637747 	 3103118076.786639 
331 	 224.473864 	 224.473864 	 50388.515692 	 2539002513.619155 
332 	 217.465119 	 217.465119 	 47291.078037 	 2236446061.937515 
333 	 215.294203 	 215.294203 	 46351.593805 	 2148470248.257877 
334 	 207.826868 	 207.826868 	 43192.007054 	 1865549473.394273 
335 	 202.297905 	 202.297905 	 40924.442342 	 1674809980.968742 
336 	 200.627809 	 200.627809 	 40251.517774 	 1620184683.074906 
337 	 196.213610 	 196.213610 	 38499.780598 	 1482233106.056679 
338 	 182.074325 	 182.074325 	 33151.059978 	 1098992777.658240 
339 	 193.242566 	 193.242566 	 37342.689306 	 1394476444.614637 
340 	 200.401853 	 200.401853 	 40160.902858 	 1612898118.388201 
341 	 219.273024 	 219.273024 	 48080.658942 	 2311749764.314505 
342 	 208.865655 	 208.865655 	 43624.861695 	 1903128557.875609 
343 	 179.011755 	 179.011755 	 32045.208358 	 1026895378.731711 
344 	 145.927263 	 145.927263 	 21294.766152 	 453467065.473802 
345 	 130.339094 	 130.339094 	 16988.279544 	 288601641.861759 
346 	 138.753982 	 138.753982 	 19252.667554 	 370665207.961175 
347 	 141.108163 	 141.108163 	 19911.513673 	 396468376.739499 
348 	 130.155967 	 130.155967 	 16940.575635 	 286983102.846206 
349 	 115.129409 	 115.129409 	 13254.780789 	 175689213.754609 
350 	 121.213099 	 121.213099 	 14692.615319 	 215872944.924365 
351 	 101.127174 	 101.127174 	 10226.705253 	 104585500.323786 
352 	 78.081838 	 78.081838 	 6096.773396 	 37170645.838768 
353 	 87.450356 	 87.450356 	 7647.564687 	 58485245.638766 
354 	 51.301324 	 51.301324 	 2631.825797 	 6926507.025653 
355 	 19.240677 	 19.240677 	 370.203635 	 137050.731045 
356 	 20.108364 	 20.108364 	 404.346306 	 163495.935313 
357 	 15.254630 	 15.254630 	 232.703742 	 54151.031550 
358 	 24.937886 	 24.937886 	 621.898135 	 386757.290609 
359 	 37.754835 	 37.754835 	 1425.427578 	 2031843.779228 
360 	 26.872971 	 26.872971 	 722.156579 	 521510.125281 
361 	 63.207399 	 63.207399 	 3995.175317 	 15961425.809849 
362 	 59.350776 	 59.350776 	 3522.514649 	 12408109.453164 
363 	 95.050513 	 95.050513 	 9034.599955 	 81623996.344083 
364 	 89.751367 	 89.751367 	 8055.307807 	 64887983.869979 
365 	 82.043638 	 82.043638 	 6731.158618 	 45308496.337448 
366 	 107.108769 	 107.108769 	 11472.288455 	 131613402.396413 
367 	 129.195094 	 129.195094 	 16691.372244 	 278601907.388571 
368 	 101.008551 	 101.008551 	 10202.727436 	 104095647.130315 
369 	 95.089636 	 95.089636 	 9042.038874 	 81758467.006713 
370 	 77.313156 	 77.313156 	 5977.324031 	 35728402.571058 
371 	 133.186035 	 133.186035 	 17738.519922 	 314655089.032014 
372 	 123.229611 	 123.229611 	 15185.537001 	 230600534.014512 
373 	 136.892648 	 136.892648 	 18739.597032 	 351172496.927581 
374 	 118.142303 	 118.142303 	 13957.603684 	 194814700.612691 
375 	 152.659667 	 152.659667 	 23304.973793 	 543121803.494202 
376 	 167.793323 	 167.793323 	 28154.599182 	 792681455.098982 
377 	 157.908282 	 157.908282 	 24935.025595 	 621755501.437726 
378 	 183.595091 	 183.595091 	 33707.157262 	 1136172450.715837 
379 	 195.483275 	 195.483275 	 38213.710689 	 1460287684.617043 
380 	 184.860046 	 184.860046 	 34173.236688 	 1167810105.705400 
381 	 184.860046 	 184.860046 	 34173.236688 	 1167810105.705400 
382 	 196.277142 	 196.277142 	 38524.716576 	 1484153787.235843 
383 	 210.645064 	 210.645064 	 44371.343111 	 1968816089.494701 
384 	 212.051056 	 212.051056 	 44965.650516 	 2021909726.337936 
385 	 212.051056 	 212.051056 	 44965.650516 	 2021909726.337936 
386 	 215.810444 	 215.810444 	 46574.147597 	 2169151224.399664 
387 	 202.249036 	 202.249036 	 40904.672531 	 1673192234.859095 
388 	 225.015211 	 225.015211 	 50631.845045 	 2563583732.621142 
389 	 199.420663 	 199.420663 	 39768.600637 	 1581541596.610148 
390 	 211.682815 	 211.682815 	 44809.614046 	 2007901510.954451 
391 	 222.389980 	 222.389980 	 49457.303072 	 2446024827.115751 
392 	 242.586285 	 242.586285 	 58848.105588 	 3463099531.276077 
393 	 242.586285 	 242.586285 	 58848.105588 	 3463099531.276077 
394 	 242.586285 	 242.586285 	 58848.105588 	 3463099531.276077 
395 	 260.806120 	 260.806120 	 68019.832329 	 4626697590.023566 
396 	 260.806120 	 260.806120 	 68019.832329 	 4626697590.023566 
397 	 253.803149 	 253.803149 	 64416.038239 	 4149425982.462869 
398 	 226.896308 	 226.896308 	 51481.934574 	 2650389587.436984 
399 	 239.080504 	 239.080504 	 57159.487169 	 3267206973.385048 
400 	 196.494979 	 196.494979 	 38610.276807 	 1490753475.114684 
401 	 196.374605 	 196.374605 	 38562.985612 	 1487103859.331346 
402 	 200.169684 	 200.169684 	 40067.902491 	 1605436810.000854 
403 	 185.673704 	 185.673704 	 34474.724521 	 1188506630.820579 
404 	 219.386443 	 219.386443 	 48130.411332 	 2316536495.016115 
405 	 217.220821 	 217.220821 	 47184.885272 	 2226413398.175797 
406 	 218.088660 	 218.088660 	 47562.663678 	 2262206976.148218 
407 	 226.949003 	 226.949003 	 51505.849952 	 2652852579.322431 
408 	 213.017662 	 213.017662 	 45376.524402 	 2059028966.776878 
409 	 209.215275 	 209.215275 	 43771.031172 	 1915903169.864743 
410 	 199.799964 	 199.799964 	 39920.025681 	 1593608450.333941 
411 	 210.716705 	 210.716705 	 44401.529662 	 1971495836.285900 
412 	 210.716705 	 210.716705 	 44401.529662 	 1971495836.285900 
413 	 183.668062 	 183.668062 	 33733.956961 	 1137979852.254062 
414 	 200.992948 	 200.992948 	 40398.165023 	 1632011737.186699 
415 	 209.473226 	 209.473226 	 43879.032596 	 1925369501.561045 
416 	 197.959973 	 197.959973 	 39188.150997 	 1535711178.556846 
417 	 221.959797 	 221.959797 	 49266.151311 	 2427153664.981048 
418 	 195.827373 	 195.827373 	 38348.360197 	 1470596729.788621 
419 	 196.437832 	 196.437832 	 38587.821717 	 1489019984.825680 
420 	 178.762584 	 178.762584 	 31956.061397 	 1021189860.038418 
421 	 203.910327 	 203.910327 	 41579.421355 	 1728848280.203973 
422 	 151.917975 	 151.917975 	 23079.071171 	 532643526.095213 
423 	 146.066512 	 146.066512 	 21335.426002 	 455200402.669187 
424 	 168.074112 	 168.074112 	 28248.907001 	 798000746.738060 
425 	 156.685003 	 156.685003 	 24550.190089 	 602711833.393062 
426 	 156.685003 	 156.685003 	 24550.190089 	 602711833.393062 
427 	 167.762744 	 167.762744 	 28144.338318 	 792103779.374107 
428 	 160.165682 	 160.165682 	 25653.045845 	 658078761.132374 
429 	 172.152198 	 172.152198 	 29636.379237 	 878314974.298662 
430 	 173.177089 	 173.177089 	 29990.304136 	 899418342.195785 
431 	 159.755325 	 159.755325 	 25521.763839 	 651360429.478625 
432 	 126.467931 	 126.467931 	 15994.137503 	 255812434.466849 
433 	 133.728769 	 133.728769 	 17883.383650 	 319815410.765519 
434 	 138.939698 	 138.939698 	 19304.239749 	 372653672.283159 
435 	 168.507734 	 168.507734 	 28394.856434 	 806267871.920242 
436 	 145.608199 	 145.608199 	 21201.747530 	 449514098.326368 
437 	 189.924239 	 189.924239 	 36071.216747 	 1301132677.642304 
438 	 189.924239 	 189.924239 	 36071.216747 	 1301132677.642304 
439 	 137.051607 	 137.051607 	 18783.142970 	 352806459.842914 
440 	 137.051607 	 137.051607 	 18783.142970 	 352806459.842914 
441 	 137.051607 	 137.051607 	 18783.142970 	 352806459.842914 
442 	 132.471200 	 132.471200 	 17548.618930 	 307954026.360505 
443 	 139.306476 	 139.306476 	 19406.294237 	 376604256.019337 
444 	 121.129030 	 121.129030 	 14672.242009 	 215274685.580140 
445 	 126.711399 	 126.711399 	 16055.778589 	 257788026.101269 
446 	 116.850769 	 116.850769 	 13654.102135 	 186434505.111151 
447 	 151.983809 	 151.983809 	 23099.078177 	 533567412.617200 
448 	 143.432230 	 143.432230 	 20572.804625 	 423240290.119234 
449 	 144.207600 	 144.207600 	 20795.832041 	 432466630.266872 
450 	 135.917272 	 135.917272 	 18473.504912 	 341270383.728056 
451 	 134.593969 	 134.593969 	 18115.536427 	 328172660.025442 
452 	 138.440479 	 138.440479 	 19165.766330 	 367326598.998685 
453 	 129.245254 	 129.245254 	 16704.335632 	 279034828.890970 
454 	 123.028264 	 123.028264 	 15135.953757 	 229097096.135088 
455 	 123.028264 	 123.028264 	 15135.953757 	 229097096.135088 
456 	 123.696496 	 123.696496 	 15300.823202 	 234115190.646336 
457 	 123.602202 	 123.602202 	 15277.504245 	 233402135.945412 
458 	 90.208652 	 90.208652 	 8137.600925 	 66220548.820824 
459 	 92.040449 	 92.040449 	 8471.444164 	 71765366.215449 
460 	 81.109582 	 81.109582 	 6578.764348 	 43280140.344218 
461 	 96.906680 	 96.906680 	 9390.904679 	 88189090.695495 
462 	 96.906680 	 96.906680 	 9390.904679 	 88189090.695495 
463 	 84.503030 	 84.503030 	 7140.762162 	 50990484.258015 
464 	 87.353097 	 87.353097 	 7630.563479 	 58225499.000143 
465 	 94.580913 	 94.580913 	 8945.549157 	 80022849.722847 
466 	 93.050486 	 93.050486 	 8658.392968 	 74967768.779903 
467 	 80.270951 	 80.270951 	 6443.425583 	 41517733.243559 
468 	 47.724345 	 47.724345 	 2277.613128 	 5187521.562811 
469 	 42.841384 	 42.841384 	 1835.384198 	 3368635.154693 
470 	 42.841384 	 42.841384 	 1835.384198 	 3368635.154693 
471 	 55.336730 	 55.336730 	 3062.153657 	 9376785.018559 
472 	 55.336730 	 55.336730 	 3062.153657 	 9376785.018559 
473 	 48.550178 	 48.550178 	 2357.119768 	 5556013.600604 
474 	 46.911385 	 46.911385 	 2200.678019 	 4842983.741744 
475 	 39.925411 	 39.925411 	 1594.038446 	 2540958.567590 
476 	 39.867972 	 39.867972 	 1589.455227 	 2526367.918331 
477 	 79.262296 	 79.262296 	 6282.511611 	 39469952.142932 
478 	 79.262296 	 79.262296 	 6282.511611 	 39469952.142932 
479 	 70.342657 	 70.342657 	 4948.089436 	 24483589.069180 
480 	 56.658540 	 56.658540 	 3210.190153 	 10305320.816483 
481 	 65.314625 	 65.314625 	 4266.000228 	 18198757.944722 
482 	 69.992358 	 69.992358 	 4898.930131 	 23999516.425376 
483 	 36.836048 	 36.836048 	 1356.894399 	 1841162.409508 
484 	 36.836048 	 36.836048 	 1356.894399 	 1841162.409508 
485 	 50.927239 	 50.927239 	 2593.583637 	 6726676.079565 
486 	 48.695019 	 48.695019 	 2371.204830 	 5622612.345598 
487 	 51.439280 	 51.439280 	 2645.999539 	 7001313.561769 
488 	 51.439280 	 51.439280 	 2645.999539 	 7001313.561769 
489 	 31.014957 	 31.014957 	 961.927536 	 925304.584744 
490 	 36.857153 	 36.857153 	 1358.449705 	 1845385.600700 
491 	 36.857153 	 36.857153 	 1358.449705 	 1845385.600700 
492 	 12.463980 	 12.463980 	 155.350796 	 24133.869868 
493 	 12.463980 	 12.463980 	 155.350796 	 24133.869868 
494 	 38.930082 	 38.930082 	 1515.551246 	 2296895.580306 
495 	 26.182503 	 26.182503 	 685.523446 	 469942.394403 
496 	 45.064433 	 45.064433 	 2030.803142 	 4124161.402862 
497 	 64.598159 	 64.598159 	 4172.922095 	 17413278.813408 
498 	 56.423408 	 56.423408 	 3183.600925 	 10135314.850368 
499 	 56.423408 	 56.423408 	 3183.600925 	 10135314.850368 
500 	 52.784198 	 52.784198 	 2786.171598 	 7762752.172985 
501 	 52.784198 	 52.784198 	 2786.171598 	 7762752.172985 
502 	 64.103022 	 64.103022 	 4109.197441 	 16885503.612361 
503 	 60.938159 	 60.938159 	 3713.459246 	 13789779.573562 
504 	 91.338271 	 91.338271 	 8342.679671 	 69600304.100609 
505 	 98.565845 	 98.565845 	 9715.225851 	 94385613.330246 
506 	 91.130833 	 91.130833 	 8304.828693 	 68970179.624222 
507 	 89.146531 	 89.146531 	 7947.104009 	 63156462.137721 
508 	 81.730410 	 81.730410 	 6679.859961 	 44620529.094549 
509 	 101.167979 	 101.167979 	 10234.959877 	 104754403.680975 
510 	 93.299947 	 93.299947 	 8704.880187 	 75774939.062937 
511 	 127.550093 	 127.550093 	 16269.026166 	 264681212.385304 
512 	 118.399585 	 118.399585 	 14018.461739 	 196517269.524108 
513 	 133.139466 	 133.139466 	 17726.117382 	 314215237.448252 
514 	 133.831022 	 133.831022 	 17910.742518 	 320794697.541909 
515 	 141.062146 	 141.062146 	 19898.529167 	 395951463.010231 
516 	 149.605333 	 149.605333 	 22381.755773 	 500942991.470437 
517 	 123.577984 	 123.577984 	 15271.518196 	 233219268.003730 
518 	 180.361844 	 180.361844 	 32530.394654 	 1058226576.366683 
519 	 126.153723 	 126.153723 	 15914.761707 	 253279640.182864 
520 	 170.452640 	 170.452640 	 29054.102398 	 844140866.129785 
521 	 170.452640 	 170.452640 	 29054.102398 	 844140866.129785 
522 	 169.607819 	 169.607819 	 28766.812428 	 827529497.245040 
523 	 181.869193 	 181.869193 	 33076.403375 	 1094048460.253142 
524 	 218.353669 	 218.353669 	 47678.324903 	 2273222665.558236 
525 	 188.985497 	 188.985497 	 35715.517942 	 1275598221.869878 
526 	 207.112115 	 207.112115 	 42895.428292 	 1840017768.365034 
527 	 226.219547 	 226.219547 	 51175.283224 	 2618909613.050401 
528 	 237.213722 	 237.213722 	 56270.349796 	 3166352266.206076 
529 	 229.432566 	 229.432566 	 52639.302257 	 2770896142.105658 
530 	 219.895612 	 219.895612 	 48354.080239 	 2338117075.712881 
531 	 243.113211 	 243.113211 	 59104.033379 	 3493286761.699089 
532 	 236.014909 	 236.014909 	 55703.037326 	 3102828367.325013 
533 	 259.337874 	 259.337874 	 67256.132950 	 4523387419.394755 
534 	 259.337874 	 259.337874 	 67256.132950 	 4523387419.394755 
535 	 250.794263 	 250.794263 	 62897.762269 	 3956128498.412359 
536 	 265.336995 	 265.336995 	 70403.721042 	 4956683936.579605 
537 	 291.767965 	 291.767965 	 85128.545340 	 7246869231.714993 
538 	 284.167860 	 284.167860 	 80751.372872 	 6520784220.719228 
539 	 284.801395 	 284.801395 	 81111.834617 	 6579129714.887520 
540 	 253.874521 	 253.874521 	 64452.272301 	 4154095404.823331 
541 	 240.080939 	 240.080939 	 57638.857079 	 3322237845.393968 
542 	 276.956372 	 276.956372 	 76704.831781 	 5883631218.481478 
543 	 245.360639 	 245.360639 	 60201.843133 	 3624261916.576891 
544 	 251.769661 	 251.769661 	 63387.962067 	 4018033735.034079 
545 	 268.785241 	 268.785241 	 72245.505772 	 5219413104.295038 
546 	 260.323841 	 260.323841 	 67768.501957 	 4592569857.491669 
547 	 253.022347 	 253.022347 	 64020.307896 	 4098599823.151050 
548 	 239.759267 	 239.759267 	 57484.506077 	 3304468438.944582 
549 	 255.750636 	 255.750636 	 65408.387564 	 4278257163.746333 
550 	 256.948838 	 256.948838 	 66022.705430 	 4358997632.293331 
551 	 243.984789 	 243.984789 	 59528.577356 	 3543651522.033122 
552 	 250.885992 	 250.885992 	 62943.780854 	 3961919548.227239 
553 	 234.360307 	 234.360307 	 54924.753352 	 3016728530.799405 
554 	 257.806808 	 257.806808 	 66464.350299 	 4417509860.697897 
555 	 265.115716 	 265.115716 	 70286.342679 	 4940169967.254043 
556 	 260.132097 	 260.132097 	 67668.707689 	 4579054000.297068 
557 	 252.167103 	 252.167103 	 63588.247903 	 4043465271.326476 
558 	 234.040558 	 234.040558 	 54774.982829 	 3000298743.954214 
559 	 237.440742 	 237.440742 	 56378.106154 	 3178490853.508976 
560 	 256.223814 	 256.223814 	 65650.642960 	 4310006921.020813 
561 	 242.801141 	 242.801141 	 58952.394224 	 3475384784.784684 
562 	 242.801141 	 242.801141 	 58952.394224 	 3475384784.784684 
563 	 239.913641 	 239.913641 	 57558.555317 	 3312987290.230028 
564 	 258.500372 	 258.500372 	 66822.442343 	 4465238800.625738 
565 	 258.500372 	 258.500372 	 66822.442343 	 4465238800.625738 
566 	 229.830392 	 229.830392 	 52822.009213 	 2790164657.309660 
567 	 213.487111 	 213.487111 	 45576.746462 	 2077239818.045537 
568 	 240.672887 	 240.672887 	 57923.438304 	 3355124704.945286 
569 	 233.800715 	 233.800715 	 54662.774447 	 2988018910.286027 
570 	 265.620354 	 265.620354 	 70554.172359 	 4977891237.305902 
571 	 271.134972 	 271.134972 	 73514.173115 	 5404333648.820545 
572 	 286.590104 	 286.590104 	 82133.887895 	 6745975540.816391 
573 	 281.555683 	 281.555683 	 79273.602457 	 6284304046.536160 
574 	 270.304828 	 270.304828 	 73064.699859 	 5338450365.551533 
575 	 256.333641 	 256.333641 	 65706.935690 	 4317401397.716747 
576 	 255.592975 	 255.592975 	 65327.768680 	 4267717360.643441 
577 	 253.266370 	 253.266370 	 64143.853957 	 4114434000.405877 
578 	 246.739584 	 246.739584 	 60880.422499 	 3706425843.656798 
579 	 263.650745 	 263.650745 	 69511.715146 	 4831878542.566456 
580 	 240.690588 	 240.690588 	 57931.958915 	 3356111863.743965 
581 	 257.175040 	 257.175040 	 66139.001330 	 4374367496.940966 
582 	 272.962510 	 272.962510 	 74508.531633 	 5551521286.161621 
583 	 238.204385 	 238.204385 	 56741.328941 	 3219578410.042583 
584 	 252.167550 	 252.167550 	 63588.473388 	 4043493947.858452 
585 	 252.167550 	 252.167550 	 63588.473388 	 4043493947.858452 
586 	 250.044179 	 250.044179 	 62522.091392 	 3909011912.009814 
587 	 234.047262 	 234.047262 	 54778.120764 	 3000642514.485506 
588 	 246.230708 	 246.230708 	 60629.561658 	 3675943746.811508 
589 	 246.230708 	 246.230708 	 60629.561658 	 3675943746.811508 
590 	 264.727157 	 264.727157 	 70080.467459 	 4911271919.320196 
591 	 264.727157 	 264.727157 	 70080.467459 	 4911271919.320196 
592 	 240.882018 	 240.882018 	 58024.146492 	 3366801576.069291 
593 	 249.796171 	 249.796171 	 62398.127164 	 3893526273.634050 
594 	 249.796171 	 249.796171 	 62398.127164 	 3893526273.634050 
595 	 244.694379 	 244.694379 	 59875.339026 	 3585056223.423340 
596 	 249.265832 	 249.265832 	 62133.455251 	 3860566261.391988 
597 	 247.442527 	 247.442527 	 61227.804263 	 3748844014.840837 
598 	 263.483896 	 263.483896 	 69423.763459 	 4819658932.785293 
599 	 252.630217 	 252.630217 	 63822.026527 	 4073251070.051263 
600 	 270.617947 	 270.617947 	 73234.073090 	 5363229461.415806 
601 	 265.198066 	 265.198066 	 70330.014186 	 4946310895.416704 
602 	 287.143268 	 287.143268 	 82451.256126 	 6798209636.777936 
603 	 313.860276 	 313.860276 	 98508.272842 	 9703879818.369059 
604 	 314.558365 	 314.558365 	 98946.964895 	 9790501861.901855 
605 	 314.558365 	 314.558365 	 98946.964895 	 9790501861.901855 
606 	 325.178872 	 325.178872 	 105741.298912 	 11181222295.500061 
607 	 312.539763 	 312.539763 	 97681.103428 	 9541597966.881542 
608 	 299.084827 	 299.084827 	 89451.733917 	 8001612700.812271 
609 	 311.209031 	 311.209031 	 96851.060831 	 9380127984.064976 
610 	 318.946702 	 318.946702 	 101726.998946 	 10348382314.544895 
611 	 330.235149 	 330.235149 	 109055.253384 	 11893048290.619658 
612 	 330.235149 	 330.235149 	 109055.253384 	 11893048290.619658 
613 	 321.205847 	 321.205847 	 103173.196132 	 10644708400.048986 
614 	 333.014123 	 333.014123 	 110898.406254 	 12298456509.676071 
615 	 313.778991 	 313.778991 	 98457.255142 	 9693831090.015015 
616 	 325.676512 	 325.676512 	 106065.190227 	 11249824577.918917 
617 	 316.235967 	 316.235967 	 100005.186676 	 10001037362.153635 
618 	 310.656428 	 310.656428 	 96507.416052 	 9313681352.961716 
619 	 308.572542 	 308.572542 	 95217.013674 	 9066279693.011002 
620 	 300.966739 	 300.966739 	 90580.978055 	 8204913585.460382 
621 	 303.730614 	 303.730614 	 92252.285594 	 8510484197.372748 
622 	 304.026353 	 304.026353 	 92432.023129 	 8543678899.702600 
623 	 279.749494 	 279.749494 	 78259.779260 	 6124593049.870642 
624 	 290.087562 	 290.087562 	 84150.793556 	 7081356056.102304 
625 	 276.556836 	 276.556836 	 76483.683309 	 5849753812.528310 
626 	 258.779765 	 258.779765 	 66966.966565 	 4484574610.940753 
627 	 257.294027 	 257.294027 	 66200.216288 	 4382468636.574485 
628 	 257.306699 	 257.306699 	 66206.737572 	 4383332099.903434 
629 	 271.386195 	 271.386195 	 73650.466843 	 5424391266.151075 
630 	 265.777802 	 265.777802 	 70637.840041 	 4989704445.634638 
631 	 237.748952 	 237.748952 	 56524.564095 	 3195026346.176009 
632 	 227.579463 	 227.579463 	 51792.412015 	 2682453942.374896 
633 	 237.854485 	 237.854485 	 56574.756040 	 3200703020.959855 
634 	 237.854485 	 237.854485 	 56574.756040 	 3200703020.959855 
635 	 237.854485 	 237.854485 	 56574.756040 	 3200703020.959855 
636 	 254.934752 	 254.934752 	 64991.727837 	 4223924687.225594 
637 	 248.504323 	 248.504323 	 61754.398372 	 3813605718.260426 
638 	 249.920304 	 249.920304 	 62460.158151 	 3901271356.235902 
639 	 254.967276 	 254.967276 	 65008.311654 	 4226080584.058278 
640 	 253.044186 	 253.044186 	 64031.360222 	 4100015091.911590 
641 	 241.298518 	 241.298518 	 58224.975012 	 3390147715.202268 
642 	 251.240140 	 251.240140 	 63121.607957 	 3984337391.133913 
643 	 243.132296 	 243.132296 	 59113.313417 	 3494383823.165672 
644 	 229.196214 	 229.196214 	 52530.904564 	 2759495934.325331 
645 	 247.157199 	 247.157199 	 61086.680841 	 3731582576.154544 
646 	 247.156612 	 247.156612 	 61086.390836 	 3731547145.399828 
647 	 243.565221 	 243.565221 	 59324.016771 	 3519338965.868578 
648 	 244.995818 	 244.995818 	 60022.950917 	 3602754636.731007 
649 	 260.732785 	 260.732785 	 67981.585303 	 4621495940.272212 
650 	 291.030414 	 291.030414 	 84698.702028 	 7173870125.165169 
651 	 269.837949 	 269.837949 	 72812.518663 	 5301662874.003312 
652 	 287.397175 	 287.397175 	 82597.136421 	 6822286945.014412 
653 	 267.487301 	 267.487301 	 71549.456019 	 5119324656.608649 
654 	 258.448264 	 258.448264 	 66795.504954 	 4461639482.005393 
655 	 249.520744 	 249.520744 	 62260.601515 	 3876382500.995537 
656 	 260.426362 	 260.426362 	 67821.890245 	 4599808796.461156 
657 	 257.640010 	 257.640010 	 66378.374729 	 4406088631.719646 
658 	 248.437251 	 248.437251 	 61721.067458 	 3809490168.095521 
659 	 248.437251 	 248.437251 	 61721.067458 	 3809490168.095521 
660 	 262.345844 	 262.345844 	 68825.341742 	 4736927665.960558 
661 	 235.504182 	 235.504182 	 55462.219525 	 3076057794.631103 
662 	 244.877632 	 244.877632 	 59965.054608 	 3595807774.124619 
663 	 252.834899 	 252.834899 	 63925.486369 	 4086467807.458697 
664 	 249.334084 	 249.334084 	 62167.485561 	 3864796260.958552 
665 	 257.183905 	 257.183905 	 66143.560943 	 4374970654.203479 
666 	 257.183905 	 257.183905 	 66143.560943 	 4374970654.203479 
667 	 245.851108 	 245.851108 	 60442.767171 	 3653328103.285775 
668 	 262.079483 	 262.079483 	 68685.655653 	 4717719292.420397 
669 	 287.697254 	 287.697254 	 82769.710241 	 6850824933.302197 
670 	 287.308201 	 287.308201 	 82546.002183 	 6813842476.370106 
671 	 305.623074 	 305.623074 	 93405.463602 	 8724580630.783058 
672 	 301.577399 	 301.577399 	 90948.927525 	 8271707417.978342 
673 	 281.537915 	 281.537915 	 79263.597612 	 6282717906.442549 
674 	 285.979711 	 285.979711 	 81784.395167 	 6688687292.851102 
675 	 286.207873 	 286.207873 	 81914.946657 	 6710058485.853646 
676 	 271.760158 	 271.760158 	 73853.583227 	 5454351755.513808 
677 	 263.623697 	 263.623697 	 69497.453571 	 4829896052.858737 
678 	 244.991020 	 244.991020 	 60020.599931 	 3602472416.118537 
679 	 244.991020 	 244.991020 	 60020.599931 	 3602472416.118537 
680 	 244.991020 	 244.991020 	 60020.599931 	 3602472416.118537 
681 	 244.991020 	 244.991020 	 60020.599931 	 3602472416.118537 
682 	 238.974276 	 238.974276 	 57108.704383 	 3261404116.293882 
683 	 251.027852 	 251.027852 	 63014.982634 	 3970888036.384589 
684 	 193.157252 	 193.157252 	 37309.723929 	 1392015499.625960 
685 	 228.361237 	 228.361237 	 52148.854542 	 2719503030.051290 
686 	 232.616554 	 232.616554 	 54110.461347 	 2927942027.231866 
687 	 229.927124 	 229.927124 	 52866.482140 	 2794864933.857019 
688 	 228.423748 	 228.423748 	 52177.408464 	 2722481954.066565 
689 	 217.274737 	 217.274737 	 47208.311527 	 2228624677.191046 
690 	 228.085147 	 228.085147 	 52022.834390 	 2706375297.937435 
691 	 210.662858 	 210.662858 	 44378.839655 	 1969481409.161366 
692 	 193.688186 	 193.688186 	 37515.113246 	 1407383721.868531 
693 	 175.528068 	 175.528068 	 30810.102744 	 949262431.077084 
694 	 179.615074 	 179.615074 	 32261.574775 	 1040809206.950288 
695 	 161.657842 	 161.657842 	 26133.257917 	 682947169.377213 
696 	 136.520696 	 136.520696 	 18637.900546 	 347371336.752368 
697 	 151.427901 	 151.427901 	 22930.409059 	 525803659.632901 
698 	 154.019979 	 154.019979 	 23722.154025 	 562740591.601246 
699 	 154.019979 	 154.019979 	 23722.154025 	 562740591.601246 
700 	 104.859856 	 104.859856 	 10995.589315 	 120902984.384489 
701 	 115.949474 	 115.949474 	 13444.280567 	 180748679.965519 
702 	 136.723177 	 136.723177 	 18693.227102 	 349436739.488334 
703 	 129.889801 	 129.889801 	 16871.360342 	 284642799.804389 
704 	 133.182314 	 133.182314 	 17737.528779 	 314619927.173636 
705 	 116.013835 	 116.013835 	 13459.209826 	 181150329.135611 
706 	 122.624431 	 122.624431 	 15036.750976 	 226103879.913983 
707 	 130.928886 	 130.928886 	 17142.373089 	 293860955.133119 
708 	 146.716324 	 146.716324 	 21525.679842 	 463354892.669751 
709 	 126.447879 	 126.447879 	 15989.066041 	 255650232.872112 
710 	 141.583278 	 141.583278 	 20045.824697 	 401835087.794827 
711 	 113.872333 	 113.872333 	 12966.908307 	 168140711.033345 
712 	 112.313327 	 112.313327 	 12614.283442 	 159120146.747755 
713 	 84.493638 	 84.493638 	 7139.174908 	 50967818.360631 
714 	 86.878626 	 86.878626 	 7547.895661 	 56970728.912223 
715 	 51.464499 	 51.464499 	 2648.594626 	 7015053.491403 
716 	 65.583544 	 65.583544 	 4301.201261 	 18500332.290899 
717 	 57.218246 	 57.218246 	 3273.927664 	 10718602.347046 
718 	 61.737930 	 61.737930 	 3811.571940 	 14528080.650097 
719 	 77.311901 	 77.311901 	 5977.129974 	 35726082.727969 
720 	 90.173875 	 90.173875 	 8131.327815 	 66118492.027904 
721 	 59.024211 	 59.024211 	 3483.857504 	 12137263.105103 
722 	 59.024211 	 59.024211 	 3483.857504 	 12137263.105103 
723 	 61.893563 	 61.893563 	 3830.813109 	 14675129.072662 
724 	 89.120375 	 89.120375 	 7942.441169 	 63082371.729204 
725 	 129.589495 	 129.589495 	 16793.437268 	 282019535.265270 
726 	 148.837293 	 148.837293 	 22152.539802 	 490735019.677284 
727 	 160.016439 	 160.016439 	 25605.260616 	 655629371.218136 
728 	 179.675470 	 179.675470 	 32283.274373 	 1042209804.257376 
729 	 179.675470 	 179.675470 	 32283.274373 	 1042209804.257376 
730 	 190.664119 	 190.664119 	 36352.806240 	 1321526521.495343 
731 	 144.050262 	 144.050262 	 20750.478053 	 430582339.426931 
732 	 151.123431 	 151.123431 	 22838.291305 	 521587549.722508 
733 	 174.716308 	 174.716308 	 30525.788373 	 931823755.782160 
734 	 187.730087 	 187.730087 	 35242.585452 	 1242039829.322415 
735 	 151.912436 	 151.912436 	 23077.388134 	 532565843.068093 
736 	 185.472500 	 185.472500 	 34400.048186 	 1183363315.211392 
737 	 180.298362 	 180.298362 	 32507.499390 	 1056737516.573963 
738 	 184.861516 	 184.861516 	 34173.780019 	 1167847240.789571 
739 	 189.103958 	 189.103958 	 35760.307081 	 1278799562.521604 
740 	 209.412253 	 209.412253 	 43853.491861 	 1923128748.404709 
741 	 209.412253 	 209.412253 	 43853.491861 	 1923128748.404709 
742 	 209.412253 	 209.412253 	 43853.491861 	 1923128748.404709 
743 	 177.448363 	 177.448363 	 31487.921611 	 991489207.397063 
744 	 201.534968 	 201.534968 	 40616.343149 	 1649687330.832979 
745 	 161.482160 	 161.482160 	 26076.488023 	 679983227.624029 
746 	 134.692616 	 134.692616 	 18142.100684 	 329135817.221377 
747 	 135.967797 	 135.967797 	 18487.241928 	 341778114.119748 
748 	 151.230815 	 151.230815 	 22870.759295 	 523071630.726747 
749 	 148.905584 	 148.905584 	 22172.872816 	 491636288.935843 
750 	 177.354885 	 177.354885 	 31454.755120 	 989401619.662983 
751 	 187.515398 	 187.515398 	 35162.024645 	 1236367977.169791 
752 	 220.830753 	 220.830753 	 48766.221589 	 2378144368.071208 
753 	 252.302581 	 252.302581 	 63656.592392 	 4052161754.902373 
754 	 238.491499 	 238.491499 	 56878.195313 	 3235129102.113346 
755 	 241.566051 	 241.566051 	 58354.156895 	 3405207626.920628 
756 	 248.123906 	 248.123906 	 61565.472664 	 3790307424.299392 
757 	 249.993516 	 249.993516 	 62496.757830 	 3905844739.294024 
758 	 280.607774 	 280.607774 	 78740.723055 	 6200101467.172848 
759 	 280.087264 	 280.087264 	 78448.875179 	 6154226016.818718 
760 	 280.087264 	 280.087264 	 78448.875179 	 6154226016.818718 
761 	 294.171416 	 294.171416 	 86536.822263 	 7488621607.369851 
762 	 246.202805 	 246.202805 	 60615.821322 	 3674277794.531769 
763 	 295.472127 	 295.472127 	 87303.777986 	 7621949650.645022 
764 	 308.652066 	 308.652066 	 95266.098020 	 9075629431.993807 
765 	 283.628506 	 283.628506 	 80445.129448 	 6471418851.880422 
766 	 296.541980 	 296.541980 	 87937.145897 	 7732941628.554373 
767 	 296.541980 	 296.541980 	 87937.145897 	 7732941628.554373 
768 	 293.804567 	 293.804567 	 86321.123489 	 7451336360.334338 
769 	 272.799562 	 272.799562 	 74419.600763 	 5538276977.660189 
770 	 269.055847 	 269.055847 	 72391.048619 	 5240463920.214622 
771 	 259.921530 	 259.921530 	 67559.201587 	 4564245719.129704 
772 	 274.962573 	 274.962573 	 75604.416548 	 5716027801.547456 
773 	 291.568176 	 291.568176 	 85012.001354 	 7227040374.179657 
774 	 294.394959 	 294.394959 	 86668.391960 	 7511410164.915446 
775 	 291.165538 	 291.165538 	 84777.370595 	 7187202565.009883 
776 	 316.975346 	 316.975346 	 100473.369953 	 10094898069.639938 
777 	 300.623383 	 300.623383 	 90374.418367 	 8167535495.096387 
778 	 266.843557 	 266.843557 	 71205.483931 	 5070220941.837201 
779 	 242.785160 	 242.785160 	 58944.633728 	 3474469845.380416 
780 	 258.222900 	 258.222900 	 66679.066157 	 4446097863.585299 
781 	 290.423281 	 290.423281 	 84345.682433 	 7114194145.154586 
782 	 266.938135 	 266.938135 	 71255.967778 	 5077412944.009628 
783 	 258.682151 	 258.682151 	 66916.455240 	 4477811981.930197 
784 	 258.682151 	 258.682151 	 66916.455240 	 4477811981.930197 
785 	 252.042213 	 252.042213 	 63525.277229 	 4035460847.032944 
786 	 222.404997 	 222.404997 	 49463.982792 	 2446685593.648219 
787 	 236.616357 	 236.616357 	 55987.300348 	 3134577800.231052 
788 	 269.779010 	 269.779010 	 72780.714201 	 5297032359.615800 
789 	 262.020054 	 262.020054 	 68654.508770 	 4713441574.387146 
790 	 244.355559 	 244.355559 	 59709.639195 	 3565241012.778780 
791 	 231.401667 	 231.401667 	 53546.731492 	 2867252453.477898 
792 	 227.669916 	 227.669916 	 51833.590684 	 2686721123.211733 
793 	 264.850266 	 264.850266 	 70145.663362 	 4920414088.486152 
794 	 264.850266 	 264.850266 	 70145.663362 	 4920414088.486152 
795 	 264.850266 	 264.850266 	 70145.663362 	 4920414088.486152 
796 	 244.503619 	 244.503619 	 59782.019937 	 3573889907.791208 
797 	 261.355299 	 261.355299 	 68306.592528 	 4665790582.793317 
798 	 248.654666 	 248.654666 	 61829.143127 	 3822842939.760910 
799 	 261.893575 	 261.893575 	 68588.244772 	 4704347320.924333 
800 	 258.477469 	 258.477469 	 66810.602020 	 4463656542.242948 
801 	 250.307063 	 250.307063 	 62653.625760 	 3925476820.928646 
802 	 262.551458 	 262.551458 	 68933.267963 	 4751795432.009606 
803 	 233.713951 	 233.713951 	 54622.211052 	 2983585940.256451 
804 	 252.691887 	 252.691887 	 63853.189541 	 4077229814.577835 
805 	 252.691887 	 252.691887 	 63853.189541 	 4077229814.577835 
806 	 260.053992 	 260.053992 	 67628.078549 	 4573557008.279776 
807 	 264.404330 	 264.404330 	 69909.649684 	 4887359118.935006 
808 	 260.098843 	 260.098843 	 67651.408125 	 4576713021.356262 
809 	 247.736649 	 247.736649 	 61373.447344 	 3766700038.946281 
810 	 247.736649 	 247.736649 	 61373.447344 	 3766700038.946281 
811 	 253.396205 	 253.396205 	 64209.636686 	 4122877443.310330 
812 	 244.325779 	 244.325779 	 59695.086138 	 3563503309.054041 
813 	 238.343087 	 238.343087 	 56807.427316 	 3227083798.246642 
814 	 273.436218 	 273.436218 	 74767.365402 	 5590158929.085835 
815 	 271.649838 	 271.649838 	 73793.634342 	 5445500469.341152 
816 	 256.860447 	 256.860447 	 65977.289435 	 4353002721.221271 
817 	 272.805887 	 272.805887 	 74423.051844 	 5538790645.718747 
818 	 302.336738 	 302.336738 	 91407.503072 	 8355331617.903631 
819 	 302.784324 	 302.784324 	 91678.347041 	 8404919316.098208 
820 	 292.982437 	 292.982437 	 85838.708224 	 7368283829.545142 
821 	 290.299810 	 290.299810 	 84273.979885 	 7102103685.724328 
822 	 285.383958 	 285.383958 	 81444.003265 	 6633125667.866332 
823 	 273.141590 	 273.141590 	 74606.328361 	 5566104231.528010 
824 	 259.991076 	 259.991076 	 67595.359514 	 4569132627.782417 
825 	 260.253478 	 260.253478 	 67731.872853 	 4587606600.175031 
826 	 230.432604 	 230.432604 	 53099.184860 	 2819523432.816878 
827 	 212.622700 	 212.622700 	 45208.412529 	 2043800563.420749 
828 	 245.261390 	 245.261390 	 60153.149310 	 3618401371.930186 
829 	 239.033262 	 239.033262 	 57136.900181 	 3264625362.312357 
830 	 219.021224 	 219.021224 	 47970.296437 	 2301149340.255150 
831 	 228.024748 	 228.024748 	 51995.285712 	 2703509736.229558 
832 	 248.760654 	 248.760654 	 61881.863146 	 3829364986.471642 
833 	 245.656075 	 245.656075 	 60346.907418 	 3641749234.882516 
834 	 213.388856 	 213.388856 	 45534.803818 	 2073418358.762176 
835 	 196.262482 	 196.262482 	 38518.961981 	 1483710432.118060 
836 	 196.262482 	 196.262482 	 38518.961981 	 1483710432.118060 
837 	 195.624012 	 195.624012 	 38268.754256 	 1464497552.319913 
838 	 203.699729 	 203.699729 	 41493.579499 	 1721717139.624496 
839 	 210.204589 	 210.204589 	 44185.969084 	 1952399863.883742 
840 	 225.818483 	 225.818483 	 50993.987203 	 2600386730.819012 
841 	 219.990756 	 219.990756 	 48395.932818 	 2342166313.286644 
842 	 207.514912 	 207.514912 	 43062.438670 	 1854373624.239528 
843 	 185.439328 	 185.439328 	 34387.744300 	 1182516958.023876 
844 	 228.105616 	 228.105616 	 52032.171828 	 2707346905.114319 
845 	 228.105616 	 228.105616 	 52032.171828 	 2707346905.114319 
846 	 248.664397 	 248.664397 	 61833.982456 	 3823441386.401470 
847 	 238.986214 	 238.986214 	 57114.410691 	 3262055908.537706 
848 	 254.391656 	 254.391656 	 64715.114895 	 4188046095.894253 
849 	 231.048086 	 231.048086 	 53383.217823 	 2849767945.162665 
850 	 231.048086 	 231.048086 	 53383.217823 	 2849767945.162665 
851 	 238.790437 	 238.790437 	 57020.872937 	 3251379950.472872 
852 	 243.514272 	 243.514272 	 59299.200791 	 3516395214.422444 
853 	 257.844126 	 257.844126 	 66483.593185 	 4420068162.785927 
854 	 224.255667 	 224.255667 	 50290.604382 	 2529144889.129501 
855 	 263.240726 	 263.240726 	 69295.679849 	 4801891245.743300 
856 	 255.668120 	 255.668120 	 65366.187744 	 4272738500.190612 
857 	 276.119274 	 276.119274 	 76241.853574 	 5812820236.366338 
858 	 297.059754 	 297.059754 	 88244.497466 	 7787091333.086397 
859 	 297.059754 	 297.059754 	 88244.497466 	 7787091333.086397 
860 	 280.093214 	 280.093214 	 78452.208414 	 6154749004.988869 
861 	 296.937623 	 296.937623 	 88171.951932 	 7774293107.456315 
862 	 302.083650 	 302.083650 	 91254.531463 	 8327389512.492624 
863 	 298.591651 	 298.591651 	 89156.973765 	 7948965971.011270 
864 	 298.591651 	 298.591651 	 89156.973765 	 7948965971.011270 
865 	 298.591651 	 298.591651 	 89156.973765 	 7948965971.011270 
866 	 301.840525 	 301.840525 	 91107.702270 	 8300613412.891562 
867 	 290.407631 	 290.407631 	 84336.592294 	 7112660799.738111 
868 	 314.331660 	 314.331660 	 98804.392749 	 9762308026.573055 
869 	 314.331660 	 314.331660 	 98804.392749 	 9762308026.573055 
870 	 298.262276 	 298.262276 	 88960.385197 	 7913950134.425690 
871 	 310.226832 	 310.226832 	 96240.687597 	 9262269949.200916 
872 	 336.262844 	 336.262844 	 113072.700474 	 12785435592.422487 
873 	 317.220859 	 317.220859 	 100629.073473 	 10126210428.070152 
874 	 272.497062 	 272.497062 	 74254.648742 	 5513752859.776289 
875 	 266.995694 	 266.995694 	 71286.700725 	 5081793700.262348 
876 	 304.846978 	 304.846978 	 92931.679694 	 8636297090.709187 
877 	 295.546753 	 295.546753 	 87347.883362 	 7629652727.771554 
878 	 291.820882 	 291.820882 	 85159.427212 	 7252128043.148875 
879 	 291.889585 	 291.889585 	 85199.529741 	 7258959868.035629 
880 	 240.804067 	 240.804067 	 57986.598540 	 3362445610.243736 
881 	 251.911946 	 251.911946 	 63459.628557 	 4027124456.587224 
882 	 268.307622 	 268.307622 	 71988.979835 	 5182413217.725026 
883 	 277.912920 	 277.912920 	 77235.590896 	 5965336501.056568 
884 	 262.826835 	 262.826835 	 69077.944964 	 4771762480.431005 
885 	 274.529067 	 274.529067 	 75366.208441 	 5680065374.775558 
886 	 262.792017 	 262.792017 	 69059.644358 	 4769234478.790442 
887 	 279.691667 	 279.691667 	 78227.428527 	 6119530573.994519 
888 	 271.993481 	 271.993481 	 73980.453931 	 5473107563.833984 
889 	 271.993481 	 271.993481 	 73980.453931 	 5473107563.833984 
890 	 294.414804 	 294.414804 	 86680.076806 	 7513435715.091672 
891 	 272.212806 	 272.212806 	 74099.811905 	 5490782124.347701 
892 	 271.884466 	 271.884466 	 73921.163027 	 5464338343.219869 
893 	 279.377341 	 279.377341 	 78051.698464 	 6092067633.037357 
894 	 267.234151 	 267.234151 	 71414.091242 	 5099972427.850592 
895 	 267.234151 	 267.234151 	 71414.091242 	 5099972427.850592 
896 	 290.496210 	 290.496210 	 84388.048027 	 7121342649.751093 
897 	 273.909185 	 273.909185 	 75026.241517 	 5628936916.123363 
898 	 255.405432 	 255.405432 	 65231.934779 	 4255205315.065102 
899 	 279.559341 	 279.559341 	 78153.424956 	 6107957832.418784 
900 	 258.307258 	 258.307258 	 66722.639278 	 4451910592.268332 
901 	 220.740330 	 220.740330 	 48726.293480 	 2374251676.338834 
902 	 226.323515 	 226.323515 	 51222.333652 	 2623727464.731087 
903 	 202.873895 	 202.873895 	 41157.817141 	 1693965911.773531 
904 	 206.797226 	 206.797226 	 42765.092657 	 1828853149.954204 
905 	 214.041985 	 214.041985 	 45813.971554 	 2098919989.532492 
906 	 207.946266 	 207.946266 	 43241.649532 	 1869840254.211127 
907 	 206.942254 	 206.942254 	 42825.096387 	 1833988880.529011 
908 	 227.009363 	 227.009363 	 51533.250880 	 2655675946.289002 
909 	 215.821509 	 215.821509 	 46578.923722 	 2169596135.096323 
910 	 221.724991 	 221.724991 	 49161.971781 	 2416899469.380628 
911 	 238.906108 	 238.906108 	 57076.128298 	 3257684421.432800 
912 	 217.101891 	 217.101891 	 47133.230909 	 2221541455.877200 
913 	 225.321285 	 225.321285 	 50769.681601 	 2577560569.829649 
914 	 225.321285 	 225.321285 	 50769.681601 	 2577560569.829649 
915 	 226.387496 	 226.387496 	 51251.298298 	 2626695577.222476 
916 	 229.123295 	 229.123295 	 52497.484091 	 2755985835.860179 
917 	 184.116675 	 184.116675 	 33898.950022 	 1149138812.585858 
918 	 184.116675 	 184.116675 	 33898.950022 	 1149138812.585858 
919 	 214.687393 	 214.687393 	 46090.676659 	 2124350474.919021 
920 	 234.463708 	 234.463708 	 54973.230550 	 3022056077.110384 
921 	 234.463708 	 234.463708 	 54973.230550 	 3022056077.110384 
922 	 225.988044 	 225.988044 	 51070.596035 	 2608205779.400638 
923 	 243.262511 	 243.262511 	 59176.649257 	 3501875817.333955 
924 	 243.262511 	 243.262511 	 59176.649257 	 3501875817.333955 
925 	 248.984681 	 248.984681 	 61993.371445 	 3843178103.072484 
926 	 222.826482 	 222.826482 	 49651.641060 	 2465285459.906610 
927 	 234.556543 	 234.556543 	 55016.771907 	 3026845191.070348 
928 	 223.736014 	 223.736014 	 50057.804133 	 2505783754.570724 
929 	 248.654896 	 248.654896 	 61829.257385 	 3822857068.801162 
930 	 269.705630 	 269.705630 	 72741.127048 	 5291271564.259232 
931 	 269.705630 	 269.705630 	 72741.127048 	 5291271564.259232 
932 	 244.611237 	 244.611237 	 59834.657388 	 3580186224.726075 
933 	 244.611237 	 244.611237 	 59834.657388 	 3580186224.726075 
934 	 186.249578 	 186.249578 	 34688.905462 	 1203320162.168343 
935 	 187.221296 	 187.221296 	 35051.813626 	 1228629638.467073 
936 	 169.326803 	 169.326803 	 28671.566329 	 822058715.785760 
937 	 171.245991 	 171.245991 	 29325.189294 	 859966727.149667 
938 	 155.066976 	 155.066976 	 24045.766964 	 578198908.888464 
939 	 188.298436 	 188.298436 	 35456.300921 	 1257149274.985890 
940 	 174.506861 	 174.506861 	 30452.644653 	 927363566.385744 
941 	 202.482168 	 202.482168 	 40999.028353 	 1680920325.920858 
942 	 175.000130 	 175.000130 	 30625.045669 	 937893422.245615 
943 	 183.214444 	 183.214444 	 33567.532500 	 1126779238.109482 
944 	 170.537208 	 170.537208 	 29082.939204 	 845817352.770764 
945 	 166.991567 	 166.991567 	 27886.183511 	 777639230.792705 
946 	 157.647655 	 157.647655 	 24852.783250 	 617660835.250400 
947 	 134.329124 	 134.329124 	 18044.313472 	 325597248.666970 
948 	 124.944174 	 124.944174 	 15611.046712 	 243704779.456707 
949 	 151.790980 	 151.790980 	 23040.501574 	 530864712.798714 
950 	 108.644340 	 108.644340 	 11803.592721 	 139324801.129615 
951 	 136.686859 	 136.686859 	 18683.297383 	 349065601.099845 
952 	 136.686859 	 136.686859 	 18683.297383 	 349065601.099845 
953 	 120.593198 	 120.593198 	 14542.719297 	 211490684.538086 
954 	 113.634511 	 113.634511 	 12912.802104 	 166740458.167897 
955 	 97.927976 	 97.927976 	 9589.888520 	 91965961.832834 
956 	 116.357554 	 116.357554 	 13539.080412 	 183306698.394491 
957 	 150.042136 	 150.042136 	 22512.642567 	 506819075.358385 
958 	 174.978484 	 174.978484 	 30617.469940 	 937429465.551105 
959 	 174.978484 	 174.978484 	 30617.469940 	 937429465.551105 
960 	 161.770035 	 161.770035 	 26169.544343 	 684845051.100889 
961 	 154.423769 	 154.423769 	 23846.700417 	 568665120.785362 
962 	 175.255696 	 175.255696 	 30714.558832 	 943384124.273707 
963 	 161.928930 	 161.928930 	 26220.978231 	 687539699.404289 
964 	 161.928930 	 161.928930 	 26220.978231 	 687539699.404289 
965 	 161.928930 	 161.928930 	 26220.978231 	 687539699.404289 
966 	 172.261165 	 172.261165 	 29673.908973 	 880540873.739283 
967 	 172.261165 	 172.261165 	 29673.908973 	 880540873.739283 
968 	 161.451116 	 161.451116 	 26066.462874 	 679460486.766023 
969 	 179.615055 	 179.615055 	 32261.568063 	 1040808773.851371 
970 	 164.136585 	 164.136585 	 26940.818465 	 725807699.542108 
971 	 167.915697 	 167.915697 	 28195.681273 	 794996442.468630 
972 	 172.496468 	 172.496468 	 29755.031398 	 885361893.499191 
973 	 150.966763 	 150.966763 	 22790.963634 	 519428023.374990 
974 	 161.437834 	 161.437834 	 26062.174401 	 679236934.486285 
975 	 144.758344 	 144.758344 	 20954.978040 	 439111104.648603 
976 	 98.682295 	 98.682295 	 9738.195305 	 94832447.803808 
977 	 128.785551 	 128.785551 	 16585.718164 	 275086047.021073 
978 	 104.981921 	 104.981921 	 11021.203670 	 121466930.324747 
979 	 66.697974 	 66.697974 	 4448.619783 	 19790217.972209 
980 	 83.930284 	 83.930284 	 7044.292497 	 49622056.784299 
981 	 83.760882 	 83.760882 	 7015.885327 	 49222646.925063 
982 	 120.887857 	 120.887857 	 14613.874054 	 213565314.851589 
983 	 116.849073 	 116.849073 	 13653.705764 	 186423681.100830 
984 	 107.722504 	 107.722504 	 11604.137912 	 134656016.684788 
985 	 125.022269 	 125.022269 	 15630.567718 	 244314647.201583 
986 	 99.341367 	 99.341367 	 9868.707130 	 97391380.426646 
987 	 86.810461 	 86.810461 	 7536.056136 	 56792142.078590 
988 	 100.709886 	 100.709886 	 10142.481237 	 102869925.648592 
989 	 76.679650 	 76.679650 	 5879.768789 	 34571681.009592 
990 	 81.662131 	 81.662131 	 6668.703705 	 44471609.100405 
991 	 91.573611 	 91.573611 	 8385.726163 	 70320403.283630 
992 	 84.141961 	 84.141961 	 7079.869527 	 50124552.512286 
993 	 70.618780 	 70.618780 	 4987.012111 	 24870289.798570 
994 	 90.515115 	 90.515115 	 8192.986088 	 67125021.036398 
995 	 53.075792 	 53.075792 	 2817.039678 	 7935712.547727 
996 	 28.283388 	 28.283388 	 799.950050 	 639920.082769 
997 	 31.730259 	 31.730259 	 1006.809334 	 1013665.034202 
998 	 50.527996 	 50.527996 	 2553.078375 	 6518209.187232 
999 	 50.527996 	 50.527996 	 2553.078375 	 6518209.187232 
1000 	 67.467633 	 67.467633 	 4551.881537 	 20719625.530970 

%ACCRATE = 0.889000
