%%%%%%%%%%%%%%%%%%%%%%%%%%%%%%%%%%%%%%%%%%%%%%%%%%%%%%%%%%%%%%%%%%%%%%%%%%%
%SIMULAZIONE D = 3, L = 8, V = 512
%NUMERO DI MISURE PER OGNI naccu: T = 1000
%%%%%%%%%%%%%%%%%%%%%%%%%%%%%%%%%%%%%%%%%%%%%%%%%%%%%%%%%%%%%%%%%%%%%%%%%%%
%naccu = 128
%%%%%%%%%%%%%%%%%%%%%%%%%%%%%%%%%%%%%%%%%%%%%%%%%%%%%%%%%%%%%%%%%%%%%%%%%%%

%%%%%%%%%%%%%%%%%%%%%%%%%%%%%%%%%%%%%%%%%%%%%%%%%%%%%%%%%%%%%%%%%%%%%%%%%%%

7001 	 -197.432178 	 197.432178 	 45076.455105 	 2764591540.131921 
7002 	 149.061639 	 158.077796 	 35503.578451 	 2631689214.457090 
7003 	 279.811918 	 279.811918 	 79024.634586 	 6460986540.586040 
7004 	 256.740191 	 256.740191 	 67411.147016 	 4912657439.452141 
7005 	 197.349436 	 197.349436 	 43551.700978 	 2613793369.602950 
7006 	 134.129685 	 134.267805 	 22104.366865 	 762509250.136237 
7007 	 189.256346 	 189.256346 	 42014.896878 	 2675956478.307746 
7008 	 240.839975 	 240.839975 	 58529.762034 	 3552780644.379426 
7009 	 45.178673 	 93.756016 	 11842.812374 	 289439769.089833 
7010 	 -89.415577 	 89.415577 	 9091.709922 	 127686399.303149 
7011 	 -55.829471 	 76.636220 	 7341.982957 	 93659833.214233 
7012 	 163.547833 	 163.547833 	 31085.150702 	 1375837779.771626 
7013 	 254.681418 	 254.681418 	 66391.023476 	 4826932485.042933 
7014 	 222.542102 	 222.542102 	 52044.231021 	 3050080902.831254 
7015 	 201.597897 	 201.597897 	 43855.261008 	 2504476134.267907 
7016 	 176.287610 	 176.287610 	 31982.119087 	 1137876581.177755 
7017 	 96.617883 	 104.239120 	 15944.244572 	 545847681.331186 
7018 	 202.421894 	 202.421894 	 43841.430374 	 2358104227.497119 
7019 	 195.060115 	 195.060115 	 39865.939135 	 1847840244.439935 
7020 	 178.025628 	 178.025628 	 33217.775012 	 1297167472.661009 
7021 	 210.274006 	 210.274006 	 48321.232718 	 2999860240.113098 
7022 	 191.923387 	 191.923387 	 40205.545307 	 2131203381.957309 
7023 	 132.545322 	 132.545322 	 21297.592911 	 739002493.981239 
7024 	 88.898917 	 89.624197 	 11015.725547 	 216350939.819614 
7025 	 201.093726 	 201.093726 	 42885.570283 	 2354772687.141115 
7026 	 224.658091 	 224.658091 	 52983.216636 	 3308066945.198408 
7027 	 235.018252 	 235.018252 	 56612.472774 	 3531436956.793911 
7028 	 182.670234 	 182.670234 	 38001.039284 	 2068908426.481630 
7029 	 -140.603895 	 140.922389 	 27415.661658 	 1458604246.123582 
7030 	 -218.727742 	 218.727742 	 50300.925207 	 3029114300.913258 
7031 	 -176.810722 	 176.810722 	 31862.449488 	 1090885470.913374 
7032 	 -211.293537 	 211.293537 	 47558.922088 	 2715232597.605038 
7033 	 -159.711270 	 159.711270 	 28378.105682 	 1148515364.189766 
7034 	 -180.343064 	 180.343064 	 34535.185405 	 1442000799.446479 
7035 	 -155.900153 	 155.900153 	 27170.044226 	 1009256104.997627 
7036 	 -113.219934 	 113.219934 	 15629.257716 	 406660622.630165 
7037 	 -109.771151 	 110.424937 	 15123.639141 	 390717118.749907 
7038 	 -216.199878 	 216.199878 	 50769.456202 	 3254073068.250873 
7039 	 -189.430498 	 189.430498 	 40106.408762 	 2163994191.656669 
7040 	 -98.723430 	 100.532086 	 14305.858064 	 431930498.661781 
7041 	 -197.545878 	 197.545878 	 41608.209687 	 2153310706.453653 
7042 	 -207.978534 	 207.978534 	 44863.193721 	 2269306530.714002 
7043 	 -173.276298 	 173.276298 	 32916.342295 	 1398696337.229067 
7044 	 -45.285753 	 53.741029 	 6189.864662 	 163336810.840218 
7045 	 -158.172261 	 158.172261 	 33129.345495 	 1936820170.993926 
7046 	 -197.297038 	 197.297038 	 40714.486477 	 1920289216.338455 
7047 	 -161.766384 	 161.766384 	 27579.458830 	 911740430.026971 
7048 	 -209.688680 	 209.688680 	 44531.032070 	 2081015140.780601 
7049 	 -166.779133 	 166.779133 	 29819.995133 	 1095851494.426141 
7050 	 -234.084466 	 234.084466 	 55831.672790 	 3351556893.403335 
7051 	 -236.963822 	 236.963822 	 56850.079337 	 3391968915.022757 
7052 	 -94.639725 	 110.702110 	 19110.139942 	 755300659.404415 
7053 	 111.862361 	 112.158125 	 15265.465449 	 345547338.185770 
7054 	 205.226994 	 205.226994 	 44156.714941 	 2303336911.806321 
7055 	 163.594812 	 163.594812 	 33834.624751 	 1856967314.181000 
7056 	 -2.031328 	 56.589320 	 4481.762208 	 45534988.755316 
7057 	 1.312858 	 110.878104 	 17153.018794 	 564464898.360960 
7058 	 219.690279 	 219.690279 	 49200.393775 	 2607349536.945193 
7059 	 201.142995 	 201.142995 	 43708.127954 	 2408780006.994942 
7060 	 170.456843 	 170.456843 	 31503.708862 	 1234121537.064817 
7061 	 40.071895 	 47.885301 	 3096.412050 	 19091925.867157 
7062 	 125.333367 	 125.333367 	 17541.695013 	 420684853.534795 
7063 	 194.602154 	 194.602154 	 39350.037868 	 1775312432.514598 
7064 	 212.184052 	 212.184052 	 47922.397472 	 2841051684.003634 
7065 	 102.692933 	 104.154710 	 12682.202093 	 240900232.111702 
7066 	 214.660403 	 214.660403 	 49679.172067 	 3136922068.812789 
7067 	 190.184233 	 190.184233 	 38800.590669 	 1854291796.367918 
7068 	 192.536391 	 192.536391 	 38300.280504 	 1635571069.518555 
7069 	 210.740570 	 210.740570 	 48419.734433 	 2993799551.868341 
7070 	 177.287901 	 177.287901 	 32648.963571 	 1221250489.903717 
7071 	 197.414127 	 197.414127 	 41423.262141 	 2088441545.513911 
7072 	 266.496351 	 266.496351 	 71950.317647 	 5442264691.771686 
7073 	 120.859349 	 135.128028 	 26789.220179 	 1250075194.445138 
7074 	 -63.332844 	 90.889838 	 11134.227132 	 246295803.449262 
7075 	 203.933726 	 203.933726 	 42629.886151 	 1984329213.896859 
7076 	 228.997070 	 228.997070 	 54591.911628 	 3443370032.360767 
7077 	 180.115384 	 180.115384 	 35569.055478 	 1669004450.925494 
7078 	 222.511504 	 222.511504 	 51945.743131 	 3176093904.298603 
7079 	 173.693679 	 173.693679 	 31573.574631 	 1160086316.374976 
7080 	 217.432044 	 217.432044 	 48513.455794 	 2588833978.830849 
7081 	 193.287389 	 193.287389 	 38804.201748 	 1702084255.201164 
7082 	 232.174925 	 232.174925 	 56063.940525 	 3533984282.044266 
7083 	 133.364052 	 133.364052 	 23119.663582 	 1098562521.061229 
7084 	 -98.167629 	 103.933298 	 14874.935399 	 387918319.505059 
7085 	 69.718983 	 69.718983 	 6055.189523 	 70397575.626682 
7086 	 90.989552 	 95.964797 	 11531.772585 	 212494621.358646 
7087 	 -188.253094 	 188.253094 	 38958.610163 	 1882101135.886387 
7088 	 -195.730523 	 195.730523 	 39839.871347 	 1806757696.750701 
7089 	 -187.020944 	 187.738967 	 42907.879888 	 2668408227.222615 
7090 	 -191.578515 	 191.578515 	 37967.476115 	 1627775935.000985 
7091 	 -264.093447 	 264.093447 	 71063.345004 	 5394245802.451860 
7092 	 -178.012815 	 178.012815 	 32814.331232 	 1217193092.440485 
7093 	 -176.864069 	 176.864069 	 35304.063791 	 1683185880.978188 
7094 	 -193.047578 	 193.047578 	 41428.592604 	 2330666166.066107 
7095 	 -45.407306 	 51.649886 	 5143.264921 	 114486678.218560 
7096 	 -175.738835 	 175.738835 	 31921.197625 	 1131537072.413752 
7097 	 -104.888613 	 136.163013 	 21426.654386 	 627610998.688950 
7098 	 199.094157 	 199.094157 	 40712.142464 	 1835663853.579085 
7099 	 221.512627 	 221.512627 	 50042.058057 	 2701299505.220737 
7100 	 225.115890 	 225.115890 	 51570.155705 	 2841255437.084616 
7101 	 251.659655 	 251.659655 	 63616.095946 	 4117936110.746956 
7102 	 208.121362 	 208.121362 	 44789.039839 	 2265847969.084293 
7103 	 183.913127 	 183.913127 	 34896.400589 	 1366454408.969564 
7104 	 -16.510305 	 96.156457 	 15109.929219 	 600146486.929824 
7105 	 -232.357180 	 232.357180 	 56810.177541 	 3768747667.679283 
7106 	 -252.201981 	 252.201981 	 64511.615027 	 4373074365.028505 
7107 	 -241.909874 	 241.909874 	 59080.854285 	 3623438347.394280 
7108 	 -140.420206 	 148.792566 	 26939.089523 	 1110943480.635958 
7109 	 28.693324 	 43.722905 	 2994.769136 	 25824136.836503 
7110 	 169.234851 	 169.342377 	 37231.011084 	 2322799954.872242 
7111 	 275.776207 	 275.776207 	 77081.501931 	 6239013508.611557 
7112 	 208.645400 	 208.645400 	 48070.663627 	 2891941733.717523 
7113 	 83.396014 	 102.623251 	 12983.340248 	 274148697.007505 
7114 	 -202.304547 	 202.304547 	 45687.270181 	 2793694757.064729 
7115 	 -216.338811 	 216.338811 	 48905.252256 	 2849843802.616595 
7116 	 -217.690068 	 217.690068 	 48501.707349 	 2559848025.916513 
7117 	 -173.706547 	 173.706547 	 31582.757975 	 1178079565.398470 
7118 	 -211.050040 	 211.050040 	 45720.166922 	 2296001146.197323 
7119 	 -192.936982 	 192.936982 	 39162.737745 	 1834817423.951270 
7120 	 -125.198093 	 125.198093 	 19445.857417 	 649172129.294832 
7121 	 -21.553330 	 53.395595 	 4777.826247 	 63664354.215286 
7122 	 49.884097 	 67.789202 	 6993.927343 	 112774423.474009 
7123 	 53.617613 	 113.655302 	 16318.645064 	 426621520.263546 
7124 	 -43.197192 	 62.796080 	 7453.978823 	 154451987.622595 
7125 	 107.742751 	 107.939454 	 13283.956096 	 242404998.613097 
7126 	 161.133211 	 161.133211 	 29391.031879 	 1193010517.429500 
7127 	 225.905515 	 225.905515 	 55787.757702 	 4048227720.150918 
7128 	 165.071569 	 165.071569 	 32714.167273 	 1846850250.526605 
7129 	 210.826887 	 210.826887 	 49325.238673 	 3189970334.197109 
7130 	 164.921875 	 169.491596 	 37612.104948 	 2150717615.360758 
7131 	 -215.217970 	 215.217970 	 49033.237386 	 2817746565.966061 
7132 	 -262.614975 	 262.614975 	 69770.355288 	 5085748014.240994 
7133 	 -253.558393 	 253.558393 	 65649.175802 	 4612344199.231178 
7134 	 -231.795758 	 231.795758 	 54910.920642 	 3264360549.467360 
7135 	 -196.697560 	 196.697560 	 40916.576546 	 2020128980.199882 
7136 	 -243.152459 	 243.152459 	 61382.460023 	 4243505685.852627 
7137 	 19.441453 	 83.390849 	 8392.627461 	 113195549.734674 
7138 	 -93.745236 	 103.676163 	 19597.047236 	 1102609878.278776 
7139 	 -182.109895 	 182.109895 	 38347.688028 	 2392726956.781365 
7140 	 -155.385789 	 157.835326 	 32391.026896 	 1767490707.255059 
7141 	 -184.904394 	 184.904394 	 38512.074361 	 2191613434.075363 
7142 	 -258.576496 	 258.576496 	 67910.068230 	 4890248718.919178 
7143 	 -242.871202 	 242.871202 	 60891.057964 	 4165626955.166646 
7144 	 -175.064943 	 175.064943 	 32016.455793 	 1198466879.935139 
7145 	 -111.053791 	 113.621177 	 17563.005777 	 590043947.167172 
7146 	 -236.198197 	 236.198197 	 56871.452085 	 3462459379.375894 
7147 	 -169.198556 	 169.198556 	 31488.860837 	 1356854637.057860 
7148 	 -225.534738 	 225.534738 	 52345.486816 	 3057952910.873170 
7149 	 -202.382917 	 202.382917 	 44625.393617 	 2546529462.631447 
7150 	 -166.270085 	 166.270085 	 30011.567140 	 1216972747.630284 
7151 	 -247.733744 	 247.733744 	 62398.620359 	 4142192872.123283 
7152 	 -269.077973 	 269.077973 	 73037.455313 	 5519432071.389837 
7153 	 -206.996223 	 206.996223 	 46417.328358 	 2658448652.250757 
7154 	 -145.075133 	 145.075133 	 23858.574711 	 858625310.719256 
7155 	 -232.229715 	 232.229715 	 56921.656124 	 3854749776.248307 
7156 	 -217.052477 	 217.052477 	 49379.016600 	 2874625332.948522 
7157 	 -155.707866 	 155.707866 	 28357.057051 	 1196715969.651781 
7158 	 -180.380712 	 180.380712 	 34951.204175 	 1435120980.344789 
7159 	 -217.738731 	 217.738731 	 49643.468113 	 2934834958.312647 
7160 	 -81.459405 	 81.459405 	 8511.467207 	 144098594.252339 
7161 	 -242.225037 	 242.225037 	 61185.509998 	 4312646523.570389 
7162 	 -93.826080 	 131.378839 	 26560.811578 	 1440372299.225543 
7163 	 6.273921 	 52.694179 	 3879.481871 	 33596100.717682 
7164 	 -8.206472 	 42.253342 	 2481.519549 	 13960866.593251 
7165 	 46.785327 	 58.176758 	 5325.303797 	 70707720.309693 
7166 	 219.030030 	 219.030030 	 48980.357903 	 2593717227.926283 
7167 	 148.268622 	 148.268622 	 23921.910468 	 759872801.176011 
7168 	 125.256761 	 126.100332 	 20395.803767 	 675389187.361080 
7169 	 69.608235 	 71.278938 	 7037.830829 	 100183048.668556 
7170 	 186.140675 	 186.140675 	 36933.558013 	 1664763272.406500 
7171 	 147.226104 	 147.226104 	 23648.258101 	 722334961.257176 
7172 	 162.728763 	 162.728763 	 32423.457797 	 1669313919.559220 
7173 	 128.286945 	 128.286945 	 17901.400616 	 442899178.414147 
7174 	 183.270822 	 183.270822 	 34444.477459 	 1302975498.968129 
7175 	 130.471128 	 130.471128 	 17784.350147 	 365453068.523536 
7176 	 232.429804 	 232.429804 	 56810.868634 	 3860227918.180495 
7177 	 225.791830 	 225.791830 	 52803.658516 	 3119684636.135217 
7178 	 199.434640 	 199.434640 	 40657.795555 	 1802737841.780514 
7179 	 198.577999 	 198.577999 	 41430.423020 	 2057124867.106584 
7180 	 91.659472 	 91.659472 	 9849.206674 	 157200558.822856 
7181 	 176.949819 	 176.949819 	 32434.556281 	 1206630216.053592 
7182 	 128.790843 	 128.790843 	 21402.754007 	 976588913.728810 
7183 	 137.546345 	 137.546345 	 20656.211056 	 547707588.384459 
7184 	 90.436230 	 91.562755 	 12875.155964 	 463999754.259677 
7185 	 237.044964 	 237.044964 	 58608.931407 	 3967726975.390870 
7186 	 215.512747 	 215.512747 	 48257.412333 	 2654465879.872252 
7187 	 227.941549 	 227.941549 	 52986.928032 	 3021547803.782890 
7188 	 212.092469 	 212.092469 	 47132.113726 	 2624150154.583684 
7189 	 223.284808 	 223.284808 	 52463.804056 	 3209847749.952399 
7190 	 217.943386 	 217.943386 	 51265.510256 	 3208182630.035114 
7191 	 183.558634 	 183.558634 	 35542.783222 	 1529688019.696443 
7192 	 161.095981 	 161.095981 	 28501.656256 	 1109286941.606405 
7193 	 246.274311 	 246.274311 	 62750.464446 	 4395543633.676395 
7194 	 208.938657 	 208.938657 	 45719.470948 	 2444544724.063691 
7195 	 219.959574 	 219.959574 	 50325.254389 	 2905079864.799177 
7196 	 241.971380 	 241.971380 	 59863.522882 	 3899896224.740219 
7197 	 186.004618 	 186.004618 	 35773.405700 	 1437114048.927192 
7198 	 224.244975 	 224.244975 	 51771.494543 	 2983841888.639189 
7199 	 150.341072 	 150.341072 	 24283.227196 	 771174963.575316 
7200 	 201.054245 	 201.054245 	 42013.787453 	 2028705453.087346 
7201 	 122.900828 	 124.179426 	 19862.410377 	 710495215.745900 
7202 	 232.738646 	 232.738646 	 55092.446599 	 3231061449.942313 
7203 	 205.093734 	 205.093734 	 44350.319068 	 2259585788.368847 
7204 	 218.547586 	 218.547586 	 49138.989691 	 2633593455.717115 
7205 	 223.665054 	 223.665054 	 51717.771945 	 2977025391.324845 
7206 	 223.625867 	 223.625867 	 52173.158010 	 3114713246.144084 
7207 	 231.139502 	 231.139502 	 54646.194835 	 3230919995.790078 
7208 	 179.158730 	 179.158730 	 35649.895033 	 1754557427.293141 
7209 	 261.955860 	 261.955860 	 69622.583255 	 5128895836.160808 
7210 	 210.787319 	 210.787319 	 46220.530727 	 2469582175.946338 
7211 	 113.375350 	 113.375350 	 13661.234270 	 225697822.359531 
7212 	 91.997906 	 92.460744 	 11403.293021 	 272645555.902303 
7213 	 171.751837 	 171.751837 	 31251.822023 	 1187735741.213655 
7214 	 17.248088 	 58.684390 	 5315.892569 	 79235958.542079 
7215 	 -182.355111 	 182.355111 	 39097.023383 	 2262697273.754152 
7216 	 -230.337598 	 230.337598 	 54212.583832 	 3201317369.028947 
7217 	 -217.211699 	 217.211699 	 49092.299154 	 2754895317.621096 
7218 	 -230.549008 	 230.549008 	 54974.401131 	 3362618536.629385 
7219 	 -232.425794 	 232.425794 	 54984.190236 	 3226513524.010073 
7220 	 -141.529039 	 147.682112 	 28961.154731 	 1403948009.398654 
7221 	 149.786798 	 151.129829 	 27895.658174 	 1147455341.713234 
7222 	 149.231337 	 149.430258 	 28004.414638 	 1292621025.879268 
7223 	 184.659114 	 184.659114 	 36678.061229 	 1634092560.307108 
7224 	 208.669098 	 208.669098 	 45058.678318 	 2283236135.754229 
7225 	 206.071812 	 206.071812 	 43952.067256 	 2200418453.681441 
7226 	 89.893534 	 91.292109 	 14456.304214 	 558333598.001440 
7227 	 82.833579 	 89.012428 	 12624.364260 	 338924383.168583 
7228 	 165.389974 	 165.389974 	 29109.064082 	 1032217745.869122 
7229 	 223.636857 	 223.636857 	 53239.277302 	 3463807775.656697 
7230 	 92.683292 	 118.076315 	 18876.884038 	 610858177.959140 
7231 	 -115.430769 	 115.430769 	 16340.078017 	 436557355.062214 
7232 	 -188.944038 	 188.944038 	 39241.957651 	 2039008817.962197 
7233 	 -101.312761 	 101.312761 	 12201.763353 	 250188342.616186 
7234 	 -171.642389 	 171.642389 	 35523.207873 	 2033000174.681713 
7235 	 14.402502 	 34.786221 	 2056.853071 	 12679411.025590 
7236 	 -105.229529 	 108.994014 	 15158.336208 	 354214403.877709 
7237 	 -170.922593 	 170.922593 	 32866.895768 	 1591007060.928066 
7238 	 3.540694 	 48.479660 	 3785.235677 	 49536514.429601 
7239 	 28.028086 	 72.249609 	 6489.017277 	 73006331.141013 
7240 	 -120.291514 	 126.111136 	 18181.018366 	 442622732.453613 
7241 	 -212.496806 	 212.496806 	 46598.586465 	 2401631457.103667 
7242 	 -246.246636 	 246.246636 	 61434.016481 	 3961297877.630167 
7243 	 -191.297867 	 191.297867 	 42064.335059 	 2378129289.535062 
7244 	 -99.583351 	 99.583351 	 11378.288605 	 185155640.170211 
7245 	 25.420938 	 61.646042 	 5144.140293 	 50238729.883237 
7246 	 153.519927 	 153.519927 	 29589.513079 	 1529638841.499871 
7247 	 233.700157 	 233.700157 	 56423.302960 	 3538266393.290796 
7248 	 195.051451 	 195.051451 	 40749.839071 	 2051254845.826745 
7249 	 148.893970 	 148.893970 	 23549.656031 	 680226399.307714 
7250 	 203.384735 	 203.384735 	 43356.189892 	 2212803049.954219 
7251 	 185.564376 	 185.564376 	 39483.191532 	 2253873887.026383 
7252 	 206.286684 	 206.286684 	 43761.903095 	 2144343246.249735 
7253 	 196.821317 	 196.821317 	 40155.660961 	 1850575433.674858 
7254 	 173.982714 	 173.982714 	 32073.991020 	 1205165160.543919 
7255 	 237.649573 	 237.649573 	 57885.374515 	 3647305491.246404 
7256 	 159.903596 	 159.903596 	 28569.726303 	 1128398497.486374 
7257 	 178.037529 	 178.037529 	 34914.268084 	 1560976616.197063 
7258 	 100.306608 	 101.385814 	 14055.225285 	 399068028.850766 
7259 	 238.583407 	 238.583407 	 58764.426298 	 3873315914.640542 
7260 	 235.704452 	 235.704452 	 56270.992676 	 3321324080.766116 
7261 	 197.686674 	 197.686674 	 40759.687608 	 1936761030.980829 
7262 	 118.840037 	 126.430531 	 23396.356655 	 1100722816.971183 
7263 	 55.609822 	 55.890599 	 4107.727092 	 32261896.263640 
7264 	 100.683548 	 100.683548 	 11282.137236 	 176528332.352252 
7265 	 255.391046 	 255.391046 	 66582.094307 	 4783643428.491975 
7266 	 249.442601 	 249.442601 	 63065.963307 	 4174899585.716458 
7267 	 241.532560 	 241.532560 	 60132.549288 	 3984860662.217735 
7268 	 50.448191 	 64.720152 	 7569.200950 	 174582943.199095 
7269 	 46.174010 	 56.906450 	 6309.286163 	 128730857.668942 
7270 	 208.689529 	 208.689529 	 46097.758601 	 2499555453.506394 
7271 	 194.745282 	 194.745282 	 38866.698786 	 1653730419.019546 
7272 	 251.842036 	 251.842036 	 65088.908322 	 4647570727.470865 
7273 	 202.014914 	 202.014914 	 48388.112145 	 3329000879.385651 
7274 	 225.800281 	 225.800281 	 53331.966887 	 3266924482.939718 
7275 	 211.813121 	 211.813121 	 49642.429927 	 3153842540.529615 
7276 	 49.165942 	 51.550887 	 4069.548232 	 40927012.200342 
7277 	 124.621272 	 124.621272 	 17025.429996 	 382316699.188557 
7278 	 216.838118 	 216.838118 	 49037.801406 	 2765748636.511341 
7279 	 165.929637 	 165.929637 	 29734.846943 	 1130958586.262248 
7280 	 128.882597 	 128.882597 	 18952.278149 	 529640986.665480 
7281 	 122.144417 	 124.356465 	 21219.016515 	 804148048.497165 
7282 	 200.717851 	 200.717851 	 43400.417628 	 2379365224.115893 
7283 	 214.965031 	 214.965031 	 47301.466153 	 2450344897.603572 
7284 	 145.057723 	 145.057723 	 23820.467009 	 808447951.249869 
7285 	 92.210607 	 92.210607 	 10066.171658 	 157096351.237951 
7286 	 203.550062 	 203.550062 	 44299.503688 	 2281668740.148906 
7287 	 168.308928 	 168.308928 	 30253.318547 	 1149043878.735613 
7288 	 192.507258 	 192.507258 	 37805.455153 	 1543758275.318695 
7289 	 36.851829 	 87.865617 	 10538.018099 	 218691327.646999 
7290 	 109.090379 	 115.637350 	 18206.470571 	 591503869.405369 
7291 	 -148.612290 	 148.852207 	 28708.118475 	 1369865056.935183 
7292 	 -200.989272 	 200.989272 	 41938.140763 	 2005701685.600597 
7293 	 -222.178204 	 222.178204 	 50213.463702 	 2681210674.107888 
7294 	 -216.607242 	 216.607242 	 50132.070157 	 3096918233.917804 
7295 	 -205.492808 	 205.492808 	 43414.290611 	 2057430432.052404 
7296 	 -94.394074 	 101.891237 	 14500.317501 	 428315531.257282 
7297 	 -220.943724 	 220.943724 	 50626.929703 	 2851858341.244417 
7298 	 -211.971322 	 211.971322 	 46602.508225 	 2487445885.665687 
7299 	 -30.360764 	 44.436276 	 3194.677263 	 29555796.259400 
7300 	 7.236957 	 27.878281 	 1309.571414 	 5386678.440828 
7301 	 -156.368734 	 171.056987 	 33578.256840 	 1543904422.251176 
7302 	 -231.492883 	 231.492883 	 55265.651581 	 3413043911.164659 
7303 	 -176.460712 	 176.460712 	 33801.249187 	 1497813787.490245 
7304 	 -207.608675 	 207.608675 	 43855.582426 	 2062628121.122313 
7305 	 -234.568228 	 234.568228 	 56988.612053 	 3687392553.266765 
7306 	 -204.287247 	 204.287247 	 43010.620571 	 2087677844.998337 
7307 	 -231.077549 	 231.077549 	 54534.921627 	 3193659223.686543 
7308 	 -159.973972 	 160.599503 	 29229.416947 	 1104761756.817038 
7309 	 34.024496 	 89.007227 	 11883.887166 	 334422258.587959 
7310 	 142.454683 	 142.454683 	 27277.741665 	 1359067280.083905 
7311 	 187.282821 	 187.282821 	 40488.821269 	 2348421016.577288 
7312 	 219.345842 	 219.345842 	 49878.061469 	 2815491248.620027 
7313 	 96.038746 	 113.595682 	 20762.682783 	 1136508546.116895 
7314 	 -21.740004 	 39.602399 	 2436.216269 	 15354319.339333 
7315 	 174.774233 	 174.774233 	 32343.509705 	 1287891470.931124 
7316 	 -24.352501 	 48.113847 	 5195.943421 	 106637031.248041 
7317 	 -191.963393 	 191.963393 	 38415.438863 	 1693544028.059343 
7318 	 -203.536815 	 203.536815 	 43155.391089 	 2130930368.811148 
7319 	 -221.247127 	 221.247127 	 50702.070715 	 2877309299.727811 
7320 	 -205.633805 	 205.633805 	 46273.893653 	 2806949721.728760 
7321 	 -216.362935 	 216.362935 	 48105.887264 	 2572263200.719994 
7322 	 -74.263064 	 83.712636 	 11351.752878 	 344620847.080484 
7323 	 -3.424789 	 35.659319 	 1850.890395 	 7018805.186706 
7324 	 163.605959 	 163.605959 	 31552.116394 	 1638160580.634947 
7325 	 181.152452 	 181.152452 	 35715.578361 	 1683526123.533970 
7326 	 154.484979 	 154.484979 	 25056.908042 	 748766352.613000 
7327 	 126.952985 	 126.952985 	 17291.543108 	 367229148.396578 
7328 	 142.668471 	 142.668471 	 23262.670500 	 734767771.279522 
7329 	 107.301300 	 107.301300 	 12382.617334 	 204365707.020049 
7330 	 142.236459 	 142.236459 	 20864.950381 	 487980567.933997 
7331 	 178.170289 	 178.170289 	 34609.757213 	 1540010285.936110 
7332 	 235.270172 	 235.270172 	 56828.481671 	 3492045398.494694 
7333 	 231.132121 	 231.132121 	 54788.392994 	 3302126114.285965 
7334 	 93.863239 	 96.229339 	 13111.344012 	 422249859.274816 
7335 	 -56.868625 	 105.100921 	 14965.581368 	 456213431.521991 
7336 	 -241.139109 	 241.139109 	 60213.427792 	 4080554184.070177 
7337 	 -194.924148 	 194.924148 	 45285.381789 	 3108123823.203536 
7338 	 -153.450765 	 153.450765 	 25459.846704 	 833788129.153471 
7339 	 -198.928412 	 198.928412 	 41022.467369 	 1892020473.706028 
7340 	 -217.595638 	 217.595638 	 48209.971424 	 2487241996.131427 
7341 	 -170.258196 	 170.258196 	 30143.615185 	 1039968228.323613 
7342 	 -161.054307 	 161.054307 	 28284.994469 	 1056789023.857267 
7343 	 -190.527721 	 190.527721 	 37660.771537 	 1601710392.241741 
7344 	 -19.674659 	 80.278252 	 8560.665973 	 189951954.084718 
7345 	 193.723602 	 193.723602 	 38909.637650 	 1716150242.411909 
7346 	 122.498581 	 142.536284 	 25909.604061 	 1050304172.816019 
7347 	 -197.888651 	 197.888651 	 44448.155714 	 2566656711.296167 
7348 	 -224.727564 	 224.727564 	 51062.827350 	 2716799439.520514 
7349 	 -177.948223 	 177.948223 	 32663.788807 	 1188602869.223209 
7350 	 -176.573698 	 176.573698 	 33724.526791 	 1408897441.380765 
7351 	 -160.067259 	 160.067259 	 29865.306759 	 1487281576.055225 
7352 	 -224.461906 	 224.461906 	 51754.394429 	 2946230809.806380 
7353 	 -207.569119 	 207.569119 	 44318.693189 	 2164478126.632201 
7354 	 -201.327821 	 201.327821 	 41563.534114 	 1898039656.897634 
7355 	 -182.287514 	 182.287514 	 34852.932053 	 1417481339.708898 
7356 	 -52.197109 	 55.779931 	 4937.327578 	 62475473.171287 
7357 	 -66.669286 	 67.945639 	 8444.953518 	 267369981.686989 
7358 	 -256.422787 	 256.422787 	 66767.283285 	 4712792619.134194 
7359 	 -175.590389 	 175.590389 	 32851.538644 	 1318158353.597265 
7360 	 -5.297584 	 81.425549 	 8744.495452 	 157225589.298215 
7361 	 225.190102 	 225.190102 	 51789.610545 	 2892254044.638324 
7362 	 235.146495 	 235.146495 	 55983.687666 	 3286983866.018955 
7363 	 193.795608 	 193.795608 	 39360.360607 	 1785568816.348118 
7364 	 194.937935 	 194.937935 	 40179.088898 	 1921302581.057657 
7365 	 162.749316 	 162.749316 	 27954.658066 	 927437391.799342 
7366 	 -18.777086 	 53.759336 	 4504.156795 	 62153733.994749 
7367 	 -235.625660 	 235.625660 	 56822.639912 	 3492515099.334014 
7368 	 74.142748 	 137.592315 	 24940.137370 	 1034129766.533132 
7369 	 179.747015 	 179.747015 	 33927.955828 	 1375142242.553249 
7370 	 211.082888 	 211.082888 	 46270.031721 	 2410022700.910951 
7371 	 230.254357 	 230.254357 	 55319.744869 	 3546694787.831563 
7372 	 149.484112 	 149.484112 	 28316.212253 	 1410242037.431927 
7373 	 92.552015 	 97.614116 	 13754.244838 	 330324889.804265 
7374 	 75.506889 	 76.210051 	 8960.003103 	 182603378.033145 
7375 	 241.447915 	 241.447915 	 59477.199416 	 3802459059.952092 
7376 	 194.128341 	 194.128341 	 41024.225270 	 2111042797.291265 
7377 	 206.693653 	 206.693653 	 45066.605617 	 2330025255.987547 
7378 	 196.682517 	 196.682517 	 41327.875872 	 2119912301.307104 
7379 	 204.817749 	 204.817749 	 44737.297613 	 2490758015.232705 
7380 	 213.223358 	 213.223358 	 47194.287802 	 2500112233.178511 
7381 	 247.946734 	 247.946734 	 62334.442715 	 4079664855.192909 
7382 	 193.831917 	 193.831917 	 41077.668146 	 2188577832.070312 
7383 	 122.885229 	 123.039275 	 17180.863651 	 396327274.746679 
7384 	 -61.254038 	 73.378842 	 9755.535985 	 241370493.631812 
7385 	 -251.500952 	 251.500952 	 65297.524491 	 4743709416.223677 
7386 	 -195.009617 	 195.009617 	 42169.530991 	 2300819719.018322 
7387 	 -211.374550 	 211.374550 	 47496.036492 	 2677624144.077677 
7388 	 -196.024349 	 196.024349 	 39625.685156 	 1780615154.930619 
7389 	 -220.716108 	 220.716108 	 50409.454039 	 2888335139.384959 
7390 	 -220.094187 	 220.094187 	 53470.212877 	 3589337097.178139 
7391 	 -238.626994 	 238.626994 	 57557.538330 	 3452422159.641316 
7392 	 -251.010379 	 251.010379 	 65462.208690 	 4926207783.342315 
7393 	 -181.335366 	 181.335366 	 36379.171611 	 1737323769.613035 
7394 	 -222.649333 	 222.649333 	 52701.819454 	 3362083722.806376 
7395 	 -57.374179 	 97.644493 	 11806.999271 	 219739048.869377 
7396 	 168.253488 	 168.253488 	 30147.755720 	 1167027260.531318 
7397 	 192.659795 	 192.659795 	 41582.182100 	 2545761756.555189 
7398 	 96.360103 	 96.474574 	 11475.115894 	 210570537.347928 
7399 	 167.586573 	 167.586573 	 29963.638094 	 1136849058.696395 
7400 	 151.859075 	 151.859075 	 23972.875842 	 662033301.479812 
7401 	 64.438188 	 109.644641 	 16578.282441 	 526002838.895388 
7402 	 60.518294 	 64.750788 	 8175.493661 	 213333203.292930 
7403 	 235.813609 	 235.813609 	 57013.762765 	 3561090441.923936 
7404 	 207.705916 	 207.705916 	 44147.545119 	 2110297957.373348 
7405 	 220.181690 	 220.181690 	 50200.678936 	 2854845387.287129 
7406 	 195.688339 	 195.688339 	 42237.543362 	 2330913278.850093 
7407 	 178.056784 	 178.056784 	 33191.695066 	 1283228442.995995 
7408 	 206.315433 	 206.315433 	 43654.254174 	 2103179319.468872 
7409 	 194.023957 	 194.023957 	 39468.743924 	 1831848642.837165 
7410 	 -61.237390 	 108.272478 	 16087.946151 	 581438926.792482 
7411 	 -188.946291 	 188.946291 	 38045.999506 	 1791801125.778851 
7412 	 -201.096428 	 201.096428 	 42804.053280 	 2195119126.029911 
7413 	 -147.644653 	 147.644653 	 24018.255631 	 795784108.617871 
7414 	 -202.294637 	 202.294637 	 41784.623711 	 1898806135.485183 
7415 	 -152.121227 	 155.303542 	 29483.108110 	 1194645185.178542 
7416 	 81.305150 	 81.305150 	 7469.033505 	 82479319.948890 
7417 	 214.080016 	 214.080016 	 49155.473658 	 2915368882.235812 
7418 	 231.093749 	 231.093749 	 54240.803622 	 3112480355.151920 
7419 	 202.484455 	 202.484455 	 43332.907828 	 2239405594.296919 
7420 	 241.625215 	 241.625215 	 59485.747875 	 3792017349.082337 
7421 	 192.845013 	 192.845013 	 39993.598202 	 2078713186.603601 
7422 	 230.146665 	 230.146665 	 54317.707554 	 3241645088.968068 
7423 	 233.771418 	 233.771418 	 55209.733580 	 3170772239.803089 
7424 	 212.637555 	 212.637555 	 46524.896010 	 2385085484.388437 
7425 	 76.045598 	 76.285814 	 7835.551616 	 117380515.450146 
7426 	 227.811361 	 227.811361 	 54477.637504 	 3440419973.656818 
7427 	 197.521118 	 197.521118 	 41269.593284 	 2070694323.273491 
7428 	 233.056675 	 233.056675 	 56052.307809 	 3506436998.915213 
7429 	 178.521012 	 178.521012 	 33191.211799 	 1297959473.806435 
7430 	 201.423228 	 201.423228 	 41890.986632 	 1957013564.856889 
7431 	 198.209085 	 198.209085 	 44738.131258 	 2785502949.134251 
7432 	 182.018725 	 182.018725 	 36364.777778 	 1724278757.267247 
7433 	 86.247504 	 86.567894 	 10018.414026 	 167948559.392994 
7434 	 131.863826 	 133.245696 	 23346.273098 	 881285699.620501 
7435 	 170.788843 	 170.788843 	 31173.797971 	 1230689054.392266 
7436 	 245.330161 	 245.330161 	 61089.536045 	 3926769753.373642 
7437 	 222.670424 	 222.670424 	 50767.081356 	 2806086275.021686 
7438 	 244.930661 	 244.930661 	 60972.816051 	 3936560845.345215 
7439 	 201.738422 	 201.738422 	 41860.602275 	 1941389645.906522 
7440 	 241.582464 	 241.582464 	 60284.840688 	 4083832487.655353 
7441 	 214.933809 	 214.933809 	 47023.871533 	 2363186172.437275 
7442 	 194.971252 	 194.971252 	 40321.815564 	 1948660674.291953 
7443 	 212.492486 	 212.492486 	 47222.521554 	 2560235187.578761 
7444 	 226.241579 	 226.241579 	 53032.081762 	 3215278576.377032 
7445 	 195.649898 	 195.649898 	 39574.190344 	 1760863213.597708 
7446 	 224.699180 	 224.699180 	 52993.393985 	 3305136650.414345 
7447 	 196.243560 	 196.243560 	 42011.796249 	 2264702665.460459 
7448 	 190.094731 	 190.094731 	 38831.128796 	 1872829434.478532 
7449 	 209.147622 	 209.147622 	 45722.752295 	 2451929304.862106 
7450 	 199.561539 	 199.561539 	 41446.601008 	 1965742749.401417 
7451 	 219.892186 	 219.892186 	 48994.753879 	 2526740359.870703 
7452 	 203.696429 	 203.696429 	 46796.709815 	 3006856010.855348 
7453 	 72.945665 	 72.945665 	 6898.921820 	 96539699.913725 
7454 	 150.417986 	 150.417986 	 25824.266688 	 1027929471.445212 
7455 	 227.845995 	 227.845995 	 53512.726894 	 3217259189.558972 
7456 	 186.974563 	 186.974563 	 38481.002050 	 1952757130.022789 
7457 	 165.115632 	 165.115632 	 29196.908282 	 1067743850.250738 
7458 	 240.010765 	 240.010765 	 58662.523943 	 3689042628.640959 
7459 	 242.661801 	 242.661801 	 59825.123878 	 3783861806.752076 
7460 	 223.514376 	 223.514376 	 51185.068383 	 2875091433.970298 
7461 	 222.548552 	 222.548552 	 51994.657745 	 3089476276.814386 
7462 	 -87.344607 	 95.926494 	 12459.679448 	 310512130.791598 
7463 	 -226.946486 	 226.946486 	 53794.180527 	 3317403116.700245 
7464 	 -253.018407 	 253.018407 	 64828.455654 	 4405520372.998769 
7465 	 -251.642718 	 251.642718 	 64155.997946 	 4324460732.469906 
7466 	 -118.624258 	 118.624258 	 17212.012949 	 468501047.856377 
7467 	 -4.422485 	 123.136142 	 17680.060019 	 462155694.203475 
7468 	 -49.466611 	 84.899185 	 11355.619340 	 319709789.931430 
7469 	 -194.673119 	 194.673119 	 39131.230119 	 1687519660.664230 
7470 	 -227.917406 	 227.917406 	 57895.962621 	 4381389548.641928 
7471 	 -80.601492 	 115.954281 	 19477.004030 	 838925192.573960 
7472 	 -125.717534 	 153.179404 	 33599.534582 	 2179900355.463050 
7473 	 -222.929586 	 222.929586 	 50519.434369 	 2726006891.770988 
7474 	 -181.414959 	 181.414959 	 34695.364247 	 1465360800.066146 
7475 	 -139.352596 	 139.633906 	 22964.260237 	 720816505.726570 
7476 	 -131.045602 	 131.483610 	 26294.819629 	 1451959032.628663 
7477 	 -216.561161 	 216.561161 	 48136.191676 	 2558401737.284695 
7478 	 -224.283756 	 224.283756 	 51694.410514 	 2954031147.076527 
7479 	 -211.239206 	 211.239206 	 46698.517880 	 2598796284.766861 
7480 	 -207.255811 	 207.255811 	 43765.976784 	 2055531473.875653 
7481 	 -169.205554 	 169.205554 	 29507.602284 	 967530618.560209 
7482 	 -207.872647 	 207.872647 	 44883.444713 	 2289468177.708949 
7483 	 -155.586421 	 155.586421 	 25722.838967 	 801689470.719797 
7484 	 -106.436370 	 106.436370 	 12722.666755 	 227419948.355060 
7485 	 -170.034444 	 170.034444 	 32245.768219 	 1407987305.080147 
7486 	 -147.175864 	 152.765598 	 34717.345187 	 2362892281.180087 
7487 	 -184.280267 	 184.280267 	 39782.769554 	 2193219278.546342 
7488 	 -187.506760 	 187.506760 	 36940.150261 	 1634827511.607119 
7489 	 -214.665601 	 214.665601 	 49522.236862 	 3114606601.263527 
7490 	 -189.621798 	 189.621798 	 37681.935034 	 1640136056.747573 
7491 	 -132.204014 	 132.256027 	 20408.107669 	 626136343.223722 
7492 	 -2.437811 	 25.400125 	 1011.109944 	 2946923.711892 
7493 	 -7.310529 	 33.515517 	 1805.757799 	 8841628.733593 
7494 	 179.879584 	 179.879584 	 37698.428550 	 2201033459.275971 
7495 	 231.051980 	 231.051980 	 54087.164270 	 3071855105.261069 
7496 	 239.956908 	 239.956908 	 59523.413566 	 3935079489.165637 
7497 	 219.826461 	 219.826461 	 49780.964313 	 2787343729.924432 
7498 	 185.826887 	 185.826887 	 35561.259417 	 1402032405.795564 
7499 	 158.989941 	 158.989941 	 26268.243677 	 795221309.173186 
7500 	 211.994129 	 211.994129 	 46608.934971 	 2461810941.824686 
7501 	 232.178784 	 232.178784 	 54440.115283 	 3078948687.522835 
7502 	 201.709000 	 201.709000 	 42545.384738 	 2104262486.054458 
7503 	 208.100517 	 208.100517 	 45267.254596 	 2353330163.810799 
7504 	 236.289453 	 236.289453 	 57829.939314 	 3771238559.336394 
7505 	 265.768611 	 265.768611 	 71310.583016 	 5287555085.013841 
7506 	 226.014345 	 226.014345 	 57810.442102 	 4559437256.480876 
7507 	 98.368150 	 99.715530 	 13662.640182 	 385579255.511294 
7508 	 178.022418 	 178.022418 	 33825.454340 	 1460035660.423162 
7509 	 212.540348 	 212.540348 	 46595.033471 	 2394366653.447999 
7510 	 153.510705 	 153.510705 	 25325.365734 	 807794018.564610 
7511 	 -183.335080 	 192.589420 	 44299.847859 	 2785229493.627837 
7512 	 -114.210134 	 114.210134 	 14993.611089 	 330648899.606799 
7513 	 -44.837964 	 50.404539 	 4054.292356 	 43680644.479271 
7514 	 -224.164109 	 224.164109 	 51876.383911 	 3046659691.960862 
7515 	 -121.076860 	 123.626361 	 24080.604189 	 1266661025.910642 
7516 	 -153.161104 	 153.161104 	 25235.345073 	 804297705.838196 
7517 	 -217.865019 	 217.865019 	 51850.766039 	 3500359610.302900 
7518 	 -134.960721 	 134.960721 	 20951.100969 	 694925961.154765 
7519 	 -221.864972 	 221.864972 	 50965.341998 	 2907874277.182739 
7520 	 -126.458175 	 126.458175 	 17300.195678 	 381368543.019074 
7521 	 -172.821860 	 172.821860 	 30827.903976 	 1072771247.704395 
7522 	 -171.408524 	 171.408524 	 33919.236650 	 1797839072.085789 
7523 	 -170.434198 	 171.648608 	 34703.743044 	 1628588310.365714 
7524 	 -103.415519 	 106.447999 	 15281.981020 	 415427436.689369 
7525 	 -164.120390 	 164.120390 	 28315.258048 	 937360648.809588 
7526 	 -226.527093 	 226.527093 	 53123.533015 	 3186639944.888861 
7527 	 -254.236517 	 254.236517 	 65845.352845 	 4652158958.252523 
7528 	 -253.741862 	 253.741862 	 66112.053369 	 4762968380.960271 
7529 	 -261.000767 	 261.000767 	 68981.720927 	 4990890476.801120 
7530 	 -246.457736 	 246.457736 	 61681.117464 	 4017256248.229847 
7531 	 -200.310475 	 200.310475 	 44476.920424 	 2548566164.656380 
7532 	 -127.270135 	 127.270135 	 17887.958764 	 426276534.919461 
7533 	 -153.068767 	 153.068767 	 25707.391975 	 919667595.460544 
7534 	 -149.559508 	 149.559508 	 24981.335045 	 885898023.824717 
7535 	 -150.770294 	 150.770294 	 26578.413189 	 1076419784.421195 
7536 	 -227.158351 	 227.158351 	 53052.173448 	 3073277212.617349 
7537 	 -156.149702 	 156.149702 	 26114.764642 	 876063535.428035 
7538 	 -211.276851 	 211.276851 	 46453.234975 	 2483148892.541406 
7539 	 -233.600006 	 233.600006 	 56145.316442 	 3492583233.175003 
7540 	 -218.048359 	 218.048359 	 48889.962308 	 2639222025.075549 
7541 	 -15.283214 	 123.577629 	 20041.704365 	 664783115.792471 
7542 	 159.890746 	 159.890746 	 32044.178816 	 1627844546.144982 
7543 	 -88.665995 	 106.338197 	 14852.928929 	 365560256.632007 
7544 	 -127.671257 	 131.542153 	 22197.899434 	 768551382.852293 
7545 	 -91.863122 	 92.484278 	 9657.088312 	 132415385.540986 
7546 	 -193.659430 	 193.659430 	 38624.004101 	 1680427153.309881 
7547 	 -105.503000 	 107.145234 	 17700.180975 	 731115939.864401 
7548 	 -21.739297 	 35.857890 	 1867.596897 	 8160068.969993 
7549 	 -40.138424 	 63.757569 	 6579.028292 	 117092730.411205 
7550 	 -186.221652 	 186.221652 	 35936.467962 	 1473181643.239995 
7551 	 -163.382655 	 163.553025 	 29485.775066 	 1113275647.297896 
7552 	 96.008709 	 98.819802 	 13873.064176 	 388416016.851661 
7553 	 45.869473 	 80.826712 	 10330.408991 	 298401942.487262 
7554 	 129.955401 	 129.955401 	 20583.165094 	 660074627.089156 
7555 	 -64.442894 	 70.032859 	 6584.141716 	 78342850.455847 
7556 	 38.992439 	 95.004173 	 13272.622051 	 408789593.710783 
7557 	 179.905322 	 179.905322 	 34964.852106 	 1580112128.543519 
7558 	 213.786518 	 213.786518 	 48374.042181 	 2784159607.150701 
7559 	 222.699427 	 222.699427 	 51826.854075 	 3124656162.412656 
7560 	 239.623494 	 239.623494 	 58987.436927 	 3819258736.246580 
7561 	 228.859811 	 228.859811 	 53376.411931 	 3058888358.676089 
7562 	 152.857047 	 152.857047 	 25496.910665 	 875409511.901940 
7563 	 226.632405 	 226.632405 	 52987.899182 	 3140882063.496551 
7564 	 206.961283 	 206.961283 	 44923.637070 	 2409144349.119936 
7565 	 188.136900 	 188.136900 	 37321.824280 	 1654716803.377225 
7566 	 109.560395 	 109.560395 	 16604.135428 	 757645244.153900 
7567 	 196.604817 	 196.604817 	 40419.439231 	 1920782055.565372 
7568 	 166.519595 	 166.519595 	 29790.046227 	 1153905519.447721 
7569 	 72.905759 	 88.274221 	 11360.523361 	 255816242.596524 
7570 	 -42.798187 	 50.991331 	 3571.274017 	 26346208.065041 
7571 	 164.955914 	 171.041207 	 38592.180056 	 2550369164.991557 
7572 	 199.276706 	 199.276706 	 44735.699371 	 2813800533.426356 
7573 	 158.330591 	 158.330591 	 27690.841820 	 982747346.513762 
7574 	 -4.449046 	 40.964597 	 2719.863788 	 23636193.783577 
7575 	 49.592417 	 52.408343 	 4129.288888 	 53799431.451885 
7576 	 143.293725 	 143.692227 	 27365.739164 	 1260247099.149477 
7577 	 156.510855 	 158.782757 	 32617.877479 	 1652432291.626787 
7578 	 -80.111833 	 80.177860 	 8289.315638 	 132318456.567616 
7579 	 34.152599 	 56.159710 	 4963.160097 	 72945469.589569 
7580 	 -168.121011 	 168.121011 	 30176.773669 	 1116399726.808708 
7581 	 -224.149957 	 224.149957 	 53135.006961 	 3381251878.752572 
7582 	 -212.270588 	 212.270588 	 46803.452263 	 2501849067.912278 
7583 	 -182.635812 	 182.635812 	 39947.056413 	 2356658468.017326 
7584 	 -159.333914 	 159.333914 	 29609.769085 	 1316571604.756478 
7585 	 -207.262279 	 207.262279 	 44142.425806 	 2149662792.077064 
7586 	 -62.529480 	 77.840798 	 8191.275360 	 138954239.501398 
7587 	 -190.111727 	 190.111727 	 39735.683716 	 2106011827.043334 
7588 	 -202.111622 	 202.111622 	 42356.697777 	 2037122595.801623 
7589 	 -187.163382 	 187.163382 	 36787.350364 	 1562700377.879116 
7590 	 -97.827633 	 97.827633 	 11179.086886 	 189243814.712375 
7591 	 -88.834805 	 88.834805 	 9682.507345 	 165170669.364544 
7592 	 -256.981357 	 256.981357 	 67415.780263 	 4901270445.347970 
7593 	 -248.847926 	 248.847926 	 62519.697811 	 4060250840.721191 
7594 	 -253.520258 	 253.520258 	 65284.114224 	 4515723673.382709 
7595 	 -224.547565 	 224.547565 	 51613.925250 	 2887401002.413622 
7596 	 -167.646623 	 167.646623 	 30608.843973 	 1210446837.173709 
7597 	 -211.976325 	 211.976325 	 47040.620477 	 2602736217.641113 
7598 	 -197.752417 	 198.176052 	 52033.435652 	 4919490746.147129 
7599 	 -103.624530 	 115.609989 	 17769.621178 	 580610372.223614 
7600 	 -128.072799 	 128.072799 	 19047.363663 	 612282362.896621 
7601 	 -197.233686 	 197.233686 	 42235.292931 	 2309941829.152167 
7602 	 -124.372119 	 124.372119 	 16629.472821 	 354757232.244743 
7603 	 86.470935 	 99.977341 	 13887.930720 	 367964929.909972 
7604 	 243.928963 	 243.928963 	 60211.417360 	 3797239567.163478 
7605 	 149.382287 	 149.517224 	 28117.590871 	 1221000655.201640 
7606 	 243.556406 	 243.556406 	 61278.115253 	 4217383135.363890 
7607 	 182.567851 	 182.567851 	 35233.450742 	 1477827505.407685 
7608 	 201.214960 	 201.214960 	 43263.611656 	 2323544098.802478 
7609 	 201.042138 	 201.042138 	 43647.530832 	 2389984776.274835 
7610 	 222.607415 	 222.607415 	 51354.448479 	 2971305900.492824 
7611 	 227.984292 	 227.984292 	 53791.775618 	 3264151326.881594 
7612 	 181.324998 	 181.324998 	 33727.227353 	 1249122290.166678 
7613 	 192.767955 	 192.767955 	 39024.869271 	 1822700382.369224 
7614 	 178.400553 	 178.400553 	 34816.072065 	 1641345897.142833 
7615 	 239.028251 	 239.028251 	 59667.886561 	 4132028348.532825 
7616 	 235.204941 	 235.204941 	 56337.892256 	 3381641046.511371 
7617 	 195.546059 	 195.546059 	 38974.288322 	 1639056437.257764 
7618 	 185.863883 	 185.863883 	 36802.278094 	 1698798008.485736 
7619 	 -34.361670 	 72.923282 	 6933.259615 	 86650927.618764 
7620 	 -100.673003 	 100.673003 	 11184.527046 	 169429343.915437 
7621 	 -53.454763 	 69.992744 	 7856.740843 	 154278522.687695 
7622 	 -166.280130 	 166.280130 	 30513.883043 	 1277234553.522569 
7623 	 -116.224529 	 116.224529 	 15364.043399 	 324067529.479272 
7624 	 -199.243871 	 199.541276 	 44390.163381 	 2451481781.786754 
7625 	 -42.978328 	 70.749071 	 6586.457964 	 78126518.033707 
7626 	 -8.610599 	 100.065970 	 12717.552797 	 271537838.901027 
7627 	 -92.311528 	 94.749450 	 16567.063633 	 821454873.101612 
7628 	 82.624770 	 104.261950 	 13081.532876 	 260255569.210368 
7629 	 26.702715 	 67.206182 	 5409.185784 	 44599467.653318 
7630 	 -111.016584 	 111.016584 	 15059.670264 	 378486602.709081 
7631 	 -151.301845 	 151.301845 	 24601.470373 	 744077855.145738 
7632 	 -103.862202 	 120.039040 	 21962.342459 	 950159344.347209 
7633 	 -168.702980 	 168.702980 	 30132.497486 	 1110014906.959249 
7634 	 -231.655057 	 231.655057 	 56710.809462 	 3840946529.098710 
7635 	 -224.529360 	 224.529360 	 51091.685536 	 2746088108.491961 
7636 	 -246.242904 	 246.242904 	 62021.676843 	 4196768548.438796 
7637 	 -118.519345 	 118.838813 	 15885.458557 	 362878699.878558 
7638 	 -158.014476 	 160.992114 	 30427.764593 	 1325181891.069762 
7639 	 -175.483661 	 175.483661 	 32319.450619 	 1256797429.658859 
7640 	 -251.196674 	 251.196674 	 64503.496471 	 4523698852.992838 
7641 	 -198.749373 	 198.749373 	 43007.180524 	 2415999415.513872 
7642 	 33.116724 	 125.233935 	 19480.955111 	 578921302.048604 
7643 	 229.517074 	 229.517074 	 53852.320186 	 3146981855.870455 
7644 	 215.763516 	 215.763516 	 48812.100925 	 2771215320.368084 
7645 	 30.471853 	 43.958822 	 3293.672973 	 31130291.483185 
7646 	 131.287172 	 131.287172 	 18648.394033 	 429223346.917100 
7647 	 179.511213 	 179.511213 	 36525.205554 	 1869578017.557775 
7648 	 213.340743 	 213.340743 	 48348.587151 	 2878609207.782505 
7649 	 208.070369 	 208.070369 	 45115.730745 	 2333748010.484519 
7650 	 169.926761 	 169.926761 	 30068.660386 	 1044316615.455118 
7651 	 161.193483 	 161.193483 	 29550.462107 	 1290509856.210896 
7652 	 129.225679 	 129.225679 	 19100.711912 	 600151299.463877 
7653 	 172.333333 	 172.333333 	 30836.618432 	 1081928097.724317 
7654 	 158.640992 	 158.640992 	 29124.556516 	 1319232935.898483 
7655 	 110.215432 	 110.215432 	 15671.813667 	 515700495.899348 
7656 	 190.312726 	 190.312726 	 38696.404149 	 1837651400.776029 
7657 	 9.639482 	 92.516791 	 10505.064448 	 194789390.522368 
7658 	 -133.154552 	 133.154552 	 19899.739592 	 567344527.315234 
7659 	 -147.919149 	 149.842021 	 31280.574574 	 1703138699.387767 
7660 	 -40.983258 	 78.030254 	 9250.943134 	 190525987.451159 
7661 	 87.726514 	 89.191226 	 11122.153147 	 231511874.223058 
7662 	 -97.110358 	 118.985827 	 19148.374890 	 682518312.506650 
7663 	 -141.211822 	 141.211822 	 23228.181976 	 855024032.316345 
7664 	 -213.670312 	 213.670312 	 47706.360025 	 2620935118.166764 
7665 	 -277.881869 	 277.881869 	 78263.510792 	 6427564613.401954 
7666 	 -204.921434 	 204.921434 	 47125.878049 	 2996064515.189985 
7667 	 -110.764215 	 115.934869 	 18282.364149 	 621938823.791764 
7668 	 -121.166720 	 123.919901 	 19025.007327 	 536075631.402363 
7669 	 159.545163 	 161.668340 	 34566.039092 	 1836713174.082612 
7670 	 258.643272 	 258.643272 	 67514.251718 	 4716453376.803396 
7671 	 158.240909 	 158.240909 	 27378.591138 	 1037076325.009251 
7672 	 191.153802 	 191.153802 	 37601.413241 	 1564014977.286560 
7673 	 138.718756 	 138.718756 	 22461.492043 	 904343484.644255 
7674 	 207.356031 	 207.356031 	 44390.910712 	 2217294498.740355 
7675 	 244.719446 	 244.719446 	 60759.722225 	 3901561053.923289 
7676 	 -104.430980 	 131.131939 	 26221.595505 	 1567746946.020868 
7677 	 -255.492764 	 255.492764 	 65966.302883 	 4527832863.010502 
7678 	 -213.518426 	 213.518426 	 47317.864823 	 2552436860.004525 
7679 	 -192.352941 	 192.352941 	 40663.125024 	 2125096557.258493 
7680 	 -243.295626 	 243.295626 	 60764.109688 	 4059459435.982211 
7681 	 -236.246323 	 236.246323 	 56742.225355 	 3425115869.015543 
7682 	 -147.637417 	 147.637417 	 25075.920619 	 924446062.658294 
7683 	 -113.547539 	 117.391195 	 16878.557555 	 453209322.717732 
7684 	 44.133446 	 56.417682 	 4609.854746 	 51689638.943566 
7685 	 127.755595 	 127.755595 	 17530.770323 	 379460259.355626 
7686 	 113.616340 	 113.616340 	 14183.372518 	 276981044.318847 
7687 	 194.922159 	 194.922159 	 41127.448634 	 2101781315.175102 
7688 	 121.143719 	 121.143719 	 17340.295067 	 496863219.635895 
7689 	 231.943730 	 231.943730 	 55196.697628 	 3314380046.587434 
7690 	 -114.854568 	 139.946513 	 23933.212910 	 1012795722.252703 
7691 	 -190.159149 	 190.159149 	 40803.392583 	 2164265199.056964 
7692 	 5.004476 	 35.480591 	 2028.874031 	 11366025.295543 
7693 	 213.604587 	 213.604587 	 53329.396307 	 3946680373.292554 
7694 	 223.679505 	 223.679505 	 51652.280981 	 2991140531.724067 
7695 	 162.135510 	 162.135510 	 29768.976336 	 1298363765.699609 
7696 	 146.873989 	 146.873989 	 22758.254798 	 620026796.185290 
7697 	 72.427794 	 75.585415 	 8409.995407 	 177327842.636298 
7698 	 88.072087 	 88.101661 	 10116.597724 	 202054902.204884 
7699 	 94.480816 	 94.480816 	 11360.399039 	 268040181.078746 
7700 	 118.876816 	 119.184814 	 18693.647539 	 606187251.456616 
7701 	 198.471548 	 198.471548 	 43607.946634 	 2461447101.092357 
7702 	 186.243351 	 186.243351 	 38622.479861 	 2081435034.711924 
7703 	 144.142315 	 144.142315 	 22434.070044 	 623158396.994503 
7704 	 171.723521 	 171.723521 	 31046.831352 	 1151014903.630053 
7705 	 -73.016542 	 129.034268 	 22273.147533 	 851432371.339674 
7706 	 -169.558046 	 169.657924 	 37140.559286 	 2126557995.173778 
7707 	 67.527575 	 84.520333 	 10250.379701 	 221847057.388448 
7708 	 51.546359 	 62.280895 	 5482.566249 	 91270771.921174 
7709 	 147.746438 	 147.746438 	 24552.646965 	 791564539.540908 
7710 	 121.222133 	 122.233879 	 19259.440556 	 692429811.139801 
7711 	 104.953246 	 105.430317 	 12702.487873 	 245273111.086704 
7712 	 -183.079567 	 183.079567 	 36461.913238 	 1682937243.672445 
7713 	 26.648721 	 107.034679 	 15634.897519 	 480875053.610170 
7714 	 236.796394 	 236.796394 	 57847.630082 	 3678507034.449284 
7715 	 115.075013 	 115.075013 	 14808.844782 	 313503168.926713 
7716 	 249.049239 	 249.049239 	 63048.646683 	 4220837846.766135 
7717 	 220.537765 	 220.537765 	 52519.047077 	 3488209853.892491 
7718 	 180.657088 	 180.657088 	 34961.542737 	 1595652282.848991 
7719 	 213.145977 	 213.145977 	 46276.044079 	 2286620895.503937 
7720 	 178.627396 	 178.627396 	 35298.032689 	 1654203115.596074 
7721 	 198.755133 	 198.755133 	 40845.175705 	 1885190023.817703 
7722 	 47.230398 	 124.807824 	 18653.154635 	 512216480.253156 
7723 	 -98.446280 	 102.754167 	 17860.895827 	 843634210.315303 
7724 	 -248.400629 	 248.400629 	 62868.093258 	 4229657992.582527 
7725 	 -156.296022 	 156.296022 	 27138.985378 	 1024828870.408240 
7726 	 77.681249 	 97.431528 	 13094.895369 	 343775082.367934 
7727 	 -81.442962 	 96.367067 	 12744.896650 	 308888430.131381 
7728 	 -199.132666 	 199.132666 	 41353.080968 	 1952723613.641670 
7729 	 -234.741600 	 234.741600 	 56699.982165 	 3565349428.121457 
7730 	 -233.448749 	 233.448749 	 56138.228579 	 3515246006.556677 
7731 	 -141.834131 	 141.834131 	 22922.821983 	 784286917.945245 
7732 	 -120.382421 	 120.411571 	 17524.681183 	 539405356.434607 
7733 	 -216.971187 	 216.971187 	 48718.216895 	 2655481293.448698 
7734 	 -230.951816 	 230.951816 	 55096.743432 	 3409667589.984938 
7735 	 -228.023913 	 228.023913 	 54665.927311 	 3448920505.906741 
7736 	 -145.241701 	 145.241701 	 22904.512962 	 664566898.263551 
7737 	 -155.809288 	 155.809288 	 26417.819705 	 876170302.882424 
7738 	 -173.505831 	 173.505831 	 35009.071510 	 1839069113.025509 
7739 	 -189.852510 	 189.852510 	 37567.224995 	 1608637251.895253 
7740 	 -224.685200 	 224.685200 	 51279.676662 	 2790545535.248735 
7741 	 -11.884627 	 58.773312 	 5577.492508 	 98522461.102778 
7742 	 -94.117862 	 94.117862 	 10582.775922 	 179858292.651380 
7743 	 -185.115700 	 185.115700 	 36803.671566 	 1714191851.860121 
7744 	 -211.678551 	 211.678551 	 47366.073346 	 2740590744.532597 
7745 	 -107.760003 	 130.788450 	 21708.034015 	 729192732.994914 
7746 	 134.033583 	 134.033583 	 20662.552345 	 607400817.656731 
7747 	 220.126756 	 220.126756 	 49907.714114 	 2772284250.590170 
7748 	 212.602537 	 212.602537 	 45953.499668 	 2256180547.298356 
7749 	 244.357600 	 244.357600 	 63393.144434 	 4817943293.760426 
7750 	 154.166292 	 154.551693 	 26026.383814 	 855365714.127571 
7751 	 -21.130246 	 61.625343 	 4897.662269 	 42132650.348848 
7752 	 178.976489 	 178.976489 	 33748.044000 	 1330194948.091085 
7753 	 211.958216 	 211.958216 	 47274.165653 	 2668647211.865824 
7754 	 187.648406 	 187.648406 	 37000.701363 	 1591426815.670102 
7755 	 217.960572 	 217.960572 	 49901.819815 	 2953664560.313822 
7756 	 250.143024 	 250.143024 	 64276.801324 	 4517184338.460549 
7757 	 214.482556 	 214.482556 	 49732.799192 	 3213356827.382325 
7758 	 118.216281 	 118.216281 	 14854.114924 	 263714592.240338 
7759 	 22.242735 	 75.316487 	 7358.665834 	 102117108.822691 
7760 	 -194.616007 	 194.616007 	 41989.605316 	 2213988261.379152 
7761 	 -202.231088 	 202.231088 	 41956.072390 	 1934765708.651608 
7762 	 -237.513888 	 237.513888 	 57383.214827 	 3495618618.005453 
7763 	 -215.694862 	 215.694862 	 47936.299871 	 2569186803.119646 
7764 	 -235.772525 	 235.772525 	 56957.100235 	 3549597187.779504 
7765 	 -243.503038 	 243.503038 	 60208.546727 	 3842976225.866468 
7766 	 -223.125282 	 223.125282 	 50531.406696 	 2703616246.997865 
7767 	 -170.842639 	 170.842639 	 31594.738170 	 1293229771.401184 
7768 	 -231.689985 	 231.689985 	 54787.815432 	 3225017458.577114 
7769 	 -153.968779 	 153.968779 	 31510.468714 	 1935566640.632114 
7770 	 -66.549353 	 72.763533 	 7379.677864 	 122572054.169740 
7771 	 -158.026080 	 158.026080 	 26192.200101 	 821144041.648229 
7772 	 -178.314896 	 178.314896 	 34317.775574 	 1492084216.322776 
7773 	 -234.778600 	 234.778600 	 56886.943888 	 3580515213.664025 
7774 	 -168.470280 	 168.470280 	 34303.351509 	 1995197511.011539 
7775 	 46.901285 	 96.696230 	 11142.249397 	 172230851.364887 
7776 	 153.960968 	 153.960968 	 24733.188720 	 716893299.869460 
7777 	 235.251022 	 235.251022 	 57013.958516 	 3639002299.807192 
7778 	 179.852418 	 179.852418 	 33760.799206 	 1326312497.471071 
7779 	 217.156701 	 217.156701 	 48745.768587 	 2653309201.170024 
7780 	 197.570437 	 197.570437 	 40345.241749 	 1840910829.475153 
7781 	 186.324289 	 186.324289 	 37115.911856 	 1718000863.855208 
7782 	 220.859756 	 220.859756 	 49705.568027 	 2643882522.782902 
7783 	 171.287134 	 171.287134 	 30715.511516 	 1127777413.734802 
7784 	 156.266050 	 156.266050 	 25396.187078 	 741525275.235533 
7785 	 -51.636812 	 88.031548 	 9754.255605 	 165859213.603422 
7786 	 -89.944356 	 90.518906 	 9855.851112 	 143873563.080036 
7787 	 -98.473492 	 98.473492 	 10911.013503 	 159863799.005249 
7788 	 -150.342002 	 150.342002 	 24695.422851 	 810135103.124451 
7789 	 -149.292726 	 149.292726 	 26322.848273 	 1138227131.035594 
7790 	 -209.730633 	 209.730633 	 47309.877594 	 2863098384.111101 
7791 	 -108.787160 	 108.787160 	 13240.285931 	 250132287.954214 
7792 	 -170.009617 	 170.009617 	 30888.415574 	 1189614560.989126 
7793 	 -156.014457 	 156.014457 	 24737.030619 	 649641538.210426 
7794 	 -228.387886 	 228.387886 	 53979.355594 	 3287775145.973403 
7795 	 -239.324223 	 239.324223 	 58119.335585 	 3567483776.437605 
7796 	 -242.335222 	 242.335222 	 60438.625677 	 4094486040.348110 
7797 	 -152.088179 	 153.636611 	 30172.116470 	 1531264710.200011 
7798 	 49.581302 	 80.353222 	 7950.971035 	 104604391.845677 
7799 	 227.235826 	 227.235826 	 52763.760476 	 2993705460.279695 
7800 	 176.930908 	 176.930908 	 33789.233719 	 1524550619.039175 
7801 	 215.835997 	 215.835997 	 47677.339958 	 2467859903.451753 
7802 	 190.122068 	 190.122068 	 39010.494758 	 1954712451.110867 
7803 	 205.813812 	 205.813812 	 46583.844708 	 2824786031.637931 
7804 	 218.283064 	 218.283064 	 50974.057806 	 3170703293.870033 
7805 	 217.448654 	 217.448654 	 49418.580182 	 2833682722.243591 
7806 	 -49.970290 	 178.502978 	 37539.882197 	 2015908187.278133 
7807 	 -250.382379 	 250.382379 	 63376.628933 	 4189513669.020545 
7808 	 -195.600418 	 195.600418 	 39184.027338 	 1668645988.495675 
7809 	 -89.971994 	 109.636855 	 18042.673197 	 657084020.113747 
7810 	 116.061137 	 116.061137 	 16031.901326 	 410729738.493823 
7811 	 153.749920 	 153.749920 	 25805.198362 	 888925080.891444 
7812 	 218.959009 	 218.959009 	 49517.509176 	 2757015608.864676 
7813 	 189.040605 	 189.040605 	 37321.551020 	 1616591174.204246 
7814 	 234.058058 	 234.058058 	 55904.676820 	 3365446318.068561 
7815 	 233.525798 	 233.525798 	 55528.459717 	 3302241039.835928 
7816 	 240.850728 	 240.850728 	 59820.706462 	 3962193201.665539 
7817 	 205.474600 	 205.474600 	 44266.213929 	 2314712804.260420 
7818 	 218.481968 	 218.481968 	 49095.950208 	 2664675169.550318 
7819 	 191.839036 	 191.839036 	 39231.237072 	 1906448850.993626 
7820 	 177.779948 	 177.779948 	 32983.526009 	 1295620966.282535 
7821 	 101.216257 	 116.701010 	 19293.252409 	 706406684.473525 
7822 	 -185.601077 	 185.601077 	 38576.902333 	 1984763881.645435 
7823 	 -254.777323 	 254.777323 	 66094.341473 	 4671530427.131061 
7824 	 -173.647806 	 173.647806 	 34658.787668 	 1613653078.229472 
7825 	 -40.676109 	 46.662217 	 3536.323343 	 31145753.039067 
7826 	 -128.904201 	 129.819510 	 20864.206463 	 701387446.869581 
7827 	 -158.256308 	 158.256308 	 30304.682952 	 1447265486.978258 
7828 	 48.224033 	 91.146916 	 12443.523717 	 344568887.112339 
7829 	 190.063504 	 190.063504 	 37569.685030 	 1608943672.673530 
7830 	 205.042118 	 205.042118 	 44691.549046 	 2450001475.738824 
7831 	 150.302773 	 150.326641 	 30017.315035 	 1535106263.114790 
7832 	 135.448936 	 139.903540 	 27630.378763 	 1376591170.928185 
7833 	 232.477024 	 232.477024 	 55470.313453 	 3372212088.580122 
7834 	 216.584030 	 216.584030 	 47937.496374 	 2477613790.917100 
7835 	 157.155391 	 157.155391 	 26608.154070 	 913995624.668719 
7836 	 177.132114 	 177.132114 	 34049.274992 	 1467414696.269559 
7837 	 192.956421 	 192.956421 	 40948.895079 	 2260936508.463494 
7838 	 222.687071 	 222.687071 	 51322.307615 	 2916002271.059178 
7839 	 160.344597 	 160.344597 	 31078.036740 	 1458019666.894487 
7840 	 243.010982 	 243.010982 	 59912.550895 	 3794690934.797637 
7841 	 208.168245 	 208.168245 	 44721.465562 	 2244604533.493569 
7842 	 202.135177 	 202.135177 	 44537.030287 	 2493478519.823485 
7843 	 215.563158 	 215.563158 	 49100.941755 	 2904080293.348482 
7844 	 237.156446 	 237.156446 	 57497.234100 	 3571670896.618768 
7845 	 222.888457 	 222.888457 	 51336.072392 	 2951342863.556355 
7846 	 226.043797 	 226.043797 	 52088.524138 	 2907365501.058248 
7847 	 207.597112 	 207.597112 	 44386.716891 	 2186927600.968233 
7848 	 220.663345 	 220.663345 	 49416.269689 	 2571912002.759613 
7849 	 255.922706 	 255.922706 	 67960.908816 	 5082585987.343922 
7850 	 162.892444 	 163.842360 	 31942.509615 	 1498632227.311197 
7851 	 248.438765 	 248.438765 	 62703.050056 	 4182721120.428796 
7852 	 149.009933 	 150.100499 	 28373.123774 	 1280554964.541939 
7853 	 87.283178 	 87.468800 	 10937.258749 	 274833073.096557 
7854 	 8.483115 	 28.618808 	 1349.048965 	 5575627.797574 
7855 	 -104.119370 	 105.166612 	 16775.644651 	 637904868.852104 
7856 	 -228.527463 	 228.527463 	 54623.827191 	 3400858235.957019 
7857 	 -208.475567 	 208.475567 	 44990.568182 	 2258473681.846412 
7858 	 -253.412795 	 253.412795 	 65034.568796 	 4430668611.170139 
7859 	 -247.246245 	 247.246245 	 63063.252371 	 4386458648.615021 
7860 	 -193.474901 	 193.474901 	 40317.550393 	 2069696268.288696 
7861 	 -68.680525 	 84.290063 	 10534.213270 	 260056628.303635 
7862 	 -134.430888 	 134.430888 	 19134.042901 	 460821895.407497 
7863 	 -207.772771 	 207.772771 	 49883.491336 	 3346384997.768659 
7864 	 -59.658187 	 120.236743 	 18174.479878 	 540995968.385436 
7865 	 57.258035 	 78.093692 	 7598.663769 	 94317577.757407 
7866 	 198.822075 	 198.822075 	 40657.176010 	 1835818942.620160 
7867 	 225.062406 	 225.062406 	 51947.620758 	 2968172998.776721 
7868 	 146.854960 	 147.327660 	 30442.260003 	 1570287637.424037 
7869 	 -73.177677 	 73.607556 	 6943.513145 	 81650703.641670 
7870 	 -67.454433 	 70.638746 	 7248.307342 	 106203262.385790 
7871 	 -165.096334 	 165.096334 	 30070.822418 	 1180847552.247079 
7872 	 -139.075669 	 139.075669 	 21778.470052 	 665837866.882393 
7873 	 -235.929639 	 235.929639 	 57098.509177 	 3521526107.232247 
7874 	 -172.139751 	 172.139751 	 32700.863349 	 1404090875.083272 
7875 	 -146.887550 	 146.887550 	 23369.164527 	 677851725.836257 
7876 	 92.157587 	 100.483525 	 12820.609767 	 287861333.485481 
7877 	 79.829311 	 80.098169 	 8118.203623 	 110529824.837897 
7878 	 134.545522 	 134.545522 	 24339.878293 	 1108855707.083663 
7879 	 78.846308 	 93.505737 	 12295.096199 	 326866415.098009 
7880 	 -129.606028 	 129.606028 	 23202.785621 	 1102574794.645952 
7881 	 -247.456576 	 247.456576 	 62340.318929 	 4157263031.111736 
7882 	 -181.161452 	 181.161452 	 33783.858241 	 1263169290.551389 
7883 	 133.318065 	 150.481793 	 29256.149900 	 1340855419.273760 
7884 	 129.810950 	 129.810950 	 19249.329776 	 563656710.514915 
7885 	 224.675377 	 224.675377 	 51198.896334 	 2769316692.442719 
7886 	 242.593601 	 242.593601 	 61090.449208 	 4216600599.001650 
7887 	 235.012631 	 235.012631 	 56310.737022 	 3409446373.493085 
7888 	 249.021539 	 249.021539 	 63697.153482 	 4441702293.039456 
7889 	 140.795071 	 140.795071 	 22039.013596 	 652779836.624478 
7890 	 246.961620 	 246.961620 	 62334.349635 	 4203801641.077450 
7891 	 219.404103 	 219.404103 	 49108.449268 	 2600229147.195225 
7892 	 190.534501 	 190.534501 	 37914.434884 	 1665427237.701445 
7893 	 112.959098 	 112.959098 	 14160.720012 	 258300591.760781 
7894 	 180.629321 	 180.629321 	 33306.080325 	 1198507011.858619 
7895 	 224.160345 	 224.160345 	 51616.054559 	 2959963508.352723 
7896 	 236.641470 	 236.641470 	 56856.024822 	 3422434367.585826 
7897 	 201.257396 	 201.257396 	 41925.894591 	 1968293410.924553 
7898 	 225.813776 	 225.813776 	 52090.551134 	 2938232896.819403 
7899 	 224.836070 	 224.836070 	 55616.788449 	 3902900989.302154 
7900 	 164.935605 	 164.935605 	 31105.903330 	 1414264102.314740 
7901 	 233.084945 	 233.084945 	 56805.882480 	 3800709551.510187 
7902 	 174.394549 	 174.394549 	 34046.295310 	 1696649764.649616 
7903 	 155.154345 	 155.154345 	 27833.709520 	 1145485441.363699 
7904 	 -18.024315 	 80.327366 	 8985.103558 	 181024280.635008 
7905 	 -75.859236 	 76.331599 	 8828.531615 	 189509090.416904 
7906 	 -163.949485 	 163.949485 	 31160.914705 	 1452046120.733943 
7907 	 -246.973353 	 246.973353 	 61816.530034 	 4029817315.601422 
7908 	 -220.027981 	 220.027981 	 49302.012662 	 2603198952.822036 
7909 	 -230.223953 	 230.223953 	 55414.052862 	 3581556259.058355 
7910 	 -223.114122 	 223.114122 	 50950.623148 	 2842575794.803729 
7911 	 1.217372 	 143.632944 	 24864.455628 	 931037504.696081 
7912 	 132.020568 	 132.020568 	 18901.251520 	 450834265.038808 
7913 	 128.672635 	 128.672635 	 18344.361746 	 456683018.162179 
7914 	 -75.981364 	 119.465256 	 18610.197371 	 573988774.043543 
7915 	 -182.186420 	 182.186420 	 35325.644657 	 1548324280.330686 
7916 	 -132.736301 	 136.942762 	 22472.281507 	 765428260.645306 
7917 	 -14.235199 	 27.805041 	 1121.199753 	 3116543.750813 
7918 	 2.401114 	 48.845385 	 3243.733538 	 20405061.551245 
7919 	 -58.848043 	 82.413358 	 11394.464981 	 432638642.430965 
7920 	 -188.588698 	 188.588698 	 36803.199739 	 1534043330.929564 
7921 	 -217.341997 	 217.341997 	 49685.539541 	 2973037487.692550 
7922 	 124.155640 	 147.875544 	 27086.590405 	 1142146278.969632 
7923 	 212.741990 	 212.741990 	 47867.173985 	 2749554225.209970 
7924 	 187.678287 	 187.678287 	 40739.678281 	 2454037750.027595 
7925 	 241.129911 	 241.129911 	 59823.227295 	 3958411908.665411 
7926 	 228.472257 	 228.472257 	 53415.638448 	 3112613485.766301 
7927 	 231.114454 	 231.114454 	 54654.382241 	 3242854737.016780 
7928 	 218.340833 	 218.340833 	 48697.370294 	 2577014683.672393 
7929 	 255.905064 	 255.905064 	 68071.481116 	 5242826619.432431 
7930 	 176.439650 	 176.439650 	 31918.217497 	 1120084614.147278 
7931 	 196.858898 	 196.858898 	 40255.555054 	 1868723247.523444 
7932 	 239.268018 	 239.268018 	 58313.405549 	 3647673462.898184 
7933 	 242.152062 	 242.152062 	 59771.442212 	 3826900635.948223 
7934 	 220.115017 	 220.115017 	 50595.913817 	 2945732925.850038 
7935 	 194.412506 	 194.412506 	 41857.636747 	 2420752942.993031 
7936 	 222.955080 	 222.955080 	 50309.036546 	 2651360471.941396 
7937 	 206.514586 	 206.514586 	 43895.618390 	 2156746920.653182 
7938 	 230.053561 	 230.053561 	 54168.061931 	 3184090047.513525 
7939 	 187.002739 	 187.002739 	 36573.523922 	 1561406987.615433 
7940 	 158.638578 	 158.638578 	 26463.840140 	 831309441.978196 
7941 	 233.200034 	 233.200034 	 55785.452912 	 3407618338.713130 
7942 	 221.082229 	 221.082229 	 49706.201784 	 2629819646.229813 
7943 	 177.935742 	 177.935742 	 32775.619946 	 1205653833.995553 
7944 	 199.097458 	 199.097458 	 42057.066857 	 2195156384.095164 
7945 	 212.775280 	 212.775280 	 46984.360807 	 2553009346.630450 
7946 	 221.957225 	 221.957225 	 52120.822540 	 3265253146.705142 
7947 	 192.004065 	 192.004065 	 38576.167031 	 1755664048.392467 
7948 	 162.123697 	 162.123697 	 27746.410303 	 927320177.361099 
7949 	 19.432083 	 59.548335 	 5701.919376 	 90392164.127727 
7950 	 86.749158 	 89.261756 	 11187.445859 	 238449646.241912 
7951 	 250.567478 	 250.567478 	 63531.436138 	 4217177946.928829 
7952 	 260.309876 	 260.309876 	 68855.390225 	 5009239490.441075 
7953 	 188.073265 	 188.073265 	 38458.752156 	 1966789207.950075 
7954 	 53.923201 	 75.524547 	 8243.202615 	 139603867.843297 
7955 	 222.110579 	 222.110579 	 50583.595392 	 2792148372.667690 
7956 	 160.591556 	 160.591556 	 29507.285705 	 1214392319.343348 
7957 	 172.626653 	 172.665441 	 35705.408025 	 1808396718.065403 
7958 	 149.845752 	 149.845752 	 23698.471708 	 665808713.581103 
7959 	 172.094412 	 172.094412 	 30260.610121 	 998577981.598000 
7960 	 184.752030 	 184.752030 	 37542.828791 	 2045889212.307142 
7961 	 195.288554 	 195.288554 	 40048.562072 	 1935524268.989966 
7962 	 127.766161 	 127.766161 	 17984.412786 	 430399502.290864 
7963 	 257.707951 	 257.707951 	 68022.693526 	 5033749487.494173 
7964 	 246.553006 	 246.553006 	 61711.903159 	 4032224986.350957 
7965 	 80.844526 	 156.905945 	 28817.351237 	 1174807262.622320 
7966 	 -144.107358 	 145.012567 	 29201.277959 	 1608509199.385220 
7967 	 -181.232360 	 181.232360 	 35678.819568 	 1658949787.075773 
7968 	 -114.217896 	 114.217896 	 16130.101024 	 473273929.492969 
7969 	 -73.930436 	 76.123028 	 7523.030381 	 92041903.683026 
7970 	 -220.664060 	 220.664060 	 49630.842536 	 2638766836.938071 
7971 	 -144.761347 	 144.761347 	 22427.038281 	 627344902.659845 
7972 	 -189.931390 	 189.931390 	 37856.481434 	 1689824183.211541 
7973 	 -180.115915 	 180.115915 	 35256.282328 	 1629844638.821755 
7974 	 -218.005220 	 218.005220 	 48891.016734 	 2632325349.730270 
7975 	 -182.298415 	 182.298415 	 37800.900270 	 1863922386.259856 
7976 	 -214.440338 	 214.440338 	 47239.806154 	 2467573388.220051 
7977 	 -78.387946 	 86.340333 	 11920.570684 	 382404633.308396 
7978 	 81.186647 	 100.464848 	 16743.551159 	 782012675.534929 
7979 	 182.755888 	 182.755888 	 35428.236244 	 1544242783.711107 
7980 	 239.463944 	 239.463944 	 59591.965790 	 3990058565.010817 
7981 	 261.549671 	 261.549671 	 68992.633348 	 4925406731.182323 
7982 	 156.489382 	 156.489382 	 26365.350206 	 901946927.234363 
7983 	 -20.730069 	 161.748596 	 30791.921832 	 1390791420.848306 
7984 	 -208.647113 	 208.647113 	 45437.311990 	 2392094475.851958 
7985 	 -220.238300 	 220.238300 	 50038.795096 	 2813338212.169299 
7986 	 -211.297373 	 211.297373 	 46012.068052 	 2336131384.685404 
7987 	 -185.118778 	 185.118778 	 36703.572099 	 1657656088.832941 
7988 	 -146.048169 	 146.048169 	 22495.356709 	 610178354.287490 
7989 	 -223.339417 	 223.339417 	 53506.607232 	 3547070413.941849 
7990 	 -55.307451 	 61.097467 	 4959.216346 	 46234011.631908 
7991 	 194.266683 	 194.266683 	 41179.487881 	 2139643286.771659 
7992 	 126.661592 	 142.068776 	 30347.063855 	 1761961475.800489 
7993 	 107.936460 	 134.972771 	 27484.001869 	 1693633325.201718 
7994 	 227.108635 	 227.108635 	 52641.477518 	 2992044683.636249 
7995 	 226.484233 	 226.484233 	 52754.311338 	 3059404766.674354 
7996 	 221.825457 	 221.825457 	 50482.553219 	 2807721996.802749 
7997 	 143.621176 	 165.619537 	 34495.563592 	 1796031936.185437 
7998 	 -76.016124 	 76.016124 	 7099.316260 	 92065382.139687 
7999 	 -202.845812 	 202.845812 	 43381.551433 	 2226853163.902543 
8000 	 -176.501447 	 176.501447 	 32272.262695 	 1167921712.433419 

%ACCRATE = 0.896133
