%%%%%%%%%%%%%%%%%%%%%%%%%%%%%%%%%%%%%%%%%%%%%%%%%%%%%%%%%%%%%%%%%%%%%%%%%%%
%SIMULAZIONE D = 3, L = 8, V = 512
%NUMERO DI MISURE PER OGNI naccu: T = 1000
%%%%%%%%%%%%%%%%%%%%%%%%%%%%%%%%%%%%%%%%%%%%%%%%%%%%%%%%%%%%%%%%%%%%%%%%%%%
%naccu = 8
%%%%%%%%%%%%%%%%%%%%%%%%%%%%%%%%%%%%%%%%%%%%%%%%%%%%%%%%%%%%%%%%%%%%%%%%%%%

%%%%%%%%%%%%%%%%%%%%%%%%%%%%%%%%%%%%%%%%%%%%%%%%%%%%%%%%%%%%%%%%%%%%%%%%%%%

3001 	 94.177408 	 94.177408 	 9034.659386 	 87751688.464529 
3002 	 121.961323 	 121.961323 	 15090.382968 	 239827899.140701 
3003 	 172.366103 	 172.366103 	 30230.012092 	 971153138.654448 
3004 	 186.271120 	 186.271120 	 34914.353590 	 1249214069.935975 
3005 	 156.567701 	 156.567701 	 24716.343705 	 628286055.668362 
3006 	 124.030777 	 124.030777 	 15485.905395 	 245956678.751972 
3007 	 105.787023 	 105.787023 	 11394.033019 	 140105550.709424 
3008 	 126.807170 	 126.807170 	 17082.451202 	 359986300.230084 
3009 	 146.676326 	 146.676326 	 21692.619142 	 485691861.328072 
3010 	 93.084884 	 93.084884 	 9166.724632 	 104995419.987606 
3011 	 89.273506 	 89.273506 	 8021.614539 	 66097924.954027 
3012 	 61.378358 	 61.378358 	 3969.177569 	 19001350.070681 
3013 	 22.824345 	 22.988289 	 796.410385 	 1106448.160468 
3014 	 -18.561678 	 27.547457 	 1480.531655 	 6741183.454699 
3015 	 -55.072239 	 55.072239 	 3235.840382 	 13030789.330515 
3016 	 -57.212721 	 57.212721 	 3785.829256 	 20969576.115164 
3017 	 -65.182321 	 65.182321 	 4792.942022 	 34745793.268016 
3018 	 -118.906755 	 118.906755 	 14445.689643 	 225092502.634760 
3019 	 -127.529395 	 127.529395 	 16708.837619 	 304304970.122959 
3020 	 -155.694532 	 155.694532 	 24406.093625 	 610647364.727632 
3021 	 -170.148316 	 170.148316 	 29200.511051 	 879634912.385716 
3022 	 -203.144383 	 203.144383 	 41766.781527 	 1824602413.724151 
3023 	 -220.896514 	 220.896514 	 49127.404592 	 2481527701.867115 
3024 	 -231.022191 	 231.022191 	 53587.489248 	 2916131238.239440 
3025 	 -238.448541 	 238.448541 	 56949.230115 	 3263860634.646150 
3026 	 -226.141427 	 226.141427 	 51187.486863 	 2629709874.759749 
3027 	 -256.239207 	 256.239207 	 65807.695291 	 4369722751.906688 
3028 	 -242.296858 	 242.296858 	 58994.653574 	 3554743521.731716 
3029 	 -241.542352 	 241.542352 	 58476.604024 	 3451630650.324441 
3030 	 -228.044630 	 228.044630 	 52211.686148 	 2770304666.295485 
3031 	 -217.153447 	 217.153447 	 47335.950999 	 2274511357.638555 
3032 	 -204.932030 	 204.932030 	 42292.122620 	 1837904909.605658 
3033 	 -181.628853 	 181.628853 	 33405.025368 	 1177780087.363074 
3034 	 -175.483825 	 175.483825 	 31174.257086 	 1018217777.706908 
3035 	 -170.588325 	 170.588325 	 29358.057056 	 892424761.809410 
3036 	 -202.068350 	 202.068350 	 41054.107808 	 1722843526.788862 
3037 	 -173.445992 	 173.445992 	 30290.479281 	 944764922.430245 
3038 	 -189.967750 	 189.967750 	 36250.094600 	 1338732657.544194 
3039 	 -188.997150 	 188.997150 	 35856.785528 	 1305665073.804628 
3040 	 -174.940802 	 174.940802 	 30844.429102 	 978402697.464856 
3041 	 -202.761344 	 202.761344 	 41186.957689 	 1708611375.120469 
3042 	 -217.299286 	 217.299286 	 47524.849827 	 2314943016.120717 
3043 	 -223.395465 	 223.395465 	 50705.362480 	 2738256861.683590 
3044 	 -167.446788 	 167.446788 	 28785.209911 	 923991020.056583 
3045 	 -148.047718 	 148.047718 	 22033.686384 	 495739988.099489 
3046 	 -146.336295 	 146.336295 	 21787.714152 	 507784407.392962 
3047 	 -167.793058 	 167.793058 	 28589.021353 	 871409966.925161 
3048 	 -201.460374 	 201.460374 	 40893.415078 	 1721786989.478069 
3049 	 -224.590859 	 224.590859 	 50756.902766 	 2639706741.806133 
3050 	 -208.544878 	 208.544878 	 43917.379967 	 2001657451.063810 
3051 	 -182.762442 	 182.762442 	 34089.928314 	 1247602747.567787 
3052 	 -204.167717 	 204.167717 	 41945.995800 	 1804303693.111660 
3053 	 -216.269537 	 216.269537 	 47176.034099 	 2303806612.588636 
3054 	 -276.801030 	 276.801030 	 76837.088750 	 5969762732.036066 
3055 	 -241.729215 	 241.729215 	 58541.751029 	 3451138283.191386 
3056 	 -220.772877 	 220.772877 	 48981.059970 	 2445271194.396286 
3057 	 -203.327018 	 203.327018 	 41481.197380 	 1743552090.605695 
3058 	 -251.706313 	 251.706313 	 63807.637793 	 4183354403.011886 
3059 	 -268.928201 	 268.928201 	 72537.339931 	 5322710923.239450 
3060 	 -255.346742 	 255.346742 	 65542.236025 	 4383250249.546306 
3061 	 -243.195417 	 243.195417 	 59256.702276 	 3537457595.221003 
3062 	 -259.295901 	 259.295901 	 67526.435015 	 4631733883.963230 
3063 	 -246.235186 	 246.235186 	 61292.375684 	 3910568017.386067 
3064 	 -186.836651 	 186.836651 	 35111.368064 	 1259934892.288606 
3065 	 -191.173251 	 191.173251 	 36850.768551 	 1404033781.281455 
3066 	 -198.653294 	 198.653294 	 40237.112611 	 1745015150.500710 
3067 	 -237.068978 	 237.068978 	 56406.317204 	 3228233123.525830 
3068 	 -239.575978 	 239.575978 	 57746.872254 	 3412970037.646909 
3069 	 -274.773354 	 274.773354 	 75894.780851 	 5873905043.213028 
3070 	 -277.526441 	 277.526441 	 77145.566308 	 5989284985.443403 
3071 	 -261.654582 	 261.654582 	 68617.960382 	 4750705981.725451 
3072 	 -238.618274 	 238.618274 	 57363.511921 	 3385560447.617697 
3073 	 -242.948336 	 242.948336 	 59253.736194 	 3563835662.889027 
3074 	 -223.299465 	 223.299465 	 50387.940967 	 2652148445.773670 
3075 	 -217.795057 	 217.795057 	 47793.806511 	 2346720921.747741 
3076 	 -228.987961 	 228.987961 	 52776.455868 	 2853019276.063159 
3077 	 -205.816299 	 205.816299 	 42810.183116 	 1911513387.465836 
3078 	 -166.306505 	 166.306505 	 27704.031750 	 772865407.065068 
3079 	 -179.998309 	 179.998309 	 33262.626886 	 1223801997.904566 
3080 	 -167.186528 	 167.186528 	 28966.890478 	 960281288.727434 
3081 	 -121.944414 	 121.944414 	 15378.194255 	 267072778.167805 
3082 	 -103.290810 	 103.290810 	 10997.102143 	 134747334.835055 
3083 	 -125.448998 	 125.448998 	 15798.744793 	 253475349.203557 
3084 	 -115.521938 	 115.521938 	 13610.900169 	 201286823.740629 
3085 	 -158.518694 	 158.518694 	 25724.923402 	 721069192.175807 
3086 	 -201.642220 	 201.642220 	 40947.352570 	 1723669124.490476 
3087 	 -212.134503 	 212.134503 	 45398.012384 	 2145150686.665391 
3088 	 -244.951780 	 244.951780 	 60447.332449 	 3754580088.356799 
3089 	 -269.318075 	 269.318075 	 72700.449233 	 5334731697.108720 
3090 	 -258.111479 	 258.111479 	 66849.803483 	 4532256298.792176 
3091 	 -262.860012 	 262.860012 	 69146.905052 	 4795388373.028657 
3092 	 -258.342722 	 258.342722 	 66806.931212 	 4481193229.770827 
3093 	 -277.036836 	 277.036836 	 76938.793074 	 5978385796.027438 
3094 	 -280.489480 	 280.489480 	 78767.394020 	 6233428069.575304 
3095 	 -237.596845 	 237.596845 	 56558.445557 	 3223273861.460495 
3096 	 -222.946756 	 222.946756 	 50174.472223 	 2607491845.441335 
3097 	 -255.055236 	 255.055236 	 65199.153563 	 4288115650.116018 
3098 	 -221.449224 	 221.449224 	 49474.563040 	 2539165949.013600 
3099 	 -242.121816 	 242.121816 	 58671.593663 	 3453895367.365592 
3100 	 -265.231805 	 265.231805 	 70492.066540 	 5010511331.592904 
3101 	 -301.001675 	 301.001675 	 90791.685836 	 8315246726.360834 
3102 	 -283.244655 	 283.244655 	 80256.355912 	 6450447518.369283 
3103 	 -254.599735 	 254.599735 	 65413.283750 	 4437218352.155860 
3104 	 -217.891056 	 217.891056 	 47588.874171 	 2285718408.781901 
3105 	 -208.666208 	 208.666208 	 43896.707288 	 1985419246.705734 
3106 	 -221.445909 	 221.445909 	 49351.944970 	 2498141855.157332 
3107 	 -238.029519 	 238.029519 	 57386.425333 	 3484169133.017320 
3108 	 -278.990588 	 278.990588 	 78098.105393 	 6179650702.465178 
3109 	 -220.296526 	 220.296526 	 48758.028705 	 2421689748.199367 
3110 	 -205.932933 	 205.932933 	 42551.016864 	 1832706141.836747 
3111 	 -230.010307 	 230.010307 	 53169.941764 	 2882496938.380379 
3112 	 -206.414268 	 206.414268 	 43244.368341 	 1981508164.868068 
3113 	 -186.163272 	 186.163272 	 34864.820118 	 1243058711.387363 
3114 	 -192.520027 	 192.520027 	 37279.141872 	 1423645079.646426 
3115 	 -245.719039 	 245.719039 	 60938.588959 	 3860722191.625501 
3116 	 -282.937499 	 282.937499 	 80229.093026 	 6491904448.755548 
3117 	 -234.895786 	 234.895786 	 55423.889914 	 3124393212.901526 
3118 	 -220.648735 	 220.648735 	 48852.347845 	 2420122107.406212 
3119 	 -222.925319 	 222.925319 	 50053.432317 	 2568408511.081866 
3120 	 -205.175121 	 205.175121 	 42347.429728 	 1835096102.694205 
3121 	 -178.670140 	 178.670140 	 31955.612623 	 1025403330.884857 
3122 	 -140.989446 	 140.989446 	 20082.112294 	 418252849.057816 
3123 	 -105.703827 	 105.703827 	 11472.091204 	 145127341.520839 
3124 	 -82.657510 	 82.657510 	 7002.407918 	 53941904.021551 
3125 	 -102.394427 	 102.394427 	 10627.291728 	 118642625.522340 
3126 	 -95.590421 	 95.590421 	 9258.553539 	 90636469.675048 
3127 	 -56.436922 	 56.436922 	 3493.205030 	 16436866.668432 
3128 	 -45.548165 	 45.548165 	 2274.719391 	 6698505.517215 
3129 	 -63.389081 	 63.389081 	 4216.238054 	 21651192.308891 
3130 	 -63.636155 	 63.636155 	 4472.893333 	 27570983.007878 
3131 	 -82.929003 	 82.929003 	 7362.319096 	 67946018.742696 
3132 	 -110.511969 	 110.511969 	 12721.798349 	 186270206.797916 
3133 	 -64.534806 	 64.534806 	 4465.260981 	 26285725.723995 
3134 	 -78.108230 	 78.108230 	 6472.609272 	 50422801.797627 
3135 	 -106.390689 	 106.390689 	 11413.860700 	 134246368.878437 
3136 	 -131.237197 	 131.237197 	 17394.689478 	 314695894.596598 
3137 	 -122.295429 	 122.295429 	 15290.135958 	 254728044.136828 
3138 	 -154.128406 	 154.128406 	 26140.225261 	 919474296.815304 
3139 	 -243.403006 	 243.403006 	 59500.478990 	 3602140578.762753 
3140 	 -246.152979 	 246.152979 	 60644.270688 	 3690244936.281422 
3141 	 -235.396896 	 235.396896 	 55561.945791 	 3120751556.391521 
3142 	 -252.034565 	 252.034565 	 63552.397694 	 4046728519.856372 
3143 	 -250.530392 	 250.530392 	 62913.147894 	 3994922448.475609 
3144 	 -206.862423 	 206.862423 	 43110.947373 	 1915528262.369348 
3145 	 -208.200978 	 208.200978 	 43876.037212 	 2009947352.411162 
3146 	 -177.435497 	 177.435497 	 31742.964473 	 1041925983.791395 
3147 	 -179.862008 	 179.862008 	 32762.469472 	 1129160938.484727 
3148 	 -211.256233 	 211.256233 	 44794.130386 	 2036346769.012829 
3149 	 -226.326259 	 226.326259 	 51423.360888 	 2685493449.252739 
3150 	 -226.964579 	 226.964579 	 51793.325689 	 2738710431.926543 
3151 	 -177.667976 	 177.667976 	 31710.310544 	 1023125406.726854 
3152 	 -135.620968 	 135.620968 	 18818.616492 	 383729546.346019 
3153 	 -111.493076 	 111.493076 	 12876.349049 	 188826207.355053 
3154 	 -106.245154 	 106.245154 	 11406.628772 	 135829268.839207 
3155 	 -68.873094 	 68.873094 	 4934.235519 	 28264390.258218 
3156 	 -37.855595 	 37.855595 	 1696.115913 	 5448452.627722 
3157 	 -1.490232 	 9.987038 	 128.792381 	 28452.471023 
3158 	 -15.724806 	 18.549732 	 657.923142 	 1579128.156030 
3159 	 -38.598992 	 38.598992 	 1617.467794 	 3395900.225549 
3160 	 -5.418086 	 13.772049 	 216.767584 	 64667.048955 
3161 	 -17.062570 	 19.541885 	 618.072627 	 1024698.831522 
3162 	 7.033873 	 18.004094 	 523.037136 	 819664.262489 
3163 	 20.355896 	 23.839130 	 611.431986 	 483605.933593 
3164 	 31.584902 	 31.584902 	 1123.536000 	 1760728.474752 
3165 	 28.131211 	 28.131211 	 883.253931 	 989092.579193 
3166 	 46.774531 	 46.774531 	 2499.135632 	 8605140.414767 
3167 	 4.978255 	 12.806669 	 246.722685 	 125231.180112 
3168 	 7.814580 	 15.003411 	 300.650871 	 138386.928213 
3169 	 -15.140729 	 16.435439 	 450.731338 	 453595.950697 
3170 	 -8.075891 	 14.965151 	 284.853523 	 135919.685956 
3171 	 24.596050 	 25.619893 	 1075.161061 	 2936633.687328 
3172 	 -27.350512 	 27.350512 	 913.276682 	 1618025.416945 
3173 	 -23.111699 	 25.368859 	 984.287029 	 2217723.855921 
3174 	 -32.541418 	 32.541418 	 1210.532228 	 1971011.479402 
3175 	 -1.336103 	 8.528320 	 100.173920 	 17280.498206 
3176 	 -3.234660 	 10.636608 	 199.815789 	 102478.614731 
3177 	 20.622148 	 20.622148 	 509.018894 	 439364.320207 
3178 	 -0.426768 	 12.510056 	 293.443350 	 264873.961387 
3179 	 -6.036736 	 22.241204 	 805.084531 	 1643554.930945 
3180 	 -5.243876 	 17.820224 	 417.251309 	 288356.396946 
3181 	 6.681001 	 14.674129 	 325.395736 	 248676.682470 
3182 	 51.971880 	 51.971880 	 2793.864264 	 8802092.822122 
3183 	 35.834600 	 35.834600 	 1523.850781 	 3458848.740631 
3184 	 91.305858 	 91.305858 	 8648.276121 	 85898736.138025 
3185 	 45.688036 	 46.648297 	 2914.218630 	 17048737.479293 
3186 	 68.659749 	 68.659749 	 6052.209599 	 63049400.295247 
3187 	 110.272253 	 110.272253 	 12555.366147 	 180900341.631704 
3188 	 100.041320 	 100.041320 	 10224.230166 	 112788721.001457 
3189 	 131.569439 	 131.569439 	 17413.590204 	 310451173.324777 
3190 	 121.479341 	 121.479341 	 15172.655507 	 253061502.187082 
3191 	 127.331035 	 127.331035 	 16616.916800 	 300773160.138619 
3192 	 166.865489 	 166.865489 	 28090.478976 	 817029031.428125 
3193 	 145.429605 	 145.429605 	 21451.523638 	 488993530.018761 
3194 	 174.826805 	 174.826805 	 31586.316352 	 1131528548.655892 
3195 	 213.875001 	 213.875001 	 46192.811030 	 2217890985.325258 
3196 	 244.025722 	 244.025722 	 59980.645099 	 3698926797.907244 
3197 	 254.522498 	 254.522498 	 64935.155800 	 4253581228.713940 
3198 	 243.326444 	 243.326444 	 59534.470268 	 3620610968.612528 
3199 	 218.794268 	 218.794268 	 47921.806432 	 2305838198.945775 
3200 	 209.155649 	 209.155649 	 43870.860295 	 1946616048.396133 
3201 	 210.727533 	 210.727533 	 44490.590873 	 1995110653.266203 
3202 	 212.620161 	 212.620161 	 45450.655326 	 2109577787.571827 
3203 	 215.947645 	 215.947645 	 46754.817434 	 2207573441.625366 
3204 	 140.668242 	 140.668242 	 20381.353702 	 461911847.482334 
3205 	 65.006443 	 65.006443 	 4569.115009 	 25912297.756303 
3206 	 43.403888 	 43.403888 	 1990.998579 	 4841652.639567 
3207 	 44.560036 	 46.414417 	 2504.394827 	 8683509.953165 
3208 	 12.327491 	 15.663191 	 379.964420 	 309250.643985 
3209 	 21.632830 	 22.806191 	 633.734594 	 629810.792352 
3210 	 -8.314401 	 17.576232 	 430.040537 	 461970.639942 
3211 	 9.225151 	 9.893240 	 179.379285 	 108609.170154 
3212 	 40.679985 	 40.679985 	 1940.594757 	 5139070.223846 
3213 	 89.701265 	 89.701265 	 8480.142599 	 85393286.890320 
3214 	 90.751400 	 90.751400 	 8338.992710 	 72990831.163295 
3215 	 103.756327 	 103.756327 	 10930.494423 	 126553147.052706 
3216 	 124.941740 	 124.941740 	 16192.032576 	 304875936.548044 
3217 	 203.626701 	 203.626701 	 41743.351884 	 1786125734.555853 
3218 	 196.673823 	 196.673823 	 38793.156488 	 1523252318.540679 
3219 	 174.836413 	 174.836413 	 30819.402997 	 980460736.818655 
3220 	 226.112589 	 226.112589 	 51567.982655 	 2749389604.836462 
3221 	 251.591733 	 251.591733 	 63453.306401 	 4064187833.019730 
3222 	 237.500751 	 237.500751 	 56636.782272 	 3260388046.146143 
3223 	 213.081920 	 213.081920 	 45733.285802 	 2150637314.608110 
3224 	 186.028291 	 186.028291 	 34833.101446 	 1243160228.199022 
3225 	 156.177597 	 156.177597 	 24573.823540 	 620694685.644235 
3226 	 154.588042 	 154.588042 	 24232.579647 	 621286939.540730 
3227 	 148.204076 	 148.204076 	 22188.011648 	 512804896.585935 
3228 	 170.792999 	 170.792999 	 29487.400795 	 906263586.341437 
3229 	 148.391806 	 148.391806 	 22208.520659 	 510414234.592640 
3230 	 177.292896 	 177.292896 	 31682.324334 	 1034598261.835477 
3231 	 206.463043 	 206.463043 	 43215.797456 	 1964771555.420184 
3232 	 213.885871 	 213.885871 	 45949.453383 	 2151735791.280190 
3233 	 242.597389 	 242.597389 	 59408.307271 	 3664585446.537601 
3234 	 278.994466 	 278.994466 	 78082.688622 	 6170909124.164499 
3235 	 268.908977 	 268.908977 	 72349.856040 	 5245375997.389529 
3236 	 294.031049 	 294.031049 	 86610.809237 	 7552974002.960148 
3237 	 310.673996 	 310.673996 	 96546.312257 	 9331921165.455723 
3238 	 281.318110 	 281.318110 	 79401.184244 	 6389714163.846341 
3239 	 255.693355 	 255.693355 	 65569.690143 	 4348688063.934169 
3240 	 216.128154 	 216.128154 	 46996.136021 	 2260198779.768445 
3241 	 229.318425 	 229.318425 	 52672.214611 	 2792017856.878333 
3242 	 199.640059 	 199.640059 	 40250.755492 	 1690414496.171430 
3243 	 165.653042 	 165.653042 	 27721.871653 	 803362687.314782 
3244 	 198.141616 	 198.141616 	 39505.024347 	 1601067815.450218 
3245 	 177.869752 	 177.869752 	 31810.873948 	 1034352582.893007 
3246 	 157.939278 	 157.939278 	 26843.646766 	 891770745.231008 
3247 	 82.334656 	 82.334656 	 6863.511755 	 49483543.725974 
3248 	 80.126188 	 80.126188 	 6520.427487 	 44867916.153307 
3249 	 93.709696 	 93.709696 	 9003.279298 	 88998947.196884 
3250 	 151.928015 	 151.928015 	 23435.161120 	 577897161.859606 
3251 	 107.139293 	 107.139293 	 12084.491369 	 174597855.085219 
3252 	 138.196053 	 138.196053 	 19361.217956 	 398444118.243171 
3253 	 158.488024 	 158.488024 	 25656.925477 	 712542080.028289 
3254 	 123.904551 	 123.904551 	 15484.150327 	 248072919.125227 
3255 	 135.207806 	 135.207806 	 18447.122895 	 352443872.669099 
3256 	 143.236481 	 143.236481 	 20964.976581 	 478238791.111921 
3257 	 167.901841 	 167.901841 	 28513.318244 	 846109323.301864 
3258 	 138.459339 	 138.459339 	 19564.341943 	 412026462.316271 
3259 	 142.671574 	 142.671574 	 20716.830470 	 462360883.618038 
3260 	 165.594305 	 165.594305 	 27776.781628 	 808359631.150111 
3261 	 142.708754 	 142.708754 	 21176.086182 	 510379698.817221 
3262 	 82.581170 	 82.581170 	 6933.516989 	 51012854.201261 
3263 	 119.357433 	 119.357433 	 14442.425402 	 220774081.488103 
3264 	 143.911407 	 143.911407 	 21384.573423 	 514444801.349867 
3265 	 198.598462 	 198.598462 	 39562.664375 	 1585943353.187951 
3266 	 184.069095 	 184.069095 	 34235.610013 	 1216074580.687730 
3267 	 176.209372 	 176.209372 	 31281.195565 	 1005471448.308653 
3268 	 180.128428 	 180.128428 	 32508.907265 	 1064850868.590155 
3269 	 194.835814 	 194.835814 	 38134.991197 	 1480474565.953617 
3270 	 217.729843 	 217.729843 	 47583.812456 	 2297535511.647823 
3271 	 250.280451 	 250.280451 	 62895.087255 	 4020360775.707138 
3272 	 221.515101 	 221.515101 	 49181.059844 	 2441062212.870543 
3273 	 198.832662 	 198.832662 	 39753.677111 	 1613984075.203321 
3274 	 153.801831 	 153.801831 	 23876.158020 	 589873024.518447 
3275 	 152.001140 	 152.001140 	 23505.561721 	 587386696.923634 
3276 	 135.841226 	 135.841226 	 18532.944848 	 349626135.618339 
3277 	 142.805818 	 142.805818 	 20601.090126 	 438543222.511266 
3278 	 142.486662 	 142.486662 	 21140.065387 	 511637188.382369 
3279 	 123.961577 	 123.961577 	 15477.584078 	 246658886.435777 
3280 	 107.975356 	 107.975356 	 12104.899565 	 166992754.511193 
3281 	 85.736999 	 85.736999 	 7515.197411 	 61701714.276473 
3282 	 124.161551 	 124.161551 	 16998.415519 	 382270771.085154 
3283 	 203.317444 	 203.317444 	 41701.271771 	 1794578899.066318 
3284 	 187.875563 	 187.875563 	 35652.823348 	 1317997629.849723 
3285 	 173.597320 	 173.597320 	 31382.108501 	 1141468483.220218 
3286 	 189.443806 	 189.443806 	 36022.913716 	 1316142036.332692 
3287 	 144.788767 	 144.788767 	 21266.059970 	 479484832.566023 
3288 	 103.065943 	 103.065943 	 10884.551934 	 130159558.270414 
3289 	 104.979488 	 104.979488 	 11665.797397 	 164385603.675449 
3290 	 146.409963 	 146.409963 	 21655.696378 	 490026439.302424 
3291 	 160.686135 	 160.686135 	 26084.509400 	 710528934.726277 
3292 	 159.776411 	 159.776411 	 26128.719039 	 739534211.197622 
3293 	 94.919390 	 94.919390 	 10115.535492 	 141443075.193560 
3294 	 74.192145 	 74.192145 	 5580.531094 	 32774398.679697 
3295 	 91.709490 	 91.709490 	 8558.316909 	 77998182.705378 
3296 	 58.585857 	 58.585857 	 3940.283124 	 24434182.761028 
3297 	 86.244509 	 86.244509 	 7989.698567 	 78224335.591383 
3298 	 81.508756 	 81.508756 	 6950.770921 	 54811262.526811 
3299 	 142.425607 	 142.425607 	 20602.365091 	 446772536.136700 
3300 	 106.932271 	 106.932271 	 11615.483243 	 143463112.285892 
3301 	 74.072987 	 74.072987 	 5712.283529 	 37210844.719421 
3302 	 38.736486 	 41.118080 	 1970.644147 	 5644712.731646 
3303 	 12.165089 	 12.483224 	 303.458301 	 246472.347293 
3304 	 45.787524 	 45.787524 	 2536.627398 	 11223216.979961 
3305 	 25.023656 	 25.313324 	 794.493826 	 884200.813752 
3306 	 60.028549 	 60.028549 	 4794.484076 	 48355360.244106 
3307 	 132.562450 	 132.562450 	 17685.015155 	 321345956.577378 
3308 	 129.091054 	 129.091054 	 16847.515318 	 294635640.547179 
3309 	 89.840901 	 89.840901 	 8734.885330 	 92942008.783702 
3310 	 86.423584 	 86.423584 	 8157.048299 	 83764956.027811 
3311 	 99.458374 	 99.458374 	 10095.751802 	 110949611.785518 
3312 	 92.519622 	 92.519622 	 9046.381140 	 99667118.829175 
3313 	 99.947467 	 99.947467 	 10993.151583 	 156920062.315304 
3314 	 109.173851 	 109.173851 	 12666.948876 	 194615646.831662 
3315 	 63.398020 	 63.398020 	 4123.555672 	 18893873.552766 
3316 	 107.321380 	 107.321380 	 11831.888739 	 151519802.367194 
3317 	 141.951174 	 141.951174 	 20238.120721 	 416697425.360726 
3318 	 166.194192 	 166.194192 	 28112.853094 	 838432949.434008 
3319 	 133.977993 	 133.977993 	 18355.203865 	 366625969.594934 
3320 	 208.592899 	 208.592899 	 44406.019081 	 2125390193.694932 
3321 	 237.959090 	 237.959090 	 56675.836768 	 3223789740.960572 
3322 	 212.975975 	 212.975975 	 46070.455628 	 2248476255.857826 
3323 	 267.869204 	 267.869204 	 72103.087219 	 5294713748.994079 
3324 	 289.219425 	 289.219425 	 83821.955871 	 7083177843.035267 
3325 	 302.850324 	 302.850324 	 91836.933861 	 8476915112.772255 
3326 	 267.239004 	 267.239004 	 72070.572548 	 5383039781.533808 
3327 	 216.185225 	 216.185225 	 47240.886226 	 2332630293.095888 
3328 	 192.674228 	 192.674228 	 37241.771791 	 1405194244.638453 
3329 	 204.990576 	 204.990576 	 42200.401707 	 1810751022.217737 
3330 	 230.867183 	 230.867183 	 53365.205995 	 2861464678.831431 
3331 	 228.642684 	 228.642684 	 52501.300113 	 2803572677.991673 
3332 	 230.655982 	 230.655982 	 53598.112439 	 2953502487.337169 
3333 	 232.627759 	 232.627759 	 54227.442779 	 2964202161.032721 
3334 	 202.145324 	 202.145324 	 40909.787962 	 1680950444.605481 
3335 	 183.273414 	 183.273414 	 34354.866819 	 1287182725.737597 
3336 	 212.367661 	 212.367661 	 45243.314221 	 2072565259.918332 
3337 	 162.423932 	 162.423932 	 27030.692001 	 807123650.328798 
3338 	 75.717881 	 75.717881 	 6546.880548 	 65518741.708531 
3339 	 16.662851 	 18.151843 	 411.516039 	 281133.670410 
3340 	 65.149084 	 65.149084 	 4411.802524 	 22173510.567838 
3341 	 30.314722 	 30.314722 	 1116.556242 	 2365472.167012 
3342 	 81.166554 	 81.166554 	 6890.452770 	 55429683.736832 
3343 	 112.934203 	 112.934203 	 12852.863203 	 169399161.801700 
3344 	 142.521486 	 142.521486 	 20520.702150 	 437067600.286855 
3345 	 122.986759 	 122.986759 	 15392.389126 	 254458650.090422 
3346 	 147.632148 	 147.632148 	 21953.123610 	 495492398.397564 
3347 	 185.024209 	 185.024209 	 34353.797939 	 1195829195.865549 
3348 	 129.573396 	 129.573396 	 18141.941426 	 408424341.408168 
3349 	 51.996526 	 51.996526 	 2775.151316 	 8561933.025765 
3350 	 55.766944 	 55.766944 	 3982.752146 	 28122191.993218 
3351 	 85.739594 	 85.739594 	 7427.894182 	 57374047.675952 
3352 	 64.443504 	 64.443504 	 4302.045817 	 21129934.485413 
3353 	 72.151739 	 72.151739 	 5380.419244 	 32634470.841958 
3354 	 77.337187 	 77.337187 	 6189.645812 	 43945714.352661 
3355 	 78.838147 	 78.838147 	 6360.036356 	 44079992.919881 
3356 	 130.645700 	 130.645700 	 17613.133005 	 347626171.248963 
3357 	 159.677155 	 159.677155 	 25566.884761 	 660929364.836359 
3358 	 105.637515 	 105.637515 	 11353.403695 	 138014785.429305 
3359 	 132.170970 	 132.170970 	 17575.110129 	 316674815.012995 
3360 	 160.134757 	 160.134757 	 25742.297440 	 672885675.415531 
3361 	 185.873082 	 185.873082 	 34888.823093 	 1261292204.780788 
3362 	 260.387129 	 260.387129 	 68428.801611 	 4851381827.662693 
3363 	 252.688498 	 252.688498 	 64228.951394 	 4220891779.414255 
3364 	 264.656336 	 264.656336 	 70240.608659 	 4989096361.956229 
3365 	 277.025752 	 277.025752 	 76832.467048 	 5930387896.441324 
3366 	 267.098441 	 267.098441 	 71793.815971 	 5286367761.412659 
3367 	 225.768807 	 225.768807 	 51183.480033 	 2660058975.149639 
3368 	 187.213233 	 187.213233 	 35251.698071 	 1271330902.078360 
3369 	 136.440545 	 136.440545 	 18844.737321 	 372065614.415561 
3370 	 170.547181 	 170.547181 	 30707.765495 	 1147770867.746975 
3371 	 270.832515 	 270.832515 	 73694.135053 	 5529045288.828400 
3372 	 269.024476 	 269.024476 	 72425.311550 	 5260361894.875153 
3373 	 254.767894 	 254.767894 	 65033.903247 	 4262657980.693446 
3374 	 198.528403 	 198.528403 	 39515.460600 	 1577405063.603068 
3375 	 169.682691 	 169.682691 	 28838.630016 	 837113205.456041 
3376 	 193.410808 	 193.410808 	 37591.696005 	 1441892905.616153 
3377 	 172.225558 	 172.225558 	 30110.348344 	 960879864.572670 
3378 	 103.922142 	 103.922142 	 11453.476036 	 157931129.582526 
3379 	 82.839832 	 82.839832 	 7046.246632 	 54327605.565683 
3380 	 114.305916 	 114.305916 	 13257.318378 	 185541531.455911 
3381 	 114.644044 	 114.644044 	 13462.534446 	 198197574.753873 
3382 	 111.525417 	 111.525417 	 12549.191994 	 163229666.978471 
3383 	 105.117286 	 105.117286 	 11279.535586 	 137148057.527866 
3384 	 72.527716 	 72.527716 	 6141.106477 	 55347286.359913 
3385 	 75.692313 	 75.692313 	 6163.716571 	 47901019.060848 
3386 	 107.869405 	 107.869405 	 11800.540400 	 146387913.965856 
3387 	 0.139691 	 25.195817 	 1004.629052 	 3110065.363590 
3388 	 -57.686421 	 57.686421 	 3424.673656 	 13050760.910813 
3389 	 -59.938272 	 59.938272 	 3848.701714 	 18400519.448032 
3390 	 -18.685176 	 21.302458 	 819.263792 	 1937823.651275 
3391 	 17.563324 	 21.832537 	 591.675816 	 727952.124019 
3392 	 62.016522 	 62.016522 	 4222.711267 	 23356798.982617 
3393 	 28.526892 	 28.526892 	 901.519514 	 992934.619002 
3394 	 16.704276 	 21.071410 	 996.889341 	 3339115.542759 
3395 	 16.967682 	 18.536468 	 427.396955 	 374520.930821 
3396 	 -22.252420 	 28.162025 	 1299.430047 	 4265243.637975 
3397 	 -13.906851 	 22.600287 	 630.377046 	 609033.806604 
3398 	 40.412819 	 42.238372 	 2092.663807 	 5955059.334378 
3399 	 48.866906 	 48.866906 	 2531.277796 	 7660391.928101 
3400 	 69.375819 	 69.375819 	 5044.537384 	 30840606.311547 
3401 	 51.037737 	 51.037737 	 2677.739002 	 7863328.278872 
3402 	 -3.466564 	 12.935156 	 294.266516 	 352343.020322 
3403 	 -25.787864 	 25.787864 	 784.817741 	 939704.885905 
3404 	 -67.568644 	 67.568644 	 5476.308313 	 46937011.938118 
3405 	 -96.346297 	 96.346297 	 9446.150314 	 95411155.025507 
3406 	 -111.902656 	 111.902656 	 12639.588534 	 166557562.866353 
3407 	 -139.249134 	 139.249134 	 19709.352809 	 413396287.371119 
3408 	 -178.205033 	 178.205033 	 31912.072904 	 1038920140.072028 
3409 	 -185.799930 	 185.799930 	 34903.182176 	 1270366922.151815 
3410 	 -191.435503 	 191.435503 	 36663.329367 	 1346472749.942121 
3411 	 -210.129135 	 210.129135 	 44287.042950 	 1986434003.474298 
3412 	 -202.865653 	 202.865653 	 41440.188625 	 1765710488.592900 
3413 	 -199.172493 	 199.172493 	 39819.750074 	 1608740058.928549 
3414 	 -209.499296 	 209.499296 	 44060.047213 	 1970223589.395339 
3415 	 -170.052192 	 170.052192 	 29338.469856 	 913337445.589885 
3416 	 -159.738065 	 159.738065 	 26286.570226 	 761574482.090156 
3417 	 -75.624737 	 75.624737 	 5950.195448 	 40642878.224687 
3418 	 -90.146143 	 90.146143 	 8323.738370 	 75858084.847788 
3419 	 -102.954474 	 102.954474 	 10937.235969 	 135336005.499490 
3420 	 -76.078738 	 76.078738 	 6447.665144 	 59361575.709339 
3421 	 1.164268 	 16.026120 	 292.006468 	 109259.337935 
3422 	 26.804076 	 26.873797 	 1068.109167 	 2381255.481219 
3423 	 30.851441 	 30.946709 	 1132.541355 	 1691355.119732 
3424 	 14.875206 	 14.875206 	 455.924180 	 938707.142688 
3425 	 -20.515463 	 21.418478 	 575.058861 	 487325.074395 
3426 	 -13.015425 	 17.844307 	 465.387948 	 444160.582666 
3427 	 -28.048531 	 41.295587 	 2421.526778 	 12002427.722972 
3428 	 -89.729135 	 89.729135 	 8387.777160 	 81734423.251090 
3429 	 -129.735727 	 129.735727 	 16964.593748 	 297073466.973612 
3430 	 -125.453694 	 125.453694 	 16135.752299 	 286391972.316410 
3431 	 -130.444369 	 130.444369 	 17158.041328 	 304675815.165644 
3432 	 -148.394390 	 148.394390 	 22177.843008 	 506531510.885693 
3433 	 -161.593412 	 161.593412 	 26375.271576 	 722507913.405731 
3434 	 -134.485387 	 134.485387 	 18320.895752 	 355707307.101436 
3435 	 -146.987799 	 146.987799 	 22024.374826 	 521490268.916474 
3436 	 -151.574773 	 151.574773 	 23153.682932 	 552953462.467987 
3437 	 -224.383439 	 224.383439 	 50561.714287 	 2598262522.262338 
3438 	 -252.263232 	 252.263232 	 63719.126250 	 4080890653.015624 
3439 	 -241.075561 	 241.075561 	 59236.022519 	 3761758349.959849 
3440 	 -213.124473 	 213.124473 	 45691.738787 	 2135116350.712612 
3441 	 -183.000218 	 183.000218 	 33634.773518 	 1150541692.328226 
3442 	 -178.748894 	 178.748894 	 32119.875773 	 1053767194.995900 
3443 	 -215.406034 	 215.406034 	 46519.615920 	 2185731398.037440 
3444 	 -182.649494 	 182.649494 	 33864.423020 	 1213003494.777822 
3445 	 -210.126312 	 210.126312 	 44291.720209 	 1985935171.450786 
3446 	 -207.239550 	 207.239550 	 43059.445631 	 1873117200.001603 
3447 	 -190.876349 	 190.876349 	 36694.444953 	 1387309469.110453 
3448 	 -185.590000 	 185.590000 	 34743.096608 	 1252731929.123452 
3449 	 -224.417680 	 224.417680 	 50388.444461 	 2544109514.354463 
3450 	 -242.835966 	 242.835966 	 59201.150168 	 3559026583.196978 
3451 	 -230.416870 	 230.416870 	 53166.454739 	 2842444651.338439 
3452 	 -261.742987 	 261.742987 	 68689.884917 	 4766136440.399832 
3453 	 -289.427110 	 289.427110 	 84146.660334 	 7201600742.589532 
3454 	 -262.204587 	 262.204587 	 69241.699187 	 4934792695.888144 
3455 	 -228.547437 	 228.547437 	 52511.788459 	 2813725246.533093 
3456 	 -225.972089 	 225.972089 	 51325.723293 	 2686137187.659109 
3457 	 -194.812016 	 194.812016 	 38448.965055 	 1549549224.284253 
3458 	 -170.000429 	 170.000429 	 29026.810081 	 857848050.714976 
3459 	 -154.663600 	 154.663600 	 24057.082228 	 592193732.227235 
3460 	 -149.425437 	 149.425437 	 22590.776334 	 534567645.934792 
3461 	 -118.726682 	 118.726682 	 14155.842917 	 203514022.151201 
3462 	 -86.667885 	 86.667885 	 7994.515425 	 75656716.338632 
3463 	 -77.365401 	 77.365401 	 6668.911195 	 59855697.104496 
3464 	 -108.382990 	 108.382990 	 12021.987803 	 156629485.144479 
3465 	 -79.372618 	 79.372618 	 6826.572475 	 58223567.192936 
3466 	 -63.400310 	 63.400310 	 5255.256175 	 64532426.332575 
3467 	 -135.071441 	 135.071441 	 18330.370152 	 342113137.284817 
3468 	 -148.812229 	 148.812229 	 22215.494990 	 499891486.497094 
3469 	 -155.708029 	 155.708029 	 24302.996152 	 596119485.659584 
3470 	 -133.679544 	 133.679544 	 17938.760376 	 326391854.270379 
3471 	 -144.573943 	 144.573943 	 21304.470133 	 488085557.816358 
3472 	 -146.182140 	 146.182140 	 21711.247879 	 499976194.054187 
3473 	 -102.429488 	 102.429488 	 10849.026327 	 132917084.231210 
3474 	 -131.585047 	 131.585047 	 17674.607615 	 338714419.040703 
3475 	 -190.815341 	 190.815341 	 37270.297398 	 1516574425.563262 
3476 	 -177.973945 	 177.973945 	 31993.403369 	 1066622458.825390 
3477 	 -191.443060 	 191.443060 	 36787.188466 	 1374299830.309168 
3478 	 -220.078366 	 220.078366 	 48792.984296 	 2447095279.786356 
3479 	 -207.400279 	 207.400279 	 43206.686680 	 1899838086.894263 
3480 	 -162.772221 	 162.772221 	 26710.731174 	 739610982.888949 
3481 	 -181.548545 	 181.548545 	 33108.231273 	 1114424630.591580 
3482 	 -151.597060 	 151.597060 	 23286.019651 	 573637328.237653 
3483 	 -112.731713 	 112.731713 	 13138.117021 	 193464266.395989 
3484 	 -73.002341 	 73.002341 	 6312.380949 	 63395874.714863 
3485 	 -71.821983 	 71.821983 	 5546.659594 	 38112944.074750 
3486 	 -85.364577 	 85.364577 	 7567.674927 	 64721574.921110 
3487 	 -120.990210 	 120.990210 	 15400.057546 	 283971380.027583 
3488 	 -137.668164 	 137.668164 	 20122.291955 	 485976282.136738 
3489 	 -116.348376 	 116.348376 	 13824.698125 	 208943578.328501 
3490 	 -116.853791 	 116.853791 	 13907.728008 	 208158338.070174 
3491 	 -113.259135 	 113.259135 	 13840.804931 	 248030918.961257 
3492 	 -93.793086 	 93.793086 	 8942.440781 	 85711062.054884 
3493 	 -96.734363 	 96.734363 	 9839.312021 	 116049250.936332 
3494 	 -116.016308 	 116.016308 	 13618.618447 	 193871261.484531 
3495 	 -67.886049 	 67.886049 	 5272.468213 	 43408428.894078 
3496 	 -81.058684 	 81.058684 	 7128.454556 	 61960780.323738 
3497 	 -66.735190 	 66.735190 	 5079.273409 	 38451973.564183 
3498 	 -26.070665 	 29.189521 	 1011.860595 	 1760650.070924 
3499 	 69.493806 	 69.493806 	 5807.496529 	 52086319.405654 
3500 	 82.782100 	 82.782100 	 7089.365538 	 55877369.083114 
3501 	 22.537884 	 23.007429 	 810.508512 	 1431524.124460 
3502 	 46.822752 	 46.822752 	 2583.641646 	 10757458.934228 
3503 	 133.928804 	 133.928804 	 18313.858530 	 359493376.882958 
3504 	 128.365828 	 128.365828 	 16667.825835 	 289098787.466977 
3505 	 149.653992 	 149.653992 	 22653.352875 	 538206952.419521 
3506 	 143.191478 	 143.191478 	 20600.212102 	 433043433.544027 
3507 	 149.485315 	 149.485315 	 22456.184916 	 513901971.857774 
3508 	 126.850412 	 126.850412 	 16170.273631 	 266765904.667925 
3509 	 160.938499 	 160.938499 	 26437.746314 	 758312344.370627 
3510 	 170.280573 	 170.280573 	 29261.534191 	 883848807.273486 
3511 	 168.596586 	 168.596586 	 28577.094790 	 834845202.096286 
3512 	 215.357118 	 215.357118 	 46716.461927 	 2245211709.081315 
3513 	 212.784348 	 212.784348 	 45479.866177 	 2106945387.994998 
3514 	 207.013445 	 207.013445 	 42983.921437 	 1870877371.796008 
3515 	 198.008652 	 198.008652 	 39402.166555 	 1583879379.846231 
3516 	 183.042937 	 183.042937 	 33570.990838 	 1135790344.021405 
3517 	 202.045653 	 202.045653 	 40866.520544 	 1677424424.525219 
3518 	 177.413800 	 177.413800 	 31907.789576 	 1072752377.481556 
3519 	 173.083792 	 173.083792 	 30273.520967 	 952926072.380514 
3520 	 211.907470 	 211.907470 	 45073.102705 	 2064345240.338874 
3521 	 214.137095 	 214.137095 	 46325.936594 	 2234392787.973819 
3522 	 264.979117 	 264.979117 	 70497.738850 	 5044240594.554367 
3523 	 214.164308 	 214.164308 	 47349.206144 	 2525660580.693169 
3524 	 204.518718 	 204.518718 	 42157.743502 	 1832848870.035931 
3525 	 238.699214 	 238.699214 	 57291.281159 	 3353964229.464200 
3526 	 246.164524 	 246.164524 	 60761.506318 	 3731422091.052508 
3527 	 264.638796 	 264.638796 	 70134.867792 	 4947329744.598732 
3528 	 237.878874 	 237.878874 	 56950.073077 	 3335929620.057197 
3529 	 231.112490 	 231.112490 	 53674.567851 	 2937484589.230849 
3530 	 221.091782 	 221.091782 	 49048.957745 	 2439012679.017695 
3531 	 226.952355 	 226.952355 	 51803.187564 	 2745041149.517100 
3532 	 213.260551 	 213.260551 	 45843.034270 	 2165046177.786458 
3533 	 178.243813 	 178.243813 	 32011.551036 	 1056544258.292355 
3534 	 143.271577 	 143.271577 	 20589.608704 	 429705796.159070 
3535 	 172.623856 	 172.623856 	 30505.253898 	 1016795934.290733 
3536 	 234.522317 	 234.522317 	 55211.314590 	 3094970568.150346 
3537 	 210.155607 	 210.155607 	 44321.014633 	 1992780567.227156 
3538 	 185.369917 	 185.369917 	 34875.194468 	 1289723106.422618 
3539 	 162.364289 	 162.364289 	 26693.076020 	 747328474.757154 
3540 	 75.797952 	 75.797952 	 5897.061290 	 37602299.279986 
3541 	 63.705221 	 63.705221 	 4229.372115 	 20342279.116189 
3542 	 54.392781 	 54.392781 	 3567.587351 	 20681050.441496 
3543 	 35.770410 	 35.770410 	 1702.324456 	 7020256.754885 
3544 	 111.466986 	 111.466986 	 13176.489581 	 212694451.468974 
3545 	 88.668862 	 88.668862 	 8264.650088 	 85911743.228272 
3546 	 128.753079 	 128.753079 	 16652.142858 	 282186108.422482 
3547 	 122.516054 	 122.516054 	 15252.498652 	 247781891.855482 
3548 	 60.302152 	 60.302152 	 3944.507109 	 20317258.419540 
3549 	 53.729227 	 53.729227 	 3410.258139 	 16002022.505981 
3550 	 33.996659 	 33.996659 	 1198.391005 	 1624541.639358 
3551 	 23.638295 	 27.456472 	 862.046009 	 1156683.145014 
3552 	 -28.771702 	 28.771702 	 1057.508039 	 2140889.157251 
3553 	 -22.000134 	 27.948367 	 1057.821236 	 2376355.496123 
3554 	 -79.721534 	 79.721534 	 7844.317550 	 103224658.069298 
3555 	 -163.894927 	 163.894927 	 27235.307136 	 785410319.479103 
3556 	 -201.187007 	 201.187007 	 40685.879093 	 1693643191.051179 
3557 	 -192.450332 	 192.450332 	 37275.311869 	 1424823562.292169 
3558 	 -216.447429 	 216.447429 	 47041.521581 	 2247499405.658556 
3559 	 -249.856844 	 249.856844 	 63203.060900 	 4200166755.498396 
3560 	 -294.788477 	 294.788477 	 87053.941230 	 7631343196.687347 
3561 	 -288.956545 	 288.956545 	 83593.974949 	 7020855445.764882 
3562 	 -235.915227 	 235.915227 	 55788.069747 	 3141444358.768555 
3563 	 -242.316844 	 242.316844 	 59007.317328 	 3547613392.499837 
3564 	 -200.946980 	 200.946980 	 41350.056726 	 1895859310.331841 
3565 	 -196.325745 	 196.325745 	 38774.259267 	 1539481769.345641 
3566 	 -219.801144 	 219.801144 	 48425.920418 	 2366849162.141333 
3567 	 -239.253157 	 239.253157 	 57381.519016 	 3325057343.690833 
3568 	 -225.103591 	 225.103591 	 50734.736590 	 2587099369.877578 
3569 	 -224.203724 	 224.203724 	 50694.248412 	 2659103977.839351 
3570 	 -260.726123 	 260.726123 	 68164.439455 	 4698378180.269083 
3571 	 -259.312111 	 259.312111 	 67545.241071 	 4644048385.120392 
3572 	 -214.053111 	 214.053111 	 46173.653166 	 2189410770.384679 
3573 	 -185.492904 	 185.492904 	 34550.142714 	 1212276826.637811 
3574 	 -209.253511 	 209.253511 	 44218.850889 	 2038412185.417947 
3575 	 -241.051067 	 241.051067 	 58250.521731 	 3426913461.202671 
3576 	 -216.638234 	 216.638234 	 47131.219114 	 2259192312.967379 
3577 	 -186.985656 	 186.985656 	 35151.101977 	 1262033260.339168 
3578 	 -134.080991 	 134.080991 	 18709.704087 	 413193351.422033 
3579 	 -96.940839 	 96.940839 	 9813.723386 	 113082486.183321 
3580 	 -108.530405 	 108.530405 	 11873.128306 	 145675032.019879 
3581 	 -169.535269 	 169.535269 	 29407.359221 	 942054347.736104 
3582 	 -146.412999 	 146.412999 	 21823.587317 	 509312523.454958 
3583 	 -110.031026 	 110.031026 	 12400.833465 	 168122416.912568 
3584 	 -101.308442 	 101.308442 	 10506.559861 	 122006125.558812 
3585 	 -148.203703 	 148.203703 	 22093.026070 	 499021957.646143 
3586 	 -175.243698 	 175.243698 	 30968.096865 	 990589265.856287 
3587 	 -199.764394 	 199.764394 	 40212.712841 	 1667802394.861103 
3588 	 -225.930328 	 225.930328 	 51198.278419 	 2651857754.991301 
3589 	 -234.258938 	 234.258938 	 55750.747044 	 3313363983.127436 
3590 	 -295.020426 	 295.020426 	 87383.205339 	 7766917996.480957 
3591 	 -275.843672 	 275.843672 	 76148.398906 	 5816714797.604162 
3592 	 -239.372875 	 239.372875 	 57676.376453 	 3409060587.913690 
3593 	 -245.434524 	 245.434524 	 61270.084204 	 3997336930.160944 
3594 	 -223.046571 	 223.046571 	 50403.069323 	 2685162263.841997 
3595 	 -208.376038 	 208.376038 	 43844.870619 	 1994704401.998183 
3596 	 -223.819729 	 223.819729 	 50145.281168 	 2524371661.318218 
3597 	 -227.651386 	 227.651386 	 51948.550531 	 2724336337.148670 
3598 	 -223.447408 	 223.447408 	 50070.373299 	 2533825965.517672 
3599 	 -197.877217 	 197.877217 	 39654.873035 	 1653060146.493200 
3600 	 -233.596419 	 233.596419 	 55209.746979 	 3187389918.287441 
3601 	 -250.829138 	 250.829138 	 63230.078105 	 4076010482.784743 
3602 	 -264.835670 	 264.835670 	 70577.393309 	 5098128927.542444 
3603 	 -282.172440 	 282.172440 	 79933.167581 	 6486500664.937378 
3604 	 -265.047566 	 265.047566 	 70388.153241 	 4995091024.746009 
3605 	 -266.524486 	 266.524486 	 71335.877064 	 5169884253.537450 
3606 	 -273.137109 	 273.137109 	 74773.017162 	 5643191003.485586 
3607 	 -215.024992 	 215.024992 	 47180.903249 	 2401901546.336504 
3608 	 -212.007131 	 212.007131 	 46017.407190 	 2271066708.022813 
3609 	 -257.833801 	 257.833801 	 66573.411262 	 4457637634.799623 
3610 	 -283.270763 	 283.270763 	 80672.336172 	 6633990858.318015 
3611 	 -228.607274 	 228.607274 	 52440.442105 	 2785371160.871498 
3612 	 -243.521618 	 243.521618 	 59591.337485 	 3620473241.453431 
3613 	 -242.716167 	 242.716167 	 59159.829109 	 3558151169.979628 
3614 	 -223.544455 	 223.544455 	 50247.489700 	 2581164895.812545 
3615 	 -209.326555 	 209.326555 	 44137.791682 	 2003663923.997387 
3616 	 -210.394146 	 210.394146 	 44388.559118 	 1992144959.089074 
3617 	 -196.572244 	 196.572244 	 38776.724932 	 1525374727.867954 
3618 	 -210.467472 	 210.467472 	 44397.491644 	 1989266477.848257 
3619 	 -166.600792 	 166.600792 	 28603.626869 	 921641307.481397 
3620 	 -142.133070 	 142.133070 	 20257.781872 	 415167433.620218 
3621 	 -131.298388 	 131.298388 	 17419.522056 	 315371536.350246 
3622 	 -168.641512 	 168.641512 	 28894.566058 	 881730238.138473 
3623 	 -199.274666 	 199.274666 	 39881.785886 	 1618783446.694839 
3624 	 -179.393261 	 179.393261 	 32332.955243 	 1064165101.757007 
3625 	 -164.149317 	 164.149317 	 27167.573325 	 762620638.725411 
3626 	 -108.457340 	 108.457340 	 12109.369065 	 163787123.443188 
3627 	 -52.915000 	 52.915000 	 3108.980303 	 14307792.062411 
3628 	 -77.816584 	 77.816584 	 6544.968595 	 60819205.958932 
3629 	 -135.312598 	 135.312598 	 18467.820059 	 352439804.917522 
3630 	 -167.073452 	 167.073452 	 28022.879925 	 797691504.072981 
3631 	 -152.141330 	 152.141330 	 23488.035443 	 586982528.969205 
3632 	 -93.663106 	 93.663106 	 8985.795074 	 88772796.571544 
3633 	 -50.643308 	 54.491115 	 4272.241650 	 38405186.935131 
3634 	 31.336796 	 31.336796 	 1057.462376 	 1412791.086707 
3635 	 17.970797 	 22.022685 	 699.215341 	 1133635.400733 
3636 	 33.263936 	 33.263936 	 1285.526964 	 2344049.390948 
3637 	 55.917357 	 55.917357 	 3396.406731 	 15141456.797811 
3638 	 65.276332 	 65.276332 	 4320.333444 	 19719732.807702 
3639 	 55.830228 	 55.830228 	 3531.619380 	 18759212.888838 
3640 	 71.125971 	 71.125971 	 5259.834635 	 32012469.185748 
3641 	 24.737882 	 30.292475 	 1565.134061 	 6127540.130307 
3642 	 -46.836868 	 46.836868 	 2310.978524 	 6424943.125222 
3643 	 -26.476151 	 34.347104 	 1493.633535 	 3555043.260371 
3644 	 3.668888 	 17.492947 	 508.701789 	 983190.343128 
3645 	 -37.368526 	 38.922607 	 1904.567083 	 5931597.968280 
3646 	 -20.464468 	 20.464468 	 548.252205 	 539020.012880 
3647 	 23.538124 	 27.649567 	 1011.535183 	 2267250.772697 
3648 	 38.808236 	 38.808236 	 1568.442017 	 2742871.138633 
3649 	 32.949295 	 33.949177 	 1399.639688 	 2856808.751052 
3650 	 18.668108 	 21.428569 	 721.253456 	 1387885.304765 
3651 	 -13.266199 	 19.987086 	 545.268123 	 558993.913397 
3652 	 38.288551 	 38.375816 	 1853.535619 	 5017075.818282 
3653 	 58.451259 	 58.451259 	 3553.408111 	 14135133.706884 
3654 	 80.479375 	 80.479375 	 6578.614936 	 45559440.420480 
3655 	 92.950129 	 92.950129 	 8738.659179 	 79898537.193388 
3656 	 126.726269 	 126.726269 	 17022.473159 	 352465892.458802 
3657 	 188.759318 	 188.759318 	 35733.856162 	 1291181652.408305 
3658 	 163.872678 	 163.872678 	 26892.345872 	 727290244.658569 
3659 	 146.454454 	 146.454454 	 21626.093209 	 483647298.619080 
3660 	 148.943423 	 148.943423 	 22528.668418 	 537731150.736202 
3661 	 176.358509 	 176.358509 	 31340.080896 	 1014540947.256140 
3662 	 176.723989 	 176.723989 	 31687.954264 	 1068543124.050336 
3663 	 197.983234 	 197.983234 	 39506.530547 	 1608229502.905194 
3664 	 184.910544 	 184.910544 	 34491.632153 	 1237914892.210178 
3665 	 205.698032 	 205.698032 	 42737.224730 	 1894325931.692765 
3666 	 211.718195 	 211.718195 	 45077.238916 	 2076855364.740910 
3667 	 220.428072 	 220.428072 	 48822.017502 	 2429857671.206345 
3668 	 216.792526 	 216.792526 	 47975.783674 	 2495119741.937109 
3669 	 216.875037 	 216.875037 	 47206.531560 	 2262022376.564395 
3670 	 233.441402 	 233.441402 	 54718.335441 	 3042443648.205065 
3671 	 189.521968 	 189.521968 	 36955.580236 	 1497721661.431673 
3672 	 164.650501 	 164.650501 	 27237.660776 	 756409522.597631 
3673 	 112.331757 	 112.331757 	 12784.187832 	 171238889.071613 
3674 	 79.618032 	 79.618032 	 6397.153478 	 42160918.601252 
3675 	 93.500086 	 93.500086 	 8887.244782 	 85503441.898915 
3676 	 60.622251 	 60.622251 	 4130.581775 	 24720804.042910 
3677 	 90.858597 	 90.858597 	 8436.225326 	 77739686.448343 
3678 	 35.983546 	 35.983546 	 1724.155291 	 5182637.580541 
3679 	 70.383383 	 70.383383 	 5190.974611 	 31812843.919908 
3680 	 50.975597 	 50.975597 	 2819.383276 	 10345051.028724 
3681 	 24.650218 	 25.218098 	 843.017418 	 1343111.198464 
3682 	 12.726954 	 17.746248 	 450.133878 	 459062.414889 
3683 	 16.592571 	 23.476990 	 819.633952 	 1235619.330783 
3684 	 -5.226837 	 7.928143 	 123.600255 	 66624.160257 
3685 	 -44.143707 	 44.143707 	 2340.320941 	 10696754.427751 
3686 	 -123.604964 	 123.604964 	 16637.344309 	 362059887.479427 
3687 	 -179.244533 	 179.244533 	 32285.353278 	 1063284743.885069 
3688 	 -150.250537 	 150.250537 	 22988.424893 	 568673144.622770 
3689 	 -133.000446 	 133.000446 	 17811.383223 	 326226626.084632 
3690 	 -101.596422 	 101.596422 	 10682.072206 	 129033686.665542 
3691 	 -73.046473 	 73.046473 	 5459.286282 	 32674919.085498 
3692 	 -64.239608 	 64.239608 	 4605.301973 	 29718600.559334 
3693 	 -53.842768 	 53.842768 	 3813.657698 	 25631466.873773 
3694 	 -29.235391 	 29.413497 	 1183.600421 	 2538887.517850 
3695 	 -50.002967 	 50.002967 	 2705.621172 	 9840701.377167 
3696 	 -75.823929 	 75.823929 	 5960.520695 	 40330903.966364 
3697 	 -94.304727 	 94.304727 	 9026.808598 	 85789253.464775 
3698 	 -117.393582 	 117.393582 	 14276.419257 	 237603901.362836 
3699 	 -131.614573 	 131.614573 	 17709.240278 	 343835598.050513 
3700 	 -117.392237 	 117.392237 	 14078.044990 	 215705682.589643 
3701 	 -115.520338 	 115.520338 	 13546.561529 	 194902065.310901 
3702 	 -174.811032 	 174.811032 	 30645.148069 	 950062919.733787 
3703 	 -192.672167 	 192.672167 	 37510.301095 	 1469731459.185978 
3704 	 -275.160971 	 275.160971 	 75890.031016 	 5812238419.201354 
3705 	 -244.164779 	 244.164779 	 59695.074669 	 3583143050.898365 
3706 	 -241.973871 	 241.973871 	 58806.079478 	 3516039235.926811 
3707 	 -233.840045 	 233.840045 	 54900.784738 	 3061989573.185919 
3708 	 -250.648055 	 250.648055 	 62916.273183 	 3980739457.632889 
3709 	 -209.441824 	 209.441824 	 45557.258317 	 2384575757.316468 
3710 	 -164.708471 	 164.708471 	 27271.609687 	 759403932.824668 
3711 	 -152.634092 	 152.634092 	 23437.037086 	 562114394.534536 
3712 	 -146.790009 	 146.790009 	 22049.432639 	 532310216.853165 
3713 	 -198.301415 	 198.301415 	 39630.641960 	 1617195460.131305 
3714 	 -199.173835 	 199.173835 	 40174.277574 	 1700087900.604431 
3715 	 -188.302493 	 188.302493 	 35486.763257 	 1263509194.388222 
3716 	 -155.157819 	 155.157819 	 24230.225451 	 602489726.557405 
3717 	 -150.924158 	 150.924158 	 23255.378246 	 586653451.887060 
3718 	 -107.600038 	 107.600038 	 11859.039371 	 153094947.234714 
3719 	 -30.885060 	 30.885060 	 1258.544712 	 2929960.355504 
3720 	 14.525995 	 15.917542 	 392.809053 	 472864.191457 
3721 	 1.325053 	 17.864978 	 463.875721 	 496311.225046 
3722 	 -29.612440 	 29.612440 	 1168.248032 	 2529817.776082 
3723 	 -41.095857 	 41.095857 	 2220.197274 	 10656843.973641 
3724 	 -92.825664 	 92.825664 	 9433.436231 	 125171188.372611 
3725 	 -138.504917 	 138.504917 	 19375.966562 	 389422041.642235 
3726 	 -152.099667 	 152.099667 	 23408.455801 	 573911874.886577 
3727 	 -191.835924 	 191.835924 	 37011.107195 	 1399976594.410151 
3728 	 -218.539541 	 218.539541 	 47857.230177 	 2308550284.105803 
3729 	 -194.688970 	 194.688970 	 39136.609289 	 1723914964.395249 
3730 	 -140.056918 	 140.056918 	 19721.861479 	 397165530.514980 
3731 	 -171.184447 	 171.184447 	 29345.163516 	 865744749.275671 
3732 	 -201.320520 	 201.320520 	 40777.744988 	 1702421931.798046 
3733 	 -253.053991 	 253.053991 	 64359.061915 	 4223368192.300055 
3734 	 -248.398455 	 248.398455 	 62189.351021 	 3981419764.384384 
3735 	 -194.933875 	 194.933875 	 38605.411347 	 1582912439.059857 
3736 	 -199.015917 	 199.015917 	 39940.296982 	 1650246167.976185 
3737 	 -191.425198 	 191.425198 	 36776.270950 	 1369882543.198861 
3738 	 -130.698733 	 130.698733 	 17637.747124 	 353534682.214242 
3739 	 -119.011988 	 119.011988 	 14265.533901 	 209074801.085227 
3740 	 -134.776185 	 134.776185 	 18480.236956 	 362241460.757076 
3741 	 -106.120126 	 106.120126 	 12248.711946 	 185309979.837030 
3742 	 -59.455254 	 59.455254 	 4022.819505 	 21013806.064861 
3743 	 -106.991292 	 106.991292 	 11883.488143 	 162216474.840077 
3744 	 -142.625869 	 142.625869 	 20583.692218 	 444432291.532843 
3745 	 -124.237690 	 124.237690 	 15700.640663 	 262368381.827965 
3746 	 -137.992876 	 137.992876 	 19616.640111 	 426625610.715604 
3747 	 -190.811522 	 190.811522 	 36660.181192 	 1380077980.398812 
3748 	 -172.468085 	 172.468085 	 29992.724560 	 929018177.381216 
3749 	 -159.383500 	 159.383500 	 26066.040329 	 743894702.387958 
3750 	 -163.280419 	 163.280419 	 26980.493768 	 765114994.153730 
3751 	 -192.396205 	 192.396205 	 37047.457019 	 1377041256.143574 
3752 	 -216.286269 	 216.286269 	 46972.772972 	 2242420747.106863 
3753 	 -173.890492 	 173.890492 	 30765.414783 	 1012231827.475996 
3754 	 -153.130030 	 153.130030 	 24074.355245 	 640764409.334533 
3755 	 -164.955464 	 164.955464 	 27522.626847 	 794494341.254246 
3756 	 -168.020260 	 168.020260 	 28419.389163 	 828389135.223643 
3757 	 -129.783764 	 129.783764 	 18127.093683 	 409471123.879584 
3758 	 -24.723174 	 32.246319 	 1279.755481 	 3190248.723574 
3759 	 -16.017635 	 16.221655 	 368.901276 	 258610.005236 
3760 	 0.677027 	 7.958858 	 102.878088 	 27642.286884 
3761 	 8.088696 	 10.380005 	 189.514885 	 114794.874044 
3762 	 -2.632124 	 10.521972 	 226.585471 	 268119.819058 
3763 	 12.922568 	 12.922568 	 196.843333 	 50548.421632 
3764 	 49.132156 	 49.132156 	 3005.963632 	 14982240.810170 
3765 	 115.580882 	 115.580882 	 13805.183106 	 212340234.989046 
3766 	 68.708391 	 68.708391 	 5429.594350 	 45002962.549122 
3767 	 55.322439 	 55.322439 	 3317.305629 	 14253799.984751 
3768 	 65.449416 	 65.449416 	 4359.488901 	 20208269.157193 
3769 	 43.900296 	 43.900296 	 2016.924610 	 4575683.930153 
3770 	 78.145301 	 78.145301 	 6461.690506 	 50346971.987130 
3771 	 63.909008 	 63.909008 	 4358.044617 	 22729841.130957 
3772 	 102.458976 	 102.458976 	 10926.577538 	 136517110.007470 
3773 	 120.858025 	 120.858025 	 15453.677366 	 277834545.007724 
3774 	 144.941357 	 144.941357 	 21158.670383 	 460205332.408275 
3775 	 145.732948 	 145.732948 	 21381.576376 	 470188241.570628 
3776 	 187.193013 	 187.193013 	 35112.484731 	 1242813252.705763 
3777 	 190.096884 	 190.096884 	 36245.991673 	 1330863741.661199 
3778 	 172.174436 	 172.174436 	 29886.143510 	 923913954.892748 
3779 	 208.365585 	 208.365585 	 44157.465543 	 2077964925.004798 
3780 	 228.069851 	 228.069851 	 52275.294102 	 2787228749.123147 
3781 	 226.353906 	 226.353906 	 51265.838182 	 2634366072.116724 
3782 	 198.097322 	 198.097322 	 39603.783855 	 1631055771.492121 
3783 	 211.770013 	 211.770013 	 45300.207315 	 2131931325.222139 
3784 	 189.694513 	 189.694513 	 36541.378963 	 1414194131.413435 
3785 	 212.642481 	 212.642481 	 45657.852569 	 2165392415.156496 
3786 	 225.867645 	 225.867645 	 51128.676156 	 2636065874.793831 
3787 	 231.542868 	 231.542868 	 53692.488474 	 2900442676.129667 
3788 	 239.265848 	 239.265848 	 57883.317494 	 3490165724.220985 
3789 	 218.302939 	 218.302939 	 47728.694559 	 2290841465.373930 
3790 	 222.804283 	 222.804283 	 49735.279801 	 2492276351.421493 
3791 	 237.675433 	 237.675433 	 56961.909622 	 3352585542.283877 
3792 	 167.493994 	 167.493994 	 28698.869912 	 899449872.645545 
3793 	 146.693593 	 146.693593 	 21655.779091 	 481613519.614325 
3794 	 167.502683 	 167.502683 	 28258.275774 	 821162674.839748 
3795 	 191.156290 	 191.156290 	 36675.537548 	 1365778392.633420 
3796 	 198.588838 	 198.588838 	 39639.113601 	 1602704166.052294 
3797 	 184.237361 	 184.237361 	 34252.734157 	 1217100736.144757 
3798 	 197.697483 	 197.697483 	 39332.904824 	 1588117449.579266 
3799 	 180.875180 	 180.875180 	 33069.194363 	 1139071157.713827 
3800 	 198.860280 	 198.860280 	 39875.080569 	 1639742201.776159 
3801 	 256.600567 	 256.600567 	 66070.187045 	 4426584788.746801 
3802 	 261.017775 	 261.017775 	 68236.364208 	 4684726978.212675 
3803 	 243.949400 	 243.949400 	 60402.062338 	 3846698818.488238 
3804 	 225.402842 	 225.402842 	 51230.342918 	 2709595779.649582 
3805 	 227.490541 	 227.490541 	 52070.577025 	 2774766554.568944 
3806 	 265.332659 	 265.332659 	 70451.306046 	 4977293995.888274 
3807 	 265.447962 	 265.447962 	 70752.184941 	 5083730441.359297 
3808 	 284.146685 	 284.146685 	 81088.848091 	 6693402294.053715 
3809 	 238.094261 	 238.094261 	 56749.188089 	 3235042845.165013 
3810 	 258.056678 	 258.056678 	 67025.311345 	 4609377117.819810 
3811 	 278.970722 	 278.970722 	 78379.959819 	 6312226135.994309 
3812 	 289.301065 	 289.301065 	 83877.915780 	 7092849243.120358 
3813 	 281.209446 	 281.209446 	 79297.344725 	 6353336730.944139 
3814 	 255.005171 	 255.005171 	 65363.173585 	 4358291309.973312 
3815 	 205.865145 	 205.865145 	 42625.701367 	 1857516997.213779 
3816 	 231.555259 	 231.555259 	 53701.139968 	 2901644459.014124 
3817 	 229.290016 	 229.290016 	 52795.837127 	 2833931220.712263 
3818 	 254.115994 	 254.115994 	 64805.240555 	 4260045026.836683 
3819 	 250.876383 	 250.876383 	 63101.275574 	 4021902836.138840 
3820 	 270.964393 	 270.964393 	 73596.220381 	 5468910093.645455 
3821 	 254.331169 	 254.331169 	 65370.270141 	 4474873365.509885 
3822 	 221.175845 	 221.175845 	 49425.847008 	 2532878749.929476 
3823 	 214.660905 	 214.660905 	 46510.397801 	 2239851789.963819 
3824 	 219.654943 	 219.654943 	 48345.194102 	 2355846685.482928 
3825 	 183.770977 	 183.770977 	 33911.361757 	 1169306250.653973 
3826 	 207.285331 	 207.285331 	 43194.615358 	 1901754530.377792 
3827 	 189.026311 	 189.026311 	 36181.498700 	 1373247412.230141 
3828 	 152.530736 	 152.530736 	 23342.738001 	 551569607.350837 
3829 	 148.580769 	 148.580769 	 22430.457992 	 535097006.718728 
3830 	 196.345328 	 196.345328 	 38590.561766 	 1495215551.377218 
3831 	 167.309618 	 167.309618 	 28212.144188 	 819325507.642612 
3832 	 131.815276 	 131.815276 	 17520.289051 	 317828943.210810 
3833 	 129.541510 	 129.541510 	 16974.871830 	 301974856.704527 
3834 	 102.222131 	 102.222131 	 10544.944572 	 115206367.336333 
3835 	 120.783918 	 120.783918 	 14650.490802 	 218495627.932310 
3836 	 118.587033 	 118.587033 	 14297.509613 	 218386998.396353 
3837 	 80.595819 	 80.595819 	 6918.515466 	 61175926.624114 
3838 	 101.798512 	 101.798512 	 10483.123483 	 114847133.820552 
3839 	 89.543720 	 89.543720 	 8192.736378 	 72463337.033076 
3840 	 109.884013 	 109.884013 	 12223.386867 	 156362785.208096 
3841 	 112.792078 	 112.792078 	 12769.310502 	 165559835.418552 
3842 	 156.237702 	 156.237702 	 24812.551004 	 657663340.656833 
3843 	 211.183983 	 211.183983 	 44979.681910 	 2086600507.317880 
3844 	 212.995899 	 212.995899 	 45511.092381 	 2097130338.789859 
3845 	 223.156833 	 223.156833 	 49933.237195 	 2518791294.606524 
3846 	 198.018429 	 198.018429 	 39611.722233 	 1632393466.572191 
3847 	 167.089961 	 167.089961 	 28262.848063 	 839480184.094165 
3848 	 166.243835 	 166.243835 	 27719.537923 	 777112444.289732 
3849 	 144.356486 	 144.356486 	 21460.736371 	 515262116.869096 
3850 	 68.697352 	 68.697352 	 5261.557205 	 40492505.349679 
3851 	 -1.283721 	 16.150929 	 417.668989 	 497701.539666 
3852 	 -59.227853 	 59.227853 	 3692.813889 	 16525919.356390 
3853 	 -70.411825 	 70.411825 	 5277.413752 	 34151984.042705 
3854 	 -114.880306 	 114.880306 	 13453.942790 	 192904257.351472 
3855 	 -131.715212 	 131.715212 	 17469.407494 	 314195719.844910 
3856 	 -136.142377 	 136.142377 	 18644.452291 	 355789976.979854 
3857 	 -148.429522 	 148.429522 	 22109.087247 	 496229374.527050 
3858 	 -184.780209 	 184.780209 	 34447.472405 	 1229601444.854460 
3859 	 -225.985812 	 225.985812 	 51195.495720 	 2649055413.278703 
3860 	 -238.874530 	 238.874530 	 57443.929238 	 3382238479.482023 
3861 	 -237.022651 	 237.022651 	 56638.216430 	 3310588694.664274 
3862 	 -223.069471 	 223.069471 	 50041.406981 	 2565590644.595025 
3863 	 -185.910091 	 185.910091 	 34937.346547 	 1275247165.446956 
3864 	 -147.446487 	 147.446487 	 21822.019030 	 483278144.902910 
3865 	 -147.239944 	 147.239944 	 21848.169078 	 490354140.729167 
3866 	 -110.824318 	 110.824318 	 12441.443965 	 162147748.935142 
3867 	 -114.209837 	 114.209837 	 13182.989196 	 181138468.677138 
3868 	 -98.119224 	 98.119224 	 9721.663333 	 97991769.571788 
3869 	 -120.098256 	 120.098256 	 14726.392485 	 233581194.395096 
3870 	 -118.042440 	 118.042440 	 14002.000521 	 199621922.463984 
3871 	 -131.678707 	 131.678707 	 18459.620625 	 434142617.708894 
3872 	 -179.454479 	 179.454479 	 32403.429765 	 1076221501.930943 
3873 	 -212.193669 	 212.193669 	 45293.582558 	 2099201003.238233 
3874 	 -231.715321 	 231.715321 	 54055.594625 	 3001828303.730378 
3875 	 -235.007075 	 235.007075 	 55341.577657 	 3087432700.040405 
3876 	 -245.007956 	 245.007956 	 60186.884514 	 3659073084.692163 
3877 	 -243.542484 	 243.542484 	 59607.245979 	 3618821828.494722 
3878 	 -228.015507 	 228.015507 	 52115.186104 	 2742659893.938434 
3879 	 -170.498489 	 170.498489 	 29320.290322 	 892930939.372522 
3880 	 -154.160543 	 154.160543 	 24025.204728 	 600369280.280074 
3881 	 -146.482141 	 146.482141 	 21671.923343 	 487405816.288053 
3882 	 -124.159296 	 124.159296 	 15542.317763 	 249742189.698979 
3883 	 -103.158526 	 103.158526 	 10888.979325 	 128783154.613049 
3884 	 -64.949679 	 64.949679 	 4360.828993 	 21306634.518020 
3885 	 -75.065461 	 75.065461 	 5757.383538 	 35470102.317502 
3886 	 -88.959607 	 88.959607 	 8468.022401 	 91308676.936611 
3887 	 -97.760024 	 97.760024 	 9937.454728 	 114830914.847049 
3888 	 -119.807435 	 119.807435 	 15330.338192 	 294867321.586702 
3889 	 -194.062458 	 194.062458 	 37823.152521 	 1454428802.117469 
3890 	 -193.252974 	 193.252974 	 37554.384055 	 1440143493.150996 
3891 	 -197.595936 	 197.595936 	 39278.860615 	 1581197819.358186 
3892 	 -201.924320 	 201.924320 	 41058.301362 	 1733826534.921732 
3893 	 -172.292626 	 172.292626 	 30055.958268 	 948549579.659035 
3894 	 -142.854914 	 142.854914 	 20500.547897 	 427918958.518545 
3895 	 -117.466797 	 117.466797 	 14040.142069 	 212165942.575504 
3896 	 -166.325876 	 166.325876 	 27806.180430 	 788755528.059070 
3897 	 -164.465025 	 164.465025 	 27379.600365 	 788198364.243520 
3898 	 -173.727732 	 173.727732 	 30286.923674 	 930140017.489334 
3899 	 -183.311160 	 183.311160 	 33737.012893 	 1156832996.077289 
3900 	 -179.439549 	 179.439549 	 32566.020421 	 1108379621.946649 
3901 	 -200.300769 	 200.300769 	 40316.891904 	 1655572863.425141 
3902 	 -279.011944 	 279.011944 	 78426.140870 	 6330832716.757800 
3903 	 -248.379249 	 248.379249 	 61869.947459 	 3873637060.571479 
3904 	 -253.587321 	 253.587321 	 64565.366586 	 4233569518.868623 
3905 	 -248.108490 	 248.108490 	 61768.898375 	 3867900140.650497 
3906 	 -234.306186 	 234.306186 	 55240.093946 	 3121483120.916404 
3907 	 -216.251433 	 216.251433 	 46819.222434 	 2201906231.424403 
3908 	 -191.304157 	 191.304157 	 36980.969218 	 1429610531.166409 
3909 	 -185.842675 	 185.842675 	 34714.096088 	 1229724351.344084 
3910 	 -184.982770 	 184.982770 	 34453.418794 	 1219400690.982214 
3911 	 -169.109013 	 169.109013 	 29202.894879 	 926732110.996442 
3912 	 -133.581299 	 133.581299 	 18275.258302 	 358187621.128465 
3913 	 -117.193117 	 117.193117 	 14036.000951 	 212291044.404865 
3914 	 -97.813454 	 97.813454 	 9946.185811 	 112704478.770523 
3915 	 -65.543079 	 65.543079 	 4867.089168 	 32673925.953721 
3916 	 -61.177691 	 61.177691 	 3995.498532 	 19692430.404029 
3917 	 -45.357157 	 45.357157 	 2602.436979 	 10548171.057809 
3918 	 -17.819301 	 29.534416 	 1239.198366 	 3066452.666024 
3919 	 -29.327843 	 29.327843 	 938.040549 	 1261375.471493 
3920 	 -9.059881 	 37.442638 	 1816.316153 	 8063594.785274 
3921 	 74.945362 	 74.945362 	 5959.451568 	 43628728.216290 
3922 	 97.353350 	 97.353350 	 9571.826710 	 95062270.267287 
3923 	 114.336801 	 114.336801 	 13591.778143 	 211399096.885668 
3924 	 149.915660 	 149.915660 	 22917.836717 	 570333271.433122 
3925 	 172.629436 	 172.629436 	 30269.107644 	 976415501.792260 
3926 	 160.738901 	 160.738901 	 26002.106793 	 693919589.662851 
3927 	 131.406827 	 131.406827 	 17500.924613 	 321917878.437832 
3928 	 165.439418 	 165.439418 	 27601.967661 	 786855282.150410 
3929 	 151.880918 	 151.880918 	 23444.107584 	 589090304.381746 
3930 	 182.768635 	 182.768635 	 34050.482571 	 1242206938.786732 
3931 	 135.448617 	 135.448617 	 18425.497137 	 345065851.432070 
3932 	 181.458946 	 181.458946 	 33468.528861 	 1189073482.530626 
3933 	 231.547141 	 231.547141 	 53820.036572 	 2937818664.634188 
3934 	 222.430307 	 222.430307 	 49995.089215 	 2607152481.878487 
3935 	 260.209764 	 260.209764 	 67866.957050 	 4649161825.212239 
3936 	 251.991894 	 251.991894 	 63661.390843 	 4093312503.964053 
3937 	 258.430528 	 258.430528 	 67148.633301 	 4614297096.929988 
3938 	 238.389430 	 238.389430 	 57238.647221 	 3362062564.276958 
3939 	 224.901924 	 224.901924 	 50793.651948 	 2625513151.901888 
3940 	 226.020949 	 226.020949 	 51230.505258 	 2653321727.559515 
3941 	 230.439822 	 230.439822 	 53283.182071 	 2874805988.160321 
3942 	 241.004117 	 241.004117 	 58477.406041 	 3506342021.662594 
3943 	 273.893572 	 273.893572 	 75106.663681 	 5668161916.146783 
3944 	 242.298010 	 242.298010 	 59030.915644 	 3564833774.917406 
3945 	 254.543509 	 254.543509 	 64871.867139 	 4229667959.911150 
3946 	 243.767232 	 243.767232 	 59608.947036 	 3596332947.511122 
3947 	 231.109902 	 231.109902 	 53673.236958 	 2934482486.852781 
3948 	 225.107315 	 225.107315 	 50789.731329 	 2604637902.420651 
3949 	 203.832086 	 203.832086 	 42307.367343 	 1905555290.100008 
3950 	 139.786116 	 139.786116 	 19779.483739 	 410699484.474484 
3951 	 178.158124 	 178.158124 	 32096.271810 	 1077108672.418143 
3952 	 199.621811 	 199.621811 	 39964.838362 	 1616048211.329833 
3953 	 156.225489 	 156.225489 	 24997.618446 	 683688075.016222 
3954 	 115.847028 	 115.847028 	 13892.129438 	 221979207.524304 
3955 	 127.282476 	 127.282476 	 17739.800391 	 416921389.414830 
3956 	 195.754103 	 195.754103 	 38767.639267 	 1577362053.587259 
3957 	 149.554596 	 149.554596 	 22882.728168 	 571866448.376170 
3958 	 144.555662 	 144.555662 	 21067.997279 	 457750749.333790 
3959 	 129.101668 	 129.101668 	 16867.086117 	 298210462.477281 
3960 	 117.958197 	 117.958197 	 13989.162363 	 199615414.766899 
3961 	 69.570915 	 69.570915 	 5409.312152 	 38562424.685245 
3962 	 78.723999 	 78.723999 	 6303.560703 	 42561816.428823 
3963 	 77.834608 	 77.834608 	 6605.946264 	 56803176.766621 
3964 	 130.063980 	 130.063980 	 17493.210157 	 345350115.324411 
3965 	 176.354991 	 176.354991 	 31428.492749 	 1030634181.931292 
3966 	 200.495581 	 200.495581 	 40384.436340 	 1661197073.627130 
3967 	 193.986195 	 193.986195 	 37877.968682 	 1470378668.707502 
3968 	 199.590801 	 199.590801 	 40079.347992 	 1646252445.753522 
3969 	 186.236593 	 186.236593 	 35366.046309 	 1342438173.252242 
3970 	 177.577203 	 177.577203 	 31869.631595 	 1062108805.814326 
3971 	 171.949505 	 171.949505 	 29774.122589 	 912011190.627365 
3972 	 167.498258 	 167.498258 	 28318.809680 	 832287466.326164 
3973 	 195.001971 	 195.001971 	 38076.097943 	 1457134278.173355 
3974 	 219.141194 	 219.141194 	 48099.078788 	 2328765526.437037 
3975 	 200.175560 	 200.175560 	 40328.776971 	 1667122152.340223 
3976 	 135.016121 	 135.016121 	 18457.060640 	 357631481.136494 
3977 	 168.939040 	 168.939040 	 28981.873282 	 888179169.097172 
3978 	 162.414206 	 162.414206 	 26512.494405 	 717337653.012243 
3979 	 133.039309 	 133.039309 	 19018.901712 	 457150235.855725 
3980 	 87.531183 	 87.531183 	 7898.044653 	 70193068.020505 
3981 	 82.001960 	 82.001960 	 7447.501241 	 71558734.505993 
3982 	 131.727741 	 131.727741 	 17595.421833 	 326290870.703440 
3983 	 130.536629 	 130.536629 	 17438.987474 	 330898500.841153 
3984 	 121.553920 	 121.553920 	 14958.385676 	 235701139.911548 
3985 	 94.397883 	 94.397883 	 9105.225301 	 91009767.327516 
3986 	 78.168771 	 78.168771 	 6355.419907 	 45575586.989645 
3987 	 78.529313 	 78.529313 	 6814.255537 	 60260133.549929 
3988 	 10.034950 	 21.104434 	 709.232845 	 1488337.762833 
3989 	 -42.743311 	 42.743311 	 2165.219883 	 6862149.989372 
3990 	 -60.472790 	 60.472790 	 4312.983462 	 29737437.379637 
3991 	 -78.429846 	 78.429846 	 6625.687529 	 56943090.329751 
3992 	 -42.163144 	 42.163144 	 1860.049167 	 3950913.890042 
3993 	 -35.518594 	 35.518594 	 1415.915050 	 3051936.541361 
3994 	 -21.006605 	 23.168078 	 864.485244 	 1504260.074101 
3995 	 3.814356 	 12.864214 	 211.056300 	 88339.328404 
3996 	 47.991359 	 47.991359 	 2894.624368 	 15382411.130373 
3997 	 75.648632 	 75.648632 	 5824.593984 	 36379749.307155 
3998 	 109.546368 	 109.546368 	 12569.420983 	 182693641.877926 
3999 	 166.337136 	 166.337136 	 28018.061151 	 822613679.163726 
4000 	 178.398050 	 178.398050 	 32167.946671 	 1079339155.162424 

%ACCRATE = 0.897875
