%%%%%%%%%%%%%%%%%%%%%%%%%%%%%%%%%%%%%%%%%%%%%%%%%%%%%%%%%%%%%%%%%%%%%%%%%%%
%SIMULAZIONE D = 3, L = 8, V = 512
%NUMERO DI MISURE PER OGNI naccu: T = 1000
%%%%%%%%%%%%%%%%%%%%%%%%%%%%%%%%%%%%%%%%%%%%%%%%%%%%%%%%%%%%%%%%%%%%%%%%%%%
%naccu = 512
%%%%%%%%%%%%%%%%%%%%%%%%%%%%%%%%%%%%%%%%%%%%%%%%%%%%%%%%%%%%%%%%%%%%%%%%%%%

%%%%%%%%%%%%%%%%%%%%%%%%%%%%%%%%%%%%%%%%%%%%%%%%%%%%%%%%%%%%%%%%%%%%%%%%%%%

9001 	 168.141470 	 175.076564 	 38441.570006 	 2178420171.959701 
9002 	 229.371496 	 229.371496 	 54816.186224 	 3476570091.921119 
9003 	 190.188317 	 190.188317 	 40077.933955 	 2137552480.040092 
9004 	 248.159621 	 248.159621 	 63207.872537 	 4365064480.848191 
9005 	 -160.101777 	 186.731767 	 40883.266305 	 2372395743.195366 
9006 	 98.995085 	 141.870601 	 25329.821177 	 1147824006.540461 
9007 	 103.667205 	 115.134492 	 18933.972793 	 711887456.870175 
9008 	 135.092276 	 161.482842 	 33810.771126 	 1940073524.769713 
9009 	 214.172188 	 214.470812 	 49722.360978 	 2981983940.039748 
9010 	 188.349839 	 188.449431 	 39003.921844 	 1940353416.351071 
9011 	 -72.857534 	 122.505277 	 18648.891708 	 598881602.827907 
9012 	 -184.964785 	 185.224106 	 38480.471272 	 1979841275.047251 
9013 	 -216.764523 	 216.764523 	 49122.238633 	 2818084956.287751 
9014 	 51.295362 	 131.560562 	 24024.908876 	 1176545125.150735 
9015 	 172.781728 	 172.781728 	 34475.048926 	 1742650499.204004 
9016 	 210.907056 	 211.027123 	 48794.286754 	 2924422705.621885 
9017 	 126.732728 	 149.279464 	 29201.055697 	 1384442907.035462 
9018 	 -107.873153 	 202.945250 	 45964.397749 	 2733892260.301591 
9019 	 -205.126997 	 205.126997 	 46633.706984 	 2834187403.820738 
9020 	 -144.924774 	 183.553552 	 40200.880571 	 2366847177.857625 
9021 	 199.186056 	 199.186056 	 42530.550519 	 2208332421.515057 
9022 	 217.407257 	 217.407257 	 49830.593035 	 2968705594.707752 
9023 	 70.694070 	 182.157805 	 38727.193255 	 2081647371.420967 
9024 	 -159.052117 	 172.360685 	 35024.359030 	 1769306287.533249 
9025 	 50.698377 	 114.451895 	 18552.669820 	 689896435.659704 
9026 	 -121.204179 	 156.405862 	 30278.945410 	 1464752314.154095 
9027 	 165.388362 	 166.924853 	 35393.585666 	 2055818039.319238 
9028 	 194.167776 	 194.167776 	 40562.520365 	 2044111404.288729 
9029 	 201.677065 	 201.677065 	 43905.773240 	 2388836139.163945 
9030 	 10.173170 	 143.139728 	 23392.886307 	 767380144.674365 
9031 	 139.403373 	 159.105456 	 29838.086077 	 1294852812.676366 
9032 	 52.423336 	 126.414004 	 22128.822261 	 886305941.365645 
9033 	 125.966969 	 190.400157 	 41980.553226 	 2422596319.218668 
9034 	 193.581459 	 193.581459 	 40705.301303 	 2160249412.995993 
9035 	 181.881078 	 184.217002 	 39462.351085 	 2168403986.982559 
9036 	 154.321829 	 161.906846 	 31450.972812 	 1491914286.417799 
9037 	 75.889397 	 158.878896 	 30796.912699 	 1462050365.581938 
9038 	 -188.472800 	 188.472800 	 39758.342136 	 2084852817.149597 
9039 	 -63.842768 	 113.548012 	 17277.064249 	 530411247.641755 
9040 	 117.692515 	 122.565185 	 25126.200689 	 1517616117.890610 
9041 	 165.122177 	 165.122177 	 31172.964327 	 1443004850.428379 
9042 	 85.645415 	 137.342956 	 22995.308861 	 807772402.202227 
9043 	 -66.914120 	 141.664769 	 25852.721108 	 1168199772.882668 
9044 	 179.897182 	 179.897182 	 35075.687281 	 1606576884.904469 
9045 	 213.259597 	 213.259597 	 46966.890126 	 2488520786.688196 
9046 	 225.199984 	 225.199984 	 52162.614389 	 3012850337.289085 
9047 	 219.983636 	 219.983636 	 50973.431196 	 3115617581.916365 
9048 	 217.173919 	 217.173919 	 48939.857644 	 2704941917.559362 
9049 	 183.211712 	 183.966385 	 38068.349801 	 1933827465.386948 
9050 	 189.391761 	 189.391761 	 39932.430215 	 2177538676.029607 
9051 	 197.640564 	 197.640564 	 42843.635973 	 2392673022.202692 
9052 	 64.185196 	 102.094226 	 13878.724113 	 353794637.872510 
9053 	 184.598740 	 185.832031 	 39466.180140 	 2027558372.688701 
9054 	 37.406861 	 172.257393 	 35393.022956 	 1808210851.116348 
9055 	 -194.841802 	 197.102626 	 44999.046285 	 2667883225.709352 
9056 	 -176.868205 	 176.868205 	 34960.576891 	 1698557264.300733 
9057 	 -8.824391 	 112.185245 	 18416.743389 	 773934851.122807 
9058 	 -204.278305 	 204.297351 	 46854.000338 	 2902073634.342873 
9059 	 133.790822 	 176.434098 	 37405.305893 	 2109259504.330592 
9060 	 175.550619 	 185.455320 	 42170.507031 	 2628631896.533693 
9061 	 201.566997 	 201.566997 	 45036.451033 	 2635025762.289629 
9062 	 146.005550 	 146.005550 	 24158.639521 	 815473897.274951 
9063 	 53.831646 	 138.915988 	 25854.787085 	 1178185169.871912 
9064 	 -146.807990 	 146.807990 	 24697.616228 	 914550361.883212 
9065 	 -147.071383 	 147.074780 	 26137.929218 	 1176595160.614136 
9066 	 -203.406574 	 203.406574 	 43326.023300 	 2195422212.733003 
9067 	 152.688823 	 172.589726 	 33776.331874 	 1527276497.427965 
9068 	 176.172658 	 176.613746 	 34712.338293 	 1570534786.805494 
9069 	 218.024819 	 218.024819 	 49387.252296 	 2823471985.600070 
9070 	 190.258605 	 190.258605 	 39244.424243 	 1942951510.688183 
9071 	 88.908030 	 141.237053 	 27335.763234 	 1370147236.955114 
9072 	 -218.289008 	 218.289008 	 49361.142687 	 2750363995.376549 
9073 	 -234.950186 	 234.950186 	 56849.877998 	 3570056804.369258 
9074 	 13.908541 	 149.461849 	 28208.227440 	 1463767194.013074 
9075 	 142.960028 	 155.907661 	 30172.541637 	 1446809500.309157 
9076 	 198.086450 	 198.091557 	 42718.810994 	 2357419308.746668 
9077 	 244.632981 	 244.632981 	 61555.230636 	 4129128498.299154 
9078 	 178.313493 	 178.313493 	 35763.189283 	 1825928000.461689 
9079 	 166.542956 	 166.542956 	 32004.113199 	 1456111893.588438 
9080 	 219.361912 	 219.361912 	 50541.740075 	 2994784308.853687 
9081 	 39.286308 	 118.726892 	 20385.386250 	 964854234.063309 
9082 	 107.517814 	 127.191946 	 24799.113882 	 1271036940.533774 
9083 	 203.667261 	 203.667261 	 44077.812908 	 2393844375.725900 
9084 	 185.490087 	 185.490087 	 39276.149879 	 2213651818.933273 
9085 	 205.326390 	 205.326390 	 46690.056128 	 2948241037.960766 
9086 	 209.594357 	 209.594357 	 46223.650947 	 2484581958.500867 
9087 	 -123.207486 	 156.474263 	 31379.077107 	 1603264403.907440 
9088 	 -215.365627 	 215.365627 	 48877.411966 	 2786330570.094549 
9089 	 -201.310716 	 201.310716 	 43463.270695 	 2329996499.216708 
9090 	 -186.144242 	 186.144242 	 38141.130820 	 1868272572.546467 
9091 	 -189.031666 	 189.031666 	 37961.257235 	 1755598142.074068 
9092 	 -130.983560 	 178.654031 	 37253.380358 	 1938265004.016299 
9093 	 -71.935084 	 153.154908 	 28802.048499 	 1345337951.871782 
9094 	 -189.101750 	 189.464318 	 40272.293115 	 2154819636.704588 
9095 	 217.460384 	 217.504740 	 53082.787496 	 3586362957.473713 
9096 	 213.121783 	 213.121783 	 48446.572492 	 2825228472.844957 
9097 	 172.806397 	 172.810912 	 34537.731350 	 1758351067.968229 
9098 	 209.523135 	 209.523135 	 47382.943296 	 2678781272.591939 
9099 	 216.635725 	 216.635725 	 49102.213308 	 2833185802.645671 
9100 	 23.172064 	 217.355198 	 50939.680261 	 3109641787.065166 
9101 	 -186.599700 	 187.080390 	 39327.399086 	 2074084824.279806 
9102 	 181.898602 	 181.898602 	 38243.362515 	 2099209144.773468 
9103 	 205.788480 	 205.788480 	 44715.417169 	 2375648953.896013 
9104 	 224.288752 	 224.288752 	 52328.921771 	 3122220386.278454 
9105 	 214.587073 	 214.587073 	 48201.999195 	 2695534378.962725 
9106 	 209.361724 	 209.448589 	 46840.478570 	 2589113987.361488 
9107 	 144.711474 	 145.314073 	 25182.349170 	 962999765.034710 
9108 	 189.674647 	 189.674647 	 38096.072652 	 1755381445.287195 
9109 	 -139.080755 	 167.990401 	 33419.487673 	 1592977872.746792 
9110 	 -1.700603 	 116.618287 	 16758.688232 	 493276626.517422 
9111 	 224.488177 	 224.488177 	 52663.360569 	 3219347574.528457 
9112 	 211.789285 	 211.789285 	 46585.389135 	 2484867139.818091 
9113 	 -55.503009 	 199.429753 	 44270.070990 	 2474153537.852324 
9114 	 -180.893973 	 183.092163 	 41894.623178 	 2614455987.743954 
9115 	 -147.867418 	 164.758564 	 33499.068964 	 1747696105.792284 
9116 	 -176.920306 	 179.369555 	 36373.024248 	 1810094696.913254 
9117 	 85.071165 	 115.315369 	 19046.083366 	 768078462.313552 
9118 	 117.977570 	 156.024815 	 32706.570792 	 1845489442.129536 
9119 	 -92.368803 	 101.960149 	 15717.555754 	 532972605.588785 
9120 	 80.943696 	 108.135218 	 19097.907634 	 960823432.120616 
9121 	 142.908892 	 145.364207 	 26216.938643 	 1016546829.450660 
9122 	 -120.938512 	 159.954981 	 28639.248779 	 1094472998.413520 
9123 	 -177.629099 	 178.474821 	 36584.675995 	 1834258871.792022 
9124 	 -202.022708 	 202.022708 	 44145.436602 	 2497080900.165051 
9125 	 -223.502038 	 223.502038 	 51478.037808 	 2931909332.653207 
9126 	 -201.700276 	 201.700276 	 44445.960908 	 2543415804.049315 
9127 	 -157.933970 	 157.933970 	 27827.755256 	 1046899965.122393 
9128 	 -214.790713 	 214.790713 	 47741.079141 	 2563149555.623528 
9129 	 86.324936 	 174.112690 	 35212.958757 	 1747223666.775282 
9130 	 -198.658641 	 198.658641 	 41846.026602 	 2108802523.581935 
9131 	 -178.406993 	 183.353356 	 37445.632219 	 1735640077.194725 
9132 	 -98.995925 	 104.072771 	 14721.718240 	 456095146.180563 
9133 	 216.024008 	 216.024008 	 48962.364522 	 2854221154.853955 
9134 	 225.203691 	 225.203691 	 53151.866922 	 3254967609.349170 
9135 	 215.102152 	 215.102152 	 48714.085494 	 2808530832.694317 
9136 	 169.010426 	 169.010426 	 33304.237501 	 1606080348.073600 
9137 	 -82.143466 	 152.684726 	 29735.664579 	 1544353886.309127 
9138 	 59.705004 	 171.174386 	 35452.488692 	 1842367906.240210 
9139 	 195.797974 	 195.797974 	 39823.343261 	 1816462315.563363 
9140 	 57.705327 	 182.812760 	 38979.807866 	 2056489090.080196 
9141 	 76.410684 	 157.242483 	 29473.496515 	 1381352925.956952 
9142 	 166.068778 	 166.619835 	 33203.187065 	 1606895028.099637 
9143 	 -105.221856 	 130.866578 	 25079.503179 	 1443653243.345300 
9144 	 -228.071295 	 228.071295 	 53834.515949 	 3262677117.689643 
9145 	 -180.260881 	 183.730825 	 40337.402472 	 2321705321.778918 
9146 	 -189.328913 	 189.328913 	 39303.540636 	 1991858045.168631 
9147 	 -139.289159 	 161.723948 	 37404.923757 	 2406447945.067198 
9148 	 61.981005 	 142.257155 	 24869.698591 	 986096137.826990 
9149 	 -202.267284 	 202.267284 	 44499.958044 	 2539201803.054430 
9150 	 10.910057 	 199.857057 	 46207.130826 	 2854790169.230130 
9151 	 -148.617061 	 167.157652 	 34989.512256 	 1974532522.078072 
9152 	 -184.729631 	 184.729631 	 38174.990626 	 1944045641.756345 
9153 	 -238.395959 	 238.395959 	 58870.473753 	 3883813718.794137 
9154 	 -88.043127 	 132.684565 	 21419.428526 	 717548086.328629 
9155 	 164.370672 	 168.235904 	 32729.411855 	 1474699261.830404 
9156 	 164.875972 	 168.980725 	 35645.658036 	 1933982340.099927 
9157 	 97.962338 	 122.478277 	 20957.411244 	 906725075.337564 
9158 	 108.371730 	 150.547566 	 28959.176801 	 1462807745.444471 
9159 	 -218.893167 	 218.893167 	 50793.810806 	 3126440360.978841 
9160 	 -104.193301 	 112.056162 	 16728.360643 	 568474457.814186 
9161 	 -210.322780 	 210.322780 	 47206.159401 	 2669658101.780756 
9162 	 -17.623978 	 104.032870 	 18418.652461 	 1006616222.002223 
9163 	 169.182053 	 169.182053 	 31524.552609 	 1333812457.162503 
9164 	 184.882752 	 184.882752 	 37680.515721 	 1858654415.283821 
9165 	 2.450170 	 161.252420 	 32358.308572 	 1635184233.759568 
9166 	 -140.600581 	 154.072456 	 29460.325717 	 1422703236.431823 
9167 	 -217.188460 	 217.188460 	 50980.375305 	 3255814567.026512 
9168 	 -198.944658 	 198.944658 	 42066.736806 	 2193475758.961097 
9169 	 -129.968765 	 131.924434 	 22713.049742 	 953412814.496224 
9170 	 -207.853678 	 207.853678 	 46164.866129 	 2555515933.732893 
9171 	 -201.248763 	 201.248763 	 43453.065064 	 2356535386.936318 
9172 	 -122.780233 	 123.532569 	 19211.394972 	 626726199.000964 
9173 	 -135.447356 	 135.646260 	 24224.608742 	 1161946931.470716 
9174 	 -136.830573 	 142.295352 	 22816.911975 	 712674372.920480 
9175 	 -184.220647 	 184.220647 	 38836.689403 	 2148108796.674269 
9176 	 -148.919340 	 151.590405 	 28487.907470 	 1342712298.097198 
9177 	 -166.091059 	 166.091059 	 32303.643033 	 1586987965.991059 
9178 	 -214.718867 	 214.718867 	 48692.946746 	 2814022157.880882 
9179 	 -138.324318 	 145.977427 	 30929.189945 	 1818829181.166915 
9180 	 171.471159 	 172.850232 	 35942.090946 	 1929023352.000444 
9181 	 105.909257 	 120.300807 	 18867.504040 	 653645815.401594 
9182 	 128.075985 	 135.691571 	 24274.221240 	 1023908594.690563 
9183 	 -23.262871 	 135.015272 	 22756.794271 	 818552494.108667 
9184 	 -197.926351 	 197.926351 	 41040.949511 	 1991893114.442785 
9185 	 -112.334846 	 144.062563 	 27065.232077 	 1308557579.573833 
9186 	 -181.885461 	 182.086428 	 39120.812989 	 2262402487.929405 
9187 	 -134.499397 	 141.278103 	 28602.584288 	 1504646249.886505 
9188 	 -206.156559 	 206.156559 	 44547.850313 	 2296282791.407606 
9189 	 -173.383706 	 175.121113 	 33642.196415 	 1425099130.793792 
9190 	 -16.499961 	 146.046901 	 29508.505695 	 1543378194.896334 
9191 	 -102.054885 	 126.441701 	 27639.171405 	 1753690269.301462 
9192 	 25.640334 	 159.174570 	 32752.574161 	 1802901795.685326 
9193 	 -216.862821 	 216.862821 	 49434.125597 	 2878265446.853238 
9194 	 -140.387620 	 149.990092 	 29649.741867 	 1527326055.727838 
9195 	 -168.370191 	 194.110064 	 40777.212933 	 1988390687.127070 
9196 	 41.272480 	 123.096659 	 23385.821463 	 1220178595.518446 
9197 	 -191.337935 	 191.337935 	 41320.044627 	 2356686975.887260 
9198 	 -197.838003 	 197.838003 	 41430.569999 	 2055092003.804651 
9199 	 -231.293793 	 231.293793 	 55109.685677 	 3369404985.191381 
9200 	 -144.239471 	 144.239471 	 24296.870067 	 893279236.447975 
9201 	 -144.394051 	 144.394051 	 25166.623471 	 1064140621.884184 
9202 	 -89.447348 	 124.639780 	 22744.317342 	 1190328484.803337 
9203 	 -225.853460 	 225.853460 	 53634.814939 	 3404516282.447847 
9204 	 -217.573245 	 217.573245 	 49299.687526 	 2804120064.033617 
9205 	 -177.909625 	 177.909625 	 35210.811827 	 1698143978.046396 
9206 	 -182.969464 	 183.279272 	 38063.479000 	 1945467542.847944 
9207 	 -103.448807 	 169.750790 	 33442.719625 	 1655792083.381322 
9208 	 19.999862 	 128.827853 	 21507.275513 	 877853058.610689 
9209 	 -76.475737 	 135.914910 	 23259.168387 	 924675532.587134 
9210 	 -150.826134 	 150.993753 	 26503.194997 	 1018395271.117604 
9211 	 -243.823118 	 243.823118 	 60875.987053 	 4047600201.547301 
9212 	 71.856716 	 217.468406 	 50820.926169 	 3097719909.464710 
9213 	 217.925723 	 217.925723 	 49071.434286 	 2697513031.663189 
9214 	 203.953257 	 203.953257 	 44133.074396 	 2336971476.823069 
9215 	 133.600631 	 156.403300 	 27599.928387 	 1054021221.462974 
9216 	 54.509360 	 103.083801 	 16286.553488 	 606480956.196108 
9217 	 -198.468486 	 198.468486 	 42311.061397 	 2226659640.207931 
9218 	 -177.580884 	 185.141011 	 43763.147741 	 3054349029.048927 
9219 	 -246.538005 	 246.538005 	 62325.502021 	 4277112852.221984 
9220 	 -215.874928 	 215.874928 	 48547.896560 	 2700902304.716366 
9221 	 -200.225386 	 209.410702 	 46776.178604 	 2644862198.517300 
9222 	 -23.819573 	 205.145759 	 46418.608539 	 2724111850.200255 
9223 	 115.464569 	 143.362489 	 25014.699804 	 988995669.684833 
9224 	 -53.732907 	 118.956318 	 17194.606456 	 481386446.514090 
9225 	 -157.872356 	 157.872356 	 29197.258911 	 1243583524.791842 
9226 	 -163.238488 	 164.041400 	 30079.981870 	 1187000577.128305 
9227 	 -159.064452 	 160.584139 	 33143.492688 	 1811165229.498236 
9228 	 52.457785 	 135.542421 	 21042.503366 	 631197987.445563 
9229 	 161.258897 	 165.773135 	 35388.446369 	 1984902406.312499 
9230 	 63.853406 	 134.167903 	 23762.888082 	 1040258467.864877 
9231 	 -168.766951 	 170.604070 	 35603.045431 	 1959878796.739537 
9232 	 -28.202388 	 183.507721 	 38752.591244 	 2066359624.566940 
9233 	 -224.198683 	 224.198683 	 54520.691982 	 3672964834.674795 
9234 	 157.288582 	 164.066323 	 33124.174749 	 1675733549.613987 
9235 	 5.836331 	 138.892924 	 24897.554886 	 1018592363.554974 
9236 	 -155.876345 	 165.084740 	 33463.769025 	 1627645442.416075 
9237 	 10.421731 	 126.052104 	 22967.175519 	 1044566528.593991 
9238 	 213.837062 	 213.837062 	 47602.181320 	 2606481497.595718 
9239 	 -13.155119 	 170.100967 	 32916.405009 	 1486986412.287591 
9240 	 -196.461579 	 196.461579 	 43406.330416 	 2548812644.357197 
9241 	 136.457234 	 158.539174 	 31505.580287 	 1815237977.486895 
9242 	 201.268597 	 201.268597 	 45096.744412 	 2646131973.875251 
9243 	 237.143024 	 237.143024 	 58316.112550 	 3847121179.683282 
9244 	 170.510852 	 170.980886 	 34670.733035 	 1762329819.598978 
9245 	 189.433763 	 189.908235 	 40974.612938 	 2253542530.856011 
9246 	 172.960207 	 172.960207 	 32020.999930 	 1293571510.293890 
9247 	 210.215160 	 210.215160 	 47703.734327 	 2882016839.931294 
9248 	 76.698795 	 114.433393 	 19231.726979 	 812007376.125591 
9249 	 -6.597141 	 165.185546 	 32578.749707 	 1642511810.029524 
9250 	 -224.442225 	 224.442225 	 52633.463387 	 3190897933.355518 
9251 	 -231.005107 	 231.005107 	 56242.457083 	 3615189848.360409 
9252 	 -195.712967 	 195.712967 	 41599.955800 	 2237066934.166468 
9253 	 -104.601504 	 110.925557 	 17664.725555 	 674127922.370150 
9254 	 73.826531 	 177.635430 	 34666.872426 	 1517053022.273822 
9255 	 179.250091 	 179.309571 	 35837.164239 	 1740152138.161496 
9256 	 217.277704 	 217.277704 	 48602.375891 	 2636992242.709160 
9257 	 199.018737 	 199.018737 	 43709.153229 	 2456193231.083538 
9258 	 -31.637553 	 140.728801 	 23494.204511 	 815553125.929459 
9259 	 -57.523317 	 101.611916 	 15822.746078 	 615898337.113053 
9260 	 144.829163 	 191.774414 	 41990.163075 	 2479107532.702889 
9261 	 63.730727 	 180.102776 	 36520.991917 	 1808645562.132683 
9262 	 160.103514 	 160.787790 	 29928.510602 	 1266199058.783975 
9263 	 141.760154 	 143.356406 	 25685.965060 	 1177013431.822177 
9264 	 -189.806988 	 193.007786 	 41915.650078 	 2253185242.059862 
9265 	 168.610646 	 168.673700 	 32663.803442 	 1524535664.959275 
9266 	 183.997264 	 184.009154 	 37940.724151 	 1926697359.284042 
9267 	 171.534037 	 172.713406 	 35223.902060 	 1762123655.406988 
9268 	 212.385114 	 212.385114 	 47215.333493 	 2600260379.068085 
9269 	 204.142505 	 204.142505 	 44210.407965 	 2351903458.998405 
9270 	 150.112360 	 154.813311 	 30888.730670 	 1587694708.252395 
9271 	 -118.026829 	 143.328413 	 27284.830656 	 1350057541.355457 
9272 	 -155.709648 	 157.765687 	 30331.022333 	 1427466386.541802 
9273 	 -162.910520 	 162.910520 	 28461.817161 	 1024859573.714300 
9274 	 -78.453340 	 113.023398 	 19943.474801 	 958902642.917930 
9275 	 -213.479258 	 213.479258 	 48262.782614 	 2791801403.030908 
9276 	 -157.630200 	 161.803355 	 34049.266744 	 1852716892.919025 
9277 	 82.462487 	 110.783242 	 19189.853374 	 1022371090.050295 
9278 	 197.768357 	 197.768357 	 40525.106569 	 1850098812.087033 
9279 	 -133.534230 	 137.158069 	 24213.641878 	 991178138.828360 
9280 	 -118.873954 	 124.240739 	 19056.616728 	 606472877.003052 
9281 	 -109.920704 	 154.732371 	 31529.395075 	 1732723867.375494 
9282 	 209.369303 	 209.369303 	 47586.744511 	 2848498342.453241 
9283 	 198.847087 	 198.847087 	 43101.515671 	 2364214174.027096 
9284 	 67.634249 	 89.259998 	 11544.406430 	 323888277.770562 
9285 	 -122.761946 	 155.650640 	 29668.065616 	 1363046020.572433 
9286 	 223.568284 	 223.568284 	 52155.276466 	 3138817853.663667 
9287 	 0.661573 	 134.351490 	 25142.982042 	 1225539677.346642 
9288 	 -69.686716 	 133.501988 	 21132.458211 	 710346950.368977 
9289 	 203.466332 	 203.466332 	 42595.523988 	 2005176019.920953 
9290 	 22.420099 	 143.953132 	 25570.853711 	 1075795945.542244 
9291 	 -219.700973 	 219.700973 	 51333.618248 	 3155832079.563449 
9292 	 -173.536315 	 173.674546 	 35475.927668 	 1826637682.640783 
9293 	 -100.744833 	 169.201929 	 32496.507644 	 1390491171.597467 
9294 	 154.291348 	 155.085849 	 30747.376301 	 1517377296.297534 
9295 	 155.083560 	 156.232019 	 32161.961399 	 1804195270.253041 
9296 	 106.008196 	 106.839453 	 14842.033646 	 424542545.380877 
9297 	 140.490211 	 141.123252 	 24798.716949 	 1092185233.752694 
9298 	 89.238302 	 97.845148 	 16855.162245 	 834503645.399747 
9299 	 -180.772076 	 180.772076 	 36924.505717 	 1916759319.700744 
9300 	 -105.628707 	 163.751636 	 32779.960583 	 1623519837.235886 
9301 	 -4.557002 	 115.877706 	 18110.094284 	 612144400.397368 
9302 	 -221.843300 	 221.843300 	 51667.204025 	 3081078271.161049 
9303 	 -168.348307 	 168.362157 	 33971.517808 	 1798384648.455565 
9304 	 -178.630885 	 178.630885 	 37086.810397 	 2024558963.677464 
9305 	 -73.957158 	 89.234995 	 11223.565948 	 250963322.053264 
9306 	 -181.273179 	 181.313351 	 37400.198394 	 1973392780.618502 
9307 	 -155.551205 	 158.525153 	 33746.322744 	 2114258208.325014 
9308 	 -36.338787 	 103.885202 	 17353.548195 	 788495434.379642 
9309 	 127.104459 	 134.230931 	 25353.027051 	 1237963644.679768 
9310 	 209.357988 	 209.357988 	 46229.635922 	 2573786982.714272 
9311 	 219.115371 	 219.115371 	 49695.537218 	 2795362736.617199 
9312 	 208.559850 	 208.559850 	 46972.474472 	 2754557593.534869 
9313 	 102.547686 	 143.838564 	 29252.655418 	 1719204917.071836 
9314 	 -201.957062 	 201.957062 	 44474.314126 	 2544642520.660766 
9315 	 -202.047188 	 202.047188 	 44302.446972 	 2454837044.282201 
9316 	 -181.345756 	 181.345756 	 35569.349352 	 1540052643.161031 
9317 	 -203.288348 	 203.288348 	 43900.153684 	 2332526365.260268 
9318 	 -212.154375 	 212.154375 	 47637.421146 	 2716576562.283334 
9319 	 0.183386 	 175.105719 	 36146.293738 	 1856984490.264871 
9320 	 151.387105 	 155.583350 	 31135.170483 	 1576610554.878666 
9321 	 -142.117434 	 181.490349 	 37664.142994 	 1903222068.068775 
9322 	 -118.846050 	 136.377411 	 23358.875957 	 888554443.335777 
9323 	 -30.314785 	 151.664703 	 27385.072576 	 1143663740.378145 
9324 	 -166.439431 	 166.439431 	 31096.898357 	 1432067621.969610 
9325 	 -214.734851 	 214.734851 	 48343.057694 	 2749026381.785649 
9326 	 -83.799426 	 119.787354 	 19031.030280 	 643895304.517139 
9327 	 166.028835 	 168.095611 	 35760.876209 	 1954797763.092513 
9328 	 131.958670 	 137.767447 	 24019.335687 	 944632899.837598 
9329 	 -178.363037 	 180.141828 	 39932.213115 	 2440269229.930813 
9330 	 19.205545 	 113.992006 	 17340.479161 	 579245983.045830 
9331 	 166.734688 	 166.734688 	 30624.078890 	 1269187212.115206 
9332 	 197.455315 	 198.098963 	 44645.483817 	 2683795892.302354 
9333 	 205.025356 	 205.025356 	 44288.824722 	 2365383424.753651 
9334 	 77.770996 	 144.593177 	 30321.611537 	 1824150305.809477 
9335 	 -182.065440 	 182.065440 	 35961.297153 	 1638865713.981269 
9336 	 144.576284 	 168.579191 	 33266.334882 	 1589638798.743531 
9337 	 -187.352635 	 192.649314 	 44300.688604 	 2809025973.235691 
9338 	 -229.732445 	 229.732445 	 55374.532056 	 3593531614.696856 
9339 	 -214.150522 	 214.150522 	 48636.183769 	 2834763596.667441 
9340 	 -201.283821 	 201.283821 	 43650.007324 	 2438206743.846805 
9341 	 -108.272855 	 144.546258 	 26297.210529 	 1205105160.001561 
9342 	 -183.860030 	 183.860030 	 36673.101809 	 1696596617.683812 
9343 	 -73.565750 	 143.668726 	 30272.005743 	 1842755167.298516 
9344 	 147.755799 	 148.895171 	 27124.122608 	 1157434360.152600 
9345 	 198.648868 	 198.648868 	 43368.570879 	 2386055540.612110 
9346 	 201.025711 	 201.025711 	 43253.913404 	 2308418562.425445 
9347 	 36.462133 	 108.857795 	 16096.463097 	 569585311.905654 
9348 	 -177.069421 	 177.069421 	 35185.421852 	 1690956868.619587 
9349 	 -210.424017 	 210.424017 	 45875.402230 	 2393534324.736222 
9350 	 -145.837948 	 150.915412 	 30152.477287 	 1519190100.781050 
9351 	 173.506877 	 176.211527 	 38481.228362 	 2165497779.068465 
9352 	 142.271616 	 152.694661 	 28736.682492 	 1318374525.499914 
9353 	 106.184656 	 135.709259 	 23527.811280 	 888941276.823822 
9354 	 186.595491 	 196.074718 	 44897.249277 	 2639813911.388167 
9355 	 213.146413 	 213.146413 	 47364.765673 	 2593867221.859897 
9356 	 -124.249237 	 195.931789 	 42499.602995 	 2301415085.649843 
9357 	 -202.702808 	 202.702808 	 43681.222299 	 2346966358.658052 
9358 	 -218.640011 	 218.640011 	 49731.633646 	 2801919463.655642 
9359 	 -194.982284 	 194.982284 	 43219.876357 	 2556646845.167526 
9360 	 -223.175863 	 223.175863 	 52806.180360 	 3362396651.241490 
9361 	 -180.646524 	 180.664252 	 37737.238368 	 2041950009.599781 
9362 	 -101.467150 	 106.190835 	 18134.671396 	 847579309.976243 
9363 	 136.892464 	 151.272069 	 26730.114101 	 1044391474.953459 
9364 	 157.903408 	 169.203938 	 34937.973795 	 1867759318.370825 
9365 	 -152.386895 	 157.300635 	 33270.397838 	 1787778124.900304 
9366 	 -181.821053 	 200.063838 	 47696.231529 	 3219265225.715568 
9367 	 197.773678 	 197.773678 	 42535.448885 	 2318081782.858363 
9368 	 204.765948 	 204.765948 	 44016.785642 	 2281330878.028975 
9369 	 220.167022 	 220.358505 	 53588.689797 	 3537876803.812264 
9370 	 -174.236224 	 179.140025 	 39579.450607 	 2355105647.797501 
9371 	 -221.553805 	 221.553805 	 50934.502517 	 2937216537.559215 
9372 	 -197.106335 	 197.106335 	 41775.192917 	 2216306793.763796 
9373 	 33.822335 	 149.737710 	 29979.058012 	 1551901423.224065 
9374 	 148.371650 	 150.101940 	 27444.225154 	 1175599443.406965 
9375 	 -174.842139 	 175.113488 	 33913.963289 	 1504034574.512587 
9376 	 -181.034375 	 181.539353 	 36780.997188 	 1783078399.601461 
9377 	 -201.087839 	 201.087839 	 42427.077983 	 2160617624.655565 
9378 	 -181.871529 	 181.871529 	 36982.056247 	 1889668725.917814 
9379 	 -239.070818 	 239.070818 	 58557.584620 	 3739719506.734116 
9380 	 -122.878328 	 131.370225 	 21444.188052 	 728280216.904695 
9381 	 -158.157750 	 176.761880 	 41037.657813 	 2749570876.464654 
9382 	 -185.061362 	 185.520104 	 38329.995753 	 1950304832.262006 
9383 	 52.265931 	 113.100144 	 20340.355291 	 998721922.698481 
9384 	 221.509665 	 221.509665 	 53583.246014 	 3587565265.725982 
9385 	 -43.707171 	 200.124400 	 44385.762936 	 2496053359.372468 
9386 	 -236.557082 	 236.557082 	 57803.140285 	 3722560511.345645 
9387 	 -8.184971 	 147.821427 	 27500.326820 	 1287064473.073985 
9388 	 -39.664908 	 102.201100 	 14548.512475 	 447357401.101501 
9389 	 -239.423848 	 239.423848 	 59110.744060 	 3915961575.243623 
9390 	 -217.531341 	 217.531341 	 49474.186566 	 2859800776.328434 
9391 	 -180.061338 	 180.061338 	 35829.061644 	 1687913174.794319 
9392 	 -163.957387 	 165.050385 	 31689.494650 	 1424115467.833192 
9393 	 -30.816040 	 131.026147 	 22182.637309 	 903465505.213305 
9394 	 -151.410721 	 164.945285 	 32704.593070 	 1613762149.045124 
9395 	 -158.316971 	 158.476492 	 27618.010042 	 1030336962.737247 
9396 	 -198.800207 	 198.800207 	 42038.164132 	 2174113951.450773 
9397 	 14.252224 	 148.993888 	 28072.405813 	 1296297564.712922 
9398 	 204.735755 	 204.735755 	 44290.444220 	 2341139725.946419 
9399 	 52.529697 	 119.203316 	 22606.988444 	 1170051816.204476 
9400 	 195.695918 	 200.647426 	 46034.114453 	 2720075237.207927 
9401 	 -164.350486 	 165.634851 	 35507.265277 	 2106222282.557234 
9402 	 13.101779 	 171.195337 	 33642.922083 	 1583813896.962607 
9403 	 -56.152786 	 120.472842 	 19770.884567 	 829805206.235665 
9404 	 -180.812993 	 181.468883 	 38727.252635 	 2149182274.040504 
9405 	 207.424452 	 207.745222 	 46477.501210 	 2606671002.987350 
9406 	 176.216069 	 176.216069 	 35316.220873 	 1726352165.726008 
9407 	 141.365503 	 151.546893 	 30627.850911 	 1597763637.106487 
9408 	 200.651631 	 200.651631 	 42128.224500 	 2082111806.331063 
9409 	 183.234559 	 183.234559 	 38383.471643 	 2089201627.044423 
9410 	 223.197828 	 223.197828 	 51973.084564 	 3105464650.134136 
9411 	 189.097565 	 189.097565 	 38752.569590 	 1939649776.923249 
9412 	 48.496437 	 183.638146 	 37645.393809 	 1855508961.405371 
9413 	 -131.248471 	 215.929839 	 50226.871187 	 3071185964.065796 
9414 	 172.726052 	 173.328146 	 36509.794956 	 2091260426.958816 
9415 	 -63.748918 	 187.227616 	 40026.146917 	 2214755322.646225 
9416 	 -2.114567 	 172.843687 	 34704.936013 	 1633867786.204383 
9417 	 206.103540 	 206.103540 	 45224.762446 	 2440914342.032357 
9418 	 212.264264 	 212.264264 	 47537.849794 	 2599272803.092912 
9419 	 -18.455328 	 145.718344 	 28682.445393 	 1564890936.075929 
9420 	 -196.379120 	 196.512124 	 43272.515665 	 2449106740.183998 
9421 	 -241.982228 	 241.982228 	 60168.020630 	 3985461123.761467 
9422 	 -213.748576 	 213.748576 	 49023.372546 	 2974331914.668144 
9423 	 -150.342248 	 153.740905 	 30551.134916 	 1679547014.732249 
9424 	 -162.415574 	 163.992284 	 31600.935234 	 1430054003.453171 
9425 	 -88.698081 	 187.508003 	 44055.897488 	 2831598957.366723 
9426 	 208.473389 	 208.473389 	 48716.903949 	 3160647927.612412 
9427 	 190.218698 	 190.966893 	 41532.705545 	 2447480933.489261 
9428 	 137.890425 	 152.586549 	 29231.495095 	 1368029541.851239 
9429 	 183.999413 	 183.999413 	 37632.968627 	 1922307770.135038 
9430 	 205.543375 	 205.543375 	 46593.227326 	 2686234800.963748 
9431 	 -164.313730 	 192.751415 	 44710.727296 	 2822560708.625753 
9432 	 -130.196505 	 177.686193 	 35896.320367 	 1751418291.884723 
9433 	 192.759947 	 192.759947 	 40402.314029 	 2149850255.326309 
9434 	 14.733136 	 141.880435 	 26002.415977 	 1203869778.901726 
9435 	 195.579007 	 195.579007 	 42057.204516 	 2336651853.747734 
9436 	 -58.214340 	 175.351076 	 37333.413889 	 2088085914.018202 
9437 	 -45.747558 	 122.357857 	 24213.102609 	 1408245638.652750 
9438 	 199.051794 	 199.051794 	 41596.022042 	 2047330127.572612 
9439 	 178.885295 	 178.967801 	 37083.777710 	 1879301654.896423 
9440 	 203.416617 	 203.416617 	 43992.006586 	 2375643562.283062 
9441 	 183.540993 	 183.540993 	 39120.027733 	 2151428824.224402 
9442 	 72.748549 	 112.775983 	 18251.795684 	 753428765.462801 
9443 	 203.671514 	 203.671514 	 45377.468456 	 2607530024.988401 
9444 	 -128.677118 	 192.300340 	 41412.537034 	 2177118513.685838 
9445 	 -201.543847 	 201.543847 	 42159.263816 	 2034831787.788644 
9446 	 -189.602164 	 189.760186 	 43176.913944 	 2686852281.197491 
9447 	 -117.685587 	 130.762132 	 23173.526470 	 1045308508.379613 
9448 	 -119.731465 	 129.346353 	 25172.479458 	 1358671062.430200 
9449 	 -5.328406 	 190.965521 	 41760.463537 	 2383381092.380900 
9450 	 217.422604 	 217.422604 	 49715.247803 	 2845442645.980249 
9451 	 76.402073 	 119.740511 	 19554.985997 	 817632811.623472 
9452 	 -146.381086 	 152.265505 	 28676.385530 	 1251595934.955436 
9453 	 -196.233868 	 196.233868 	 43941.523200 	 2626333411.078646 
9454 	 -166.522769 	 170.338076 	 36101.045904 	 2075226603.647835 
9455 	 -218.674637 	 218.674637 	 49481.030054 	 2769859057.881350 
9456 	 -119.714256 	 145.336919 	 29662.071863 	 1662935325.926049 
9457 	 -188.866677 	 188.866677 	 39416.728053 	 2080297581.088593 
9458 	 124.601040 	 182.078196 	 37919.977886 	 1932597041.554184 
9459 	 167.622520 	 168.682023 	 35103.222857 	 1983873389.624909 
9460 	 81.697197 	 123.659955 	 19461.673520 	 662764074.798606 
9461 	 182.423052 	 182.513746 	 35766.994897 	 1578628415.561866 
9462 	 -152.043805 	 183.857134 	 39685.757433 	 2309300139.886862 
9463 	 -175.849962 	 176.600745 	 37129.732526 	 2101292542.964063 
9464 	 190.695025 	 190.695025 	 40084.455230 	 2174868397.093046 
9465 	 195.838188 	 195.838188 	 41895.804534 	 2244931989.084105 
9466 	 -202.302971 	 205.563638 	 45751.561605 	 2628904496.293513 
9467 	 31.861990 	 197.782805 	 43620.525606 	 2475342379.053790 
9468 	 -141.860569 	 194.727316 	 44579.385601 	 2625606543.810460 
9469 	 -191.638014 	 191.638014 	 40397.854001 	 2153555420.616520 
9470 	 -227.721128 	 227.721128 	 54084.441351 	 3371576831.885040 
9471 	 -227.109688 	 227.109688 	 53033.364995 	 3111614830.208743 
9472 	 -115.906347 	 185.564030 	 40104.743580 	 2354298130.960595 
9473 	 220.606495 	 220.606495 	 51282.872747 	 3055067901.846663 
9474 	 171.772659 	 171.772659 	 31705.613591 	 1296195813.638824 
9475 	 127.875889 	 186.939216 	 40448.992358 	 2281696982.111654 
9476 	 -206.396804 	 206.465497 	 47232.682204 	 2824689935.488965 
9477 	 -94.982135 	 147.192202 	 28952.713699 	 1428358850.291629 
9478 	 -209.487792 	 209.487792 	 45670.086621 	 2394642627.367496 
9479 	 149.623678 	 167.114400 	 32805.413766 	 1480793479.725138 
9480 	 -122.628983 	 195.872002 	 42334.516294 	 2259778442.395102 
9481 	 -221.899676 	 221.899676 	 51373.455919 	 3034007305.262265 
9482 	 -121.023386 	 155.930343 	 32258.656975 	 1714887246.902071 
9483 	 -96.849285 	 120.630828 	 22097.131938 	 1067075914.712791 
9484 	 -223.651519 	 223.651519 	 52808.135704 	 3305126596.045651 
9485 	 -186.880464 	 189.869183 	 42751.706798 	 2694532984.216155 
9486 	 -215.025735 	 215.025735 	 48814.380351 	 2852433844.928251 
9487 	 -142.978602 	 146.303594 	 27613.042240 	 1313381688.832592 
9488 	 17.341304 	 124.525311 	 20438.676328 	 722066068.869012 
9489 	 -154.632538 	 154.925219 	 29722.636520 	 1379198595.257860 
9490 	 2.142223 	 140.063067 	 26802.614361 	 1352915221.239628 
9491 	 185.991623 	 185.991623 	 38817.633299 	 2029907252.518258 
9492 	 -167.536421 	 174.809722 	 36115.025435 	 1836513498.346540 
9493 	 -148.919147 	 148.919147 	 24611.980551 	 853524046.721766 
9494 	 -172.105269 	 174.098829 	 36391.458728 	 1865960009.186185 
9495 	 -201.552361 	 201.552361 	 44544.830659 	 2683075500.070937 
9496 	 -198.758076 	 198.758076 	 40672.974459 	 1828336380.122072 
9497 	 -190.588275 	 190.590277 	 40356.139436 	 2126675486.047542 
9498 	 -191.258173 	 191.409501 	 41325.506271 	 2297721497.251524 
9499 	 -205.259399 	 205.259399 	 45506.327905 	 2644820374.614972 
9500 	 -227.914342 	 227.914342 	 53114.516900 	 3066710432.666093 
9501 	 -222.323533 	 222.323533 	 52179.522381 	 3270988040.361609 
9502 	 -98.332998 	 173.675476 	 37718.969081 	 2257942194.383280 
9503 	 -128.956098 	 150.630462 	 25796.589817 	 982939948.606024 
9504 	 -89.467195 	 141.572341 	 25792.874374 	 1205529659.313893 
9505 	 -161.931489 	 162.646421 	 34031.025206 	 2003719247.786471 
9506 	 -111.867495 	 113.718227 	 16889.825899 	 488750566.341655 
9507 	 -233.218695 	 233.218695 	 56383.507822 	 3617384114.196372 
9508 	 -142.873230 	 149.593741 	 29333.200946 	 1371654648.011691 
9509 	 -176.802005 	 177.272962 	 37497.569662 	 2145471925.838241 
9510 	 -137.854621 	 140.714218 	 25457.353777 	 1192214663.879677 
9511 	 -189.115123 	 189.163130 	 40405.227128 	 2102884390.200912 
9512 	 -172.157562 	 172.157562 	 33490.860033 	 1530139255.847128 
9513 	 -198.041429 	 198.041429 	 41853.893053 	 2154443974.571810 
9514 	 -82.309606 	 173.171826 	 35797.375899 	 1861955147.708036 
9515 	 175.527967 	 183.838368 	 42987.232477 	 2808711817.910287 
9516 	 189.921867 	 189.921867 	 40743.474785 	 2351592208.077188 
9517 	 86.995049 	 158.259883 	 34343.026757 	 2198102839.820910 
9518 	 93.156569 	 130.350871 	 23961.018715 	 1131321746.555559 
9519 	 210.913509 	 210.913509 	 46889.536629 	 2590953928.977734 
9520 	 128.069175 	 191.942992 	 43790.263279 	 2661769451.923986 
9521 	 -219.992593 	 219.992593 	 50393.436556 	 2916232266.557255 
9522 	 -11.586050 	 133.854434 	 22762.633747 	 872840974.984124 
9523 	 -200.599285 	 200.599285 	 43740.939096 	 2381084822.590952 
9524 	 79.488685 	 167.326406 	 33536.081305 	 1735124963.516449 
9525 	 156.759802 	 156.865707 	 31302.635683 	 1573855976.804859 
9526 	 216.974075 	 216.974075 	 49134.474242 	 2782898835.757805 
9527 	 196.327004 	 199.016409 	 44149.326911 	 2528400621.736100 
9528 	 -225.085420 	 225.085804 	 54333.407101 	 3534368733.982156 
9529 	 98.890235 	 193.663286 	 41757.124908 	 2270131906.269501 
9530 	 193.440565 	 193.440565 	 38671.250475 	 1685394019.091244 
9531 	 159.115682 	 159.623226 	 32114.551675 	 1603935707.600725 
9532 	 191.490981 	 193.069937 	 44333.040804 	 2803252620.236118 
9533 	 -154.401313 	 175.338268 	 38449.449310 	 2266315719.886230 
9534 	 -130.160124 	 185.901441 	 39686.475554 	 2151395385.199385 
9535 	 14.907932 	 117.618584 	 16902.082579 	 457377986.453432 
9536 	 -200.478865 	 200.478865 	 42753.857389 	 2193930142.770257 
9537 	 -96.334856 	 99.126738 	 12865.950933 	 310271226.415677 
9538 	 -112.112908 	 145.258670 	 27961.199607 	 1446380906.346506 
9539 	 -120.018528 	 165.543780 	 35058.118631 	 2008039790.997535 
9540 	 -184.907449 	 185.765513 	 41792.322868 	 2498921684.600134 
9541 	 -95.910868 	 145.895904 	 28129.743603 	 1357799441.110761 
9542 	 -208.655618 	 208.655618 	 46093.210924 	 2555555057.651174 
9543 	 -148.015229 	 156.252720 	 31971.869492 	 1695886333.936079 
9544 	 -120.495209 	 121.715139 	 18843.158035 	 646879472.797199 
9545 	 45.132501 	 110.967037 	 19117.431576 	 858967049.947969 
9546 	 105.480091 	 119.817158 	 19830.033608 	 765304302.114445 
9547 	 218.004532 	 218.004532 	 50585.879656 	 3062667855.226211 
9548 	 174.468147 	 174.802359 	 35756.845765 	 1803360569.416636 
9549 	 177.626928 	 177.679049 	 36759.239921 	 1934338201.179001 
9550 	 206.752460 	 206.800148 	 47203.141572 	 2767792538.393695 
9551 	 179.389354 	 179.802578 	 38074.588725 	 2136300340.787557 
9552 	 207.792568 	 207.792568 	 44674.468472 	 2246433368.738455 
9553 	 190.332521 	 190.332521 	 38836.050014 	 1919594198.406237 
9554 	 108.535567 	 116.341263 	 19450.172460 	 818637635.406536 
9555 	 208.572001 	 208.572001 	 46550.202900 	 2649642867.658803 
9556 	 202.275024 	 202.275024 	 43804.327881 	 2351777515.820110 
9557 	 225.890842 	 225.890842 	 54296.011802 	 3609383557.336221 
9558 	 208.593721 	 208.593721 	 45474.784120 	 2408126763.362775 
9559 	 193.218054 	 193.218054 	 41000.118009 	 2158621654.055795 
9560 	 210.447535 	 210.447535 	 46116.005645 	 2446011888.459859 
9561 	 198.343693 	 198.343693 	 44482.021131 	 2742299861.874088 
9562 	 -100.192353 	 154.566867 	 29087.866510 	 1300148980.267377 
9563 	 -230.543259 	 230.543259 	 56180.494481 	 3697909128.988784 
9564 	 -85.724483 	 149.238434 	 30865.440226 	 1743746670.001992 
9565 	 83.278543 	 161.140922 	 31574.900703 	 1613570913.601546 
9566 	 -202.599691 	 202.599691 	 44573.642897 	 2606105628.641024 
9567 	 -226.311931 	 226.311931 	 53293.175921 	 3229911798.395633 
9568 	 -141.771494 	 146.224336 	 27056.398608 	 1252458587.585136 
9569 	 -157.551855 	 161.103678 	 30888.308705 	 1365484189.041987 
9570 	 -206.685712 	 206.685712 	 48010.102876 	 2988039541.975050 
9571 	 -167.450712 	 167.498420 	 31758.364439 	 1406307332.885480 
9572 	 -169.170009 	 169.330843 	 35649.630784 	 1993455602.224965 
9573 	 -209.268825 	 209.268825 	 46045.400576 	 2533644591.609011 
9574 	 14.364214 	 141.088471 	 26090.782753 	 1195427731.195524 
9575 	 169.519942 	 169.519942 	 31483.897011 	 1300966915.568960 
9576 	 164.149606 	 164.981286 	 32293.308422 	 1633171446.405234 
9577 	 184.308954 	 185.402303 	 40038.227126 	 2276081266.802496 
9578 	 153.345154 	 153.812702 	 28501.119250 	 1281570043.350036 
9579 	 44.236615 	 196.721889 	 42956.907069 	 2367902705.611922 
9580 	 -193.062547 	 193.215274 	 40934.201367 	 2095020670.779009 
9581 	 -101.105189 	 122.131172 	 24383.231229 	 1378591388.789436 
9582 	 26.099028 	 183.764986 	 37875.778727 	 1904087223.387817 
9583 	 54.801422 	 116.395076 	 15997.281852 	 392533107.760399 
9584 	 173.879531 	 173.879531 	 33697.741294 	 1570013388.953165 
9585 	 118.464541 	 173.963301 	 34736.633820 	 1685341087.909997 
9586 	 -203.717731 	 203.717731 	 44713.881785 	 2533045306.413348 
9587 	 -138.868562 	 165.536648 	 32999.752150 	 1658734433.162447 
9588 	 -171.113732 	 171.113732 	 31948.277731 	 1364928184.059184 
9589 	 -161.747978 	 170.776424 	 39535.798888 	 2616818280.032919 
9590 	 -156.386933 	 161.472749 	 32777.176557 	 1616785673.334783 
9591 	 -216.344293 	 216.344293 	 49163.654771 	 2849431383.719626 
9592 	 -32.209827 	 167.233270 	 32996.952303 	 1659295484.088013 
9593 	 78.242621 	 113.633853 	 18067.336662 	 701756458.522168 
9594 	 -12.745808 	 135.190277 	 24548.763272 	 1161923933.111721 
9595 	 -199.147916 	 199.147916 	 41738.277582 	 2052742694.789998 
9596 	 -133.173194 	 136.661199 	 25769.501925 	 1299681831.453671 
9597 	 145.223224 	 181.536135 	 37174.096929 	 1823210287.165057 
9598 	 8.862949 	 156.078333 	 31417.999059 	 1648610761.701987 
9599 	 -20.722743 	 202.907380 	 46200.931763 	 2800149065.058733 
9600 	 172.989170 	 180.599568 	 37131.990661 	 1921884377.809952 
9601 	 -215.956195 	 215.956195 	 49557.704758 	 2982452368.019156 
9602 	 -105.029516 	 120.679603 	 20902.992810 	 865049631.703302 
9603 	 -179.620108 	 179.620108 	 36646.287912 	 1786485425.463448 
9604 	 -64.286309 	 76.279948 	 8177.871164 	 143642039.589636 
9605 	 29.134683 	 135.518878 	 23058.511695 	 918301172.981276 
9606 	 -188.360119 	 188.360119 	 40089.532405 	 2221720084.429030 
9607 	 -212.501277 	 212.501277 	 47352.498392 	 2643743833.870364 
9608 	 -247.476497 	 247.476497 	 63054.941461 	 4367679250.956686 
9609 	 -183.236087 	 183.236087 	 36749.847082 	 1747153567.318435 
9610 	 -197.815411 	 197.815411 	 41598.117899 	 2129101117.300268 
9611 	 -218.963978 	 218.963978 	 49256.120956 	 2669086889.847228 
9612 	 117.357474 	 181.414213 	 40703.322620 	 2504869998.178057 
9613 	 48.674652 	 156.119535 	 28743.881018 	 1248712253.455137 
9614 	 -152.693868 	 156.289359 	 30626.299550 	 1512079747.527683 
9615 	 -161.558110 	 174.994512 	 35719.946364 	 1832488833.903874 
9616 	 49.492735 	 80.430116 	 9908.961681 	 268097460.545174 
9617 	 180.320101 	 180.320101 	 37541.403636 	 2027362254.048154 
9618 	 -155.573957 	 162.006920 	 34017.212989 	 1882819552.638326 
9619 	 -189.844608 	 192.043686 	 41358.122336 	 2144406671.344687 
9620 	 -172.361201 	 176.232932 	 36217.630826 	 1847850042.279643 
9621 	 63.370485 	 156.536590 	 29471.438942 	 1367487072.830107 
9622 	 -199.734315 	 203.254113 	 46844.014399 	 2921708896.460539 
9623 	 -212.641732 	 212.641732 	 48188.255467 	 2836872782.806409 
9624 	 -216.038954 	 216.038954 	 49793.598552 	 3048534930.086019 
9625 	 -180.828319 	 181.318934 	 40380.862972 	 2476100661.698462 
9626 	 -157.600883 	 167.550048 	 34486.416229 	 1916701937.352173 
9627 	 -83.740459 	 162.033511 	 31464.069236 	 1428155652.770544 
9628 	 -202.137651 	 202.137651 	 44600.043773 	 2535089267.686513 
9629 	 163.243141 	 170.817868 	 36574.706125 	 2118174222.171063 
9630 	 205.332653 	 205.666465 	 47655.745354 	 2933357642.243731 
9631 	 230.292497 	 230.292497 	 56196.137425 	 3729454134.257981 
9632 	 105.811925 	 147.635246 	 29322.534077 	 1535194966.078964 
9633 	 -119.495889 	 152.514618 	 29126.637955 	 1356413508.664110 
9634 	 -140.620590 	 152.355645 	 26941.030570 	 1098080168.870905 
9635 	 -194.557730 	 194.557730 	 42987.666438 	 2582027801.723349 
9636 	 -183.731905 	 184.186162 	 39690.080606 	 2259562665.471842 
9637 	 190.775834 	 192.312428 	 40430.141568 	 2107351996.290647 
9638 	 216.089945 	 216.089945 	 49563.556343 	 2932591193.396734 
9639 	 154.411901 	 168.158040 	 35192.208429 	 1981124651.183563 
9640 	 150.561941 	 150.852808 	 26630.886903 	 1050923952.524170 
9641 	 210.608941 	 211.684030 	 48744.360300 	 2937540514.662899 
9642 	 -214.803275 	 214.803275 	 49283.611846 	 2935375422.886366 
9643 	 -206.898936 	 206.898936 	 45366.680570 	 2448427546.421326 
9644 	 -113.466581 	 118.834112 	 22580.572687 	 1157043108.937887 
9645 	 -200.167431 	 200.177235 	 44023.713629 	 2452731150.889350 
9646 	 -171.630329 	 171.715808 	 35678.568218 	 1917198345.112723 
9647 	 -180.087368 	 180.087368 	 35108.326695 	 1610484255.795047 
9648 	 -71.314300 	 136.452772 	 24613.328652 	 1126133987.686536 
9649 	 -7.661106 	 107.619155 	 18553.394793 	 838299726.275955 
9650 	 196.156983 	 196.156983 	 41155.070145 	 2144333455.405766 
9651 	 168.915388 	 172.513255 	 36703.295576 	 2076116329.340030 
9652 	 73.653996 	 123.190781 	 20072.642425 	 713943126.331313 
9653 	 78.655323 	 86.484643 	 10193.518075 	 202228312.500342 
9654 	 -122.402106 	 161.692795 	 31480.101007 	 1543809417.194335 
9655 	 -227.248547 	 227.248547 	 53078.623682 	 3107230432.743572 
9656 	 -215.515685 	 215.515685 	 48280.946428 	 2652690414.817612 
9657 	 99.746487 	 149.517569 	 32293.133942 	 1938735714.838557 
9658 	 110.481437 	 137.556080 	 23477.100625 	 878699971.283988 
9659 	 137.973553 	 138.072042 	 22498.428034 	 813676767.188654 
9660 	 87.245949 	 137.928529 	 23489.298339 	 952669612.489667 
9661 	 192.311025 	 192.311025 	 40776.260526 	 2186305261.997529 
9662 	 194.148610 	 194.148610 	 41130.889687 	 2201179533.489851 
9663 	 136.479814 	 141.884257 	 26464.786713 	 1277700539.391401 
9664 	 189.971650 	 189.999049 	 40179.320663 	 2102115540.367808 
9665 	 6.227511 	 132.155857 	 22725.191544 	 978471439.223315 
9666 	 -166.889151 	 167.647801 	 33986.261434 	 1689380096.484308 
9667 	 98.650315 	 128.860823 	 22858.895138 	 960069447.239190 
9668 	 70.421077 	 195.220285 	 42085.849774 	 2257696226.328125 
9669 	 -230.618576 	 230.618576 	 55576.789114 	 3584922982.014321 
9670 	 -200.722844 	 200.722844 	 42924.376890 	 2228022854.322813 
9671 	 -214.789260 	 214.789260 	 49506.812073 	 3004429406.062870 
9672 	 -209.586543 	 209.586543 	 46814.396142 	 2569841184.705081 
9673 	 -219.797106 	 219.797106 	 50056.187686 	 2829693261.388179 
9674 	 -215.371294 	 215.371294 	 49735.149308 	 3027956712.668729 
9675 	 -192.961817 	 192.961817 	 39670.716368 	 1919714288.962094 
9676 	 -98.914253 	 117.903720 	 22167.205085 	 1262967412.431098 
9677 	 -189.560504 	 189.560504 	 39457.489443 	 2002365739.804373 
9678 	 -138.294354 	 139.258078 	 23626.750872 	 831257643.848275 
9679 	 -192.227182 	 192.227182 	 39870.516128 	 2025992315.155712 
9680 	 -146.816632 	 147.733637 	 27121.144118 	 1229049437.723792 
9681 	 -63.251564 	 107.577683 	 14787.457484 	 354835748.819867 
9682 	 151.467630 	 175.350608 	 36393.490317 	 1835925449.358871 
9683 	 -47.134090 	 178.896169 	 39024.322637 	 2268559768.828006 
9684 	 -184.586917 	 184.682274 	 40045.195905 	 2383831709.250807 
9685 	 -128.219524 	 128.235847 	 20593.781429 	 722487908.461138 
9686 	 -194.653529 	 194.653529 	 42303.820799 	 2472006829.355569 
9687 	 40.560937 	 112.218394 	 19486.113142 	 996267616.341100 
9688 	 96.176829 	 118.515156 	 17942.755103 	 555726849.411302 
9689 	 -110.673645 	 122.522690 	 21162.338805 	 942701455.868344 
9690 	 -186.540931 	 186.540931 	 39423.516568 	 2215295427.452685 
9691 	 25.914527 	 102.665788 	 15445.802684 	 546761976.050902 
9692 	 -145.631489 	 146.254355 	 26100.833385 	 1106657956.129748 
9693 	 -210.979333 	 210.979333 	 47161.792395 	 2685664683.352727 
9694 	 -205.316167 	 205.316167 	 44161.651555 	 2284908330.422755 
9695 	 -194.232624 	 194.232624 	 40486.076879 	 2002937023.903944 
9696 	 -186.369275 	 186.369275 	 37660.633214 	 1819623181.781447 
9697 	 84.076299 	 148.697974 	 26875.502557 	 1108058980.157302 
9698 	 -108.548444 	 159.064821 	 31531.573899 	 1659021939.302973 
9699 	 -177.479360 	 177.795031 	 35541.400138 	 1666085199.876111 
9700 	 160.928823 	 167.212265 	 34022.943447 	 1735932546.729845 
9701 	 114.673189 	 134.100560 	 25631.829336 	 1254644161.192191 
9702 	 226.195031 	 226.195031 	 53551.191647 	 3251510187.639376 
9703 	 233.193168 	 233.193168 	 57800.057696 	 4013427630.889959 
9704 	 200.534111 	 200.534111 	 42201.985492 	 2115852356.944054 
9705 	 150.256815 	 154.969862 	 30852.764790 	 1567516806.082776 
9706 	 209.665901 	 209.665901 	 45911.859091 	 2438232467.671950 
9707 	 229.765379 	 229.765379 	 55443.786592 	 3563529003.487142 
9708 	 198.875549 	 199.459418 	 45932.416883 	 2813068119.260842 
9709 	 -115.090311 	 146.198234 	 29419.245767 	 1572127674.162125 
9710 	 -203.048836 	 204.167233 	 46703.812942 	 2828185447.070486 
9711 	 204.094741 	 204.094741 	 44280.639450 	 2384745933.670782 
9712 	 160.181778 	 160.181778 	 29696.667859 	 1330619950.408550 
9713 	 179.832331 	 179.832331 	 34924.122680 	 1576451799.008737 
9714 	 -81.996702 	 147.893991 	 26174.596398 	 1042929706.913740 
9715 	 -210.426964 	 210.426964 	 46954.468291 	 2599760316.988576 
9716 	 -71.255358 	 110.116893 	 17622.932233 	 669575621.426781 
9717 	 202.784905 	 202.784905 	 44022.932721 	 2378194851.847624 
9718 	 -122.074544 	 135.220422 	 22078.625718 	 772872989.857493 
9719 	 -84.235625 	 156.921310 	 29290.638802 	 1265081133.106789 
9720 	 123.135396 	 129.084363 	 21526.998028 	 784407625.228970 
9721 	 136.268747 	 137.539444 	 23276.120526 	 850063953.407303 
9722 	 212.215572 	 212.215572 	 49317.723684 	 3030120803.215656 
9723 	 156.813658 	 156.813658 	 30765.373784 	 1726528573.772994 
9724 	 29.337276 	 124.536928 	 19783.538254 	 657910153.063923 
9725 	 204.045150 	 204.045150 	 45599.675926 	 2686286549.633432 
9726 	 51.969644 	 100.153931 	 14175.413511 	 432892351.079381 
9727 	 -128.246301 	 141.280114 	 25883.372739 	 1136318558.801707 
9728 	 -178.030763 	 178.030763 	 34961.997568 	 1618573016.193025 
9729 	 -55.764566 	 127.880268 	 24004.574810 	 1301331622.509816 
9730 	 106.807441 	 110.032163 	 19109.022157 	 985282002.368289 
9731 	 212.120433 	 212.271962 	 49404.258711 	 3078110706.446345 
9732 	 182.984058 	 183.008761 	 38500.227826 	 2109797875.992075 
9733 	 174.202640 	 174.779040 	 36690.640929 	 1936973364.493485 
9734 	 182.211076 	 191.752751 	 44986.401246 	 2903877853.140321 
9735 	 185.395749 	 185.440525 	 37901.557123 	 1915269547.134108 
9736 	 203.054290 	 203.054290 	 44191.772699 	 2475959047.629379 
9737 	 217.284822 	 217.284822 	 50578.343630 	 3106840945.462583 
9738 	 219.926765 	 219.926765 	 49327.564851 	 2614864422.710382 
9739 	 -39.316026 	 162.461841 	 32025.923741 	 1610511619.097880 
9740 	 -42.212369 	 156.876105 	 28873.029211 	 1233627747.538537 
9741 	 203.142321 	 203.976344 	 46202.679780 	 2680171948.714962 
9742 	 148.643753 	 149.921994 	 26823.005764 	 1013886032.874281 
9743 	 141.277568 	 142.060818 	 26799.441558 	 1307052000.396573 
9744 	 219.001292 	 219.300594 	 52828.866773 	 3390536325.775174 
9745 	 140.563346 	 145.484579 	 25842.180849 	 1055623687.538546 
9746 	 213.287673 	 213.287673 	 49055.664172 	 3015979639.603883 
9747 	 205.624546 	 205.624546 	 44466.786238 	 2344248217.363049 
9748 	 150.983636 	 150.983636 	 25979.191025 	 982415671.691883 
9749 	 195.649822 	 195.667458 	 43763.041214 	 2574835544.822313 
9750 	 190.676732 	 190.676732 	 39170.136973 	 1927527803.533167 
9751 	 26.487815 	 138.409471 	 24279.290628 	 1004580306.887887 
9752 	 -81.694046 	 197.954544 	 43889.378611 	 2497950163.624066 
9753 	 -63.259325 	 138.214859 	 26996.226073 	 1562150333.346032 
9754 	 -228.214021 	 228.214021 	 56321.075486 	 3990704682.610564 
9755 	 -152.566060 	 152.566060 	 28187.406780 	 1304750148.327339 
9756 	 -178.030016 	 179.831569 	 39612.915402 	 2251460851.500451 
9757 	 -122.273110 	 127.299425 	 21973.150805 	 907562619.872306 
9758 	 109.942512 	 138.882349 	 26557.504978 	 1331610758.151791 
9759 	 227.648936 	 227.648936 	 53480.208636 	 3176067895.475378 
9760 	 175.062120 	 175.062120 	 32479.868061 	 1293997246.603939 
9761 	 195.345344 	 195.345344 	 41309.926045 	 2133541564.344686 
9762 	 211.288004 	 211.288004 	 46818.567381 	 2599645426.457277 
9763 	 138.177563 	 144.208831 	 26909.554980 	 1339543190.882991 
9764 	 81.353741 	 119.480212 	 18214.029112 	 612265308.687028 
9765 	 -123.555741 	 138.990475 	 25112.377405 	 1026596684.268815 
9766 	 -154.360448 	 154.360448 	 26928.518849 	 1037680844.755637 
9767 	 -239.970309 	 239.970309 	 59136.551703 	 3838914773.250851 
9768 	 -101.077849 	 150.436819 	 28652.556923 	 1409241458.949843 
9769 	 -144.511211 	 146.547312 	 25289.153765 	 968952781.494954 
9770 	 -206.596384 	 206.596384 	 44727.770277 	 2315528361.666059 
9771 	 -141.532675 	 142.605679 	 23720.675676 	 790818601.807458 
9772 	 -195.036998 	 195.036998 	 41469.554059 	 2197754578.903547 
9773 	 72.750899 	 100.780052 	 18362.966386 	 1017104707.154981 
9774 	 -41.328837 	 191.381761 	 43775.901158 	 2703535350.326339 
9775 	 -152.467747 	 160.697089 	 31245.938907 	 1450241345.402946 
9776 	 141.460417 	 175.359718 	 36777.722781 	 2029685554.813572 
9777 	 170.771572 	 170.771572 	 32753.149537 	 1527707224.395870 
9778 	 -49.124307 	 127.695056 	 21683.513008 	 915452811.744292 
9779 	 -169.839404 	 172.263977 	 36596.671764 	 1972389025.185968 
9780 	 -13.878116 	 198.889845 	 44965.022554 	 2674364188.954121 
9781 	 206.947239 	 206.947239 	 45706.391295 	 2547863190.807081 
9782 	 -104.607005 	 132.938803 	 23479.324756 	 978077050.741742 
9783 	 106.299968 	 147.439335 	 27466.952065 	 1311995231.548789 
9784 	 -213.565956 	 213.565956 	 49962.159915 	 3097985283.325832 
9785 	 -184.104175 	 184.236129 	 39870.031748 	 2247019898.254890 
9786 	 -226.147306 	 226.147306 	 53038.120082 	 3193291622.964455 
9787 	 -196.927754 	 196.927754 	 40111.519312 	 1824805650.595851 
9788 	 -122.163362 	 172.142425 	 35794.870900 	 1852720157.307297 
9789 	 -71.570821 	 176.225164 	 35593.798149 	 1708811340.202194 
9790 	 -166.830951 	 166.948347 	 34043.421064 	 1736256432.492022 
9791 	 -234.744490 	 234.744490 	 56464.776482 	 3502077584.623569 
9792 	 9.201179 	 123.656119 	 20237.309455 	 812652071.728022 
9793 	 214.396568 	 214.396568 	 48435.030935 	 2781497244.803418 
9794 	 179.616593 	 182.974552 	 39253.235971 	 2196925612.344214 
9795 	 200.505457 	 200.505457 	 43658.282596 	 2427232469.257034 
9796 	 138.515173 	 201.174237 	 45202.835264 	 2643741491.602477 
9797 	 -49.865387 	 136.082093 	 29436.819254 	 1983758581.451962 
9798 	 217.970568 	 217.970568 	 49991.058278 	 2925154747.903051 
9799 	 223.610011 	 223.610011 	 51496.862718 	 2927180623.372629 
9800 	 180.127576 	 180.127576 	 35334.745113 	 1663930585.824563 
9801 	 199.832560 	 199.832560 	 42667.138443 	 2230926854.022784 
9802 	 40.283840 	 213.731504 	 48723.953635 	 2748719003.796081 
9803 	 -144.814784 	 168.686368 	 37711.255609 	 2425393815.656166 
9804 	 -177.301299 	 177.301299 	 34659.918489 	 1616968149.902336 
9805 	 -161.036329 	 161.746119 	 33745.457443 	 1913766567.100086 
9806 	 -166.767906 	 175.362366 	 37541.359211 	 2222641278.317702 
9807 	 210.468706 	 210.468706 	 47960.710333 	 2877973418.699322 
9808 	 222.232036 	 222.232036 	 52388.884717 	 3206122202.197150 
9809 	 -173.408473 	 191.300036 	 40304.132139 	 2079682010.838942 
9810 	 -139.735336 	 140.212430 	 24305.950095 	 998029781.104349 
9811 	 -21.296302 	 91.734759 	 11649.926917 	 297063175.521443 
9812 	 44.314167 	 137.479777 	 24825.536767 	 1092977522.784976 
9813 	 52.577775 	 143.900865 	 27454.176085 	 1400738551.219939 
9814 	 223.724246 	 223.724246 	 51672.669732 	 3006466890.176443 
9815 	 29.329517 	 169.776908 	 34807.606802 	 1773139137.718456 
9816 	 -155.137714 	 158.657144 	 32995.956699 	 1771642250.881496 
9817 	 -107.104434 	 121.173773 	 21273.870513 	 947376344.755882 
9818 	 94.316338 	 191.947534 	 40861.926236 	 2136173673.601675 
9819 	 -143.434410 	 156.269084 	 30376.754307 	 1419878104.109866 
9820 	 -153.374142 	 153.374142 	 26744.620770 	 1060687834.538174 
9821 	 -201.166718 	 201.166718 	 43596.308888 	 2377800652.812468 
9822 	 -217.078913 	 217.078913 	 50484.818249 	 3117437937.654335 
9823 	 -114.457788 	 131.936621 	 26546.135360 	 1488260100.623543 
9824 	 -185.751746 	 185.751746 	 38372.965527 	 1964007225.511272 
9825 	 -49.856586 	 84.816857 	 9293.590205 	 159661910.227789 
9826 	 185.117535 	 185.117535 	 36391.900653 	 1610749654.962029 
9827 	 61.968833 	 89.081703 	 12428.179917 	 389228229.096427 
9828 	 210.358235 	 210.358235 	 47738.559707 	 2830576736.585365 
9829 	 -6.810012 	 161.399658 	 30490.654798 	 1395144502.700681 
9830 	 -217.145117 	 217.145117 	 49159.389346 	 2804183593.780167 
9831 	 -203.539058 	 206.524161 	 47849.631292 	 2866858278.733967 
9832 	 130.724259 	 130.847862 	 21282.436261 	 736332664.796655 
9833 	 197.269046 	 197.758503 	 42860.373205 	 2312615584.011722 
9834 	 126.045764 	 177.411009 	 40429.879235 	 2594250125.986463 
9835 	 -168.251026 	 168.277684 	 32572.041948 	 1475248254.101043 
9836 	 -167.730431 	 167.736381 	 33604.054734 	 1742021023.747541 
9837 	 -200.926988 	 200.969243 	 46306.755119 	 2925007655.393505 
9838 	 -209.471608 	 209.471608 	 45885.980063 	 2466578492.765022 
9839 	 -121.710096 	 123.860927 	 21409.329022 	 931974294.493610 
9840 	 -227.619702 	 227.619702 	 54279.606947 	 3344498840.620868 
9841 	 -108.547791 	 172.573114 	 34941.713294 	 1782023613.458520 
9842 	 -98.834024 	 132.061175 	 26967.012319 	 1649785812.179665 
9843 	 -180.859683 	 182.716532 	 39869.531191 	 2367368334.639246 
9844 	 -232.451860 	 232.451860 	 56699.329489 	 3772398212.693141 
9845 	 -153.154442 	 154.926305 	 29354.532111 	 1313130252.750659 
9846 	 -178.656756 	 178.752509 	 38020.795796 	 2150644270.533175 
9847 	 -207.630977 	 207.630977 	 45740.367358 	 2472154368.319100 
9848 	 -193.510303 	 193.510303 	 39388.545540 	 1819465826.471018 
9849 	 -188.096475 	 188.096475 	 37419.260279 	 1692834688.952485 
9850 	 -225.854370 	 225.854370 	 53471.798473 	 3313960093.120861 
9851 	 -226.971605 	 226.971605 	 52712.122325 	 3018845972.887183 
9852 	 -125.607997 	 150.928812 	 31787.725952 	 1880886384.030670 
9853 	 224.598591 	 224.598591 	 53501.201510 	 3416574716.318431 
9854 	 -164.485430 	 199.021683 	 42788.541693 	 2197518802.962913 
9855 	 -48.327867 	 101.970077 	 15356.765589 	 544350640.197176 
9856 	 -44.182222 	 93.231762 	 12406.408729 	 310061803.072624 
9857 	 126.783260 	 126.852702 	 19938.197578 	 682453844.294205 
9858 	 194.710733 	 195.737296 	 42770.456852 	 2375208987.221003 
9859 	 161.264489 	 181.267079 	 39595.531574 	 2307883296.864355 
9860 	 172.036930 	 172.918047 	 35940.937876 	 1973316198.875432 
9861 	 63.398605 	 111.001999 	 19247.991236 	 866305411.989044 
9862 	 -180.635870 	 180.635870 	 34423.409667 	 1397557831.255795 
9863 	 64.525591 	 140.239851 	 23559.444690 	 851994443.925971 
9864 	 104.704914 	 125.753655 	 22735.721194 	 997873704.048522 
9865 	 -164.742499 	 164.964739 	 30686.918410 	 1335354084.747996 
9866 	 -137.805332 	 138.823843 	 26484.458973 	 1396521732.563370 
9867 	 -166.601238 	 166.601238 	 32687.596443 	 1538453481.167065 
9868 	 -195.616917 	 195.616917 	 41687.876435 	 2229086227.192013 
9869 	 66.294902 	 138.597337 	 23264.225080 	 863995210.476914 
9870 	 202.644679 	 202.644679 	 42812.023682 	 2105748438.382820 
9871 	 195.060311 	 195.060311 	 44775.550899 	 2803428320.077471 
9872 	 228.525044 	 228.525044 	 54230.395719 	 3344884581.118265 
9873 	 218.216291 	 218.216291 	 49967.676352 	 2899718309.117334 
9874 	 187.795734 	 189.665312 	 42270.877049 	 2503344584.463151 
9875 	 -97.575585 	 149.950100 	 30161.546510 	 1623565976.573103 
9876 	 187.517864 	 187.517864 	 38540.787520 	 1891035692.686099 
9877 	 56.730365 	 124.768128 	 22138.077252 	 1029355923.105451 
9878 	 -39.363102 	 145.309800 	 27552.642238 	 1264712575.190910 
9879 	 169.304160 	 169.590352 	 34999.740447 	 1854039492.700581 
9880 	 182.468500 	 182.468500 	 37189.843949 	 1872256191.929687 
9881 	 200.975306 	 200.975306 	 47096.778667 	 3072798214.064045 
9882 	 231.073858 	 231.073858 	 55336.225970 	 3440188084.464696 
9883 	 135.994764 	 138.204123 	 24379.861244 	 1004037549.363081 
9884 	 166.083674 	 193.275075 	 42979.244873 	 2630392822.776514 
9885 	 -165.904174 	 165.904174 	 30828.642202 	 1362053750.972490 
9886 	 -54.654638 	 147.506914 	 26025.224215 	 1076004653.022219 
9887 	 206.375638 	 206.375638 	 44927.705080 	 2391057892.477846 
9888 	 147.697672 	 147.697672 	 24909.960305 	 936141713.664930 
9889 	 170.865272 	 177.376497 	 37470.566673 	 2049771393.440407 
9890 	 198.315616 	 198.315616 	 42196.117253 	 2191842751.124055 
9891 	 -154.171176 	 187.061428 	 39902.400233 	 2159440016.194992 
9892 	 59.990150 	 129.375944 	 21061.371107 	 764240647.990140 
9893 	 192.426236 	 192.426236 	 40688.785011 	 2124792387.101923 
9894 	 197.384672 	 197.384672 	 42853.497365 	 2425909101.809165 
9895 	 200.823420 	 201.348033 	 47025.580775 	 2985701053.901669 
9896 	 -22.650509 	 154.254966 	 30570.175718 	 1536796527.775645 
9897 	 -176.992965 	 183.845755 	 37508.937280 	 1739537563.617791 
9898 	 -126.654894 	 143.179044 	 29206.977730 	 1485183886.996531 
9899 	 -134.810931 	 143.587422 	 26134.917148 	 1138119158.646610 
9900 	 40.860898 	 167.239787 	 32508.590312 	 1541217903.754657 
9901 	 -82.629304 	 152.573038 	 27922.994187 	 1238289238.718984 
9902 	 -169.686414 	 169.686414 	 33661.238945 	 1688806696.470816 
9903 	 -195.218134 	 195.536337 	 42765.978736 	 2419458096.939332 
9904 	 -147.859956 	 153.212833 	 28351.734348 	 1186192110.458012 
9905 	 23.424585 	 164.302834 	 32257.182854 	 1516326841.082084 
9906 	 -182.271258 	 182.500490 	 39794.895911 	 2319801232.226032 
9907 	 -142.258766 	 147.214648 	 29586.454653 	 1679302748.093744 
9908 	 -99.262295 	 168.650739 	 38362.306326 	 2497973702.176869 
9909 	 201.370739 	 201.370739 	 43154.944503 	 2230257973.134110 
9910 	 201.720205 	 201.720205 	 43040.183789 	 2205275758.466515 
9911 	 186.539373 	 190.238749 	 40468.839390 	 2132905852.381441 
9912 	 -217.221233 	 217.221233 	 49481.328227 	 2845342410.223732 
9913 	 -200.344943 	 200.344943 	 43195.125381 	 2336613561.552383 
9914 	 -176.801949 	 176.801949 	 34053.552019 	 1536476197.065271 
9915 	 -197.200795 	 197.200795 	 42305.250279 	 2305636826.751479 
9916 	 -212.536835 	 212.536835 	 47920.476220 	 2664198313.823404 
9917 	 -98.922809 	 114.379197 	 17722.805439 	 649304506.824672 
9918 	 -148.859255 	 148.891730 	 24900.092918 	 842817235.152332 
9919 	 -185.506467 	 185.506467 	 38378.865220 	 2011036181.125224 
9920 	 -137.435201 	 144.505544 	 29504.535814 	 1683972461.088957 
9921 	 110.708183 	 134.897510 	 23975.423154 	 1029295502.663558 
9922 	 -23.288971 	 168.496969 	 32625.175637 	 1443569915.345130 
9923 	 234.612062 	 234.612062 	 57009.516642 	 3687471077.002847 
9924 	 164.229563 	 165.768579 	 34121.804684 	 1773526832.563843 
9925 	 225.601039 	 225.601039 	 53658.098945 	 3447802762.209512 
9926 	 231.821148 	 231.821148 	 55519.231166 	 3428603530.443205 
9927 	 74.117796 	 90.757245 	 13200.503265 	 457993970.774154 
9928 	 182.503309 	 184.857138 	 40042.172255 	 2259231387.086354 
9929 	 195.528824 	 201.063517 	 48691.126953 	 3405417782.701318 
9930 	 -169.584622 	 169.713813 	 33787.918500 	 1617554528.501300 
9931 	 -78.688037 	 118.389784 	 19512.925825 	 731290584.618022 
9932 	 88.000543 	 137.700121 	 25980.567427 	 1323898701.665286 
9933 	 -40.808492 	 155.651791 	 30059.033238 	 1417100357.368912 
9934 	 30.720804 	 131.870142 	 23606.528312 	 1071403233.003726 
9935 	 221.572951 	 221.572951 	 50940.509824 	 2941959090.098143 
9936 	 44.549185 	 109.200156 	 18137.387081 	 817468130.267741 
9937 	 106.064357 	 166.295768 	 37213.595528 	 2397513345.478079 
9938 	 47.067099 	 115.253666 	 17529.871594 	 656840030.846326 
9939 	 2.220406 	 116.528773 	 18063.755669 	 634498132.866958 
9940 	 161.596523 	 161.693830 	 30931.298182 	 1469135748.602944 
9941 	 174.080002 	 174.705431 	 35083.631395 	 1744843977.021326 
9942 	 220.341099 	 220.341099 	 50125.116957 	 2825336588.369211 
9943 	 184.628783 	 184.628783 	 38832.482948 	 2141446800.715266 
9944 	 199.618143 	 199.618143 	 42663.384287 	 2301687754.674271 
9945 	 198.171203 	 198.171203 	 41907.041204 	 2086604200.480269 
9946 	 166.038030 	 167.138132 	 34666.454127 	 1788796844.317577 
9947 	 -135.975847 	 138.560458 	 26744.422011 	 1301149656.452993 
9948 	 57.293288 	 128.689063 	 21805.270559 	 866569833.019447 
9949 	 188.072806 	 188.110939 	 39989.050935 	 2199391936.649021 
9950 	 190.391917 	 190.391917 	 41957.702695 	 2456271869.127066 
9951 	 172.708117 	 172.708117 	 32814.803218 	 1420041367.846421 
9952 	 213.662141 	 213.662141 	 50179.210302 	 3206361164.435789 
9953 	 -97.642246 	 122.895212 	 21396.340291 	 924951983.975337 
9954 	 -157.371123 	 157.375377 	 30484.679904 	 1493791938.791304 
9955 	 -229.707979 	 229.707979 	 54597.467977 	 3333385754.528834 
9956 	 -118.307442 	 134.888440 	 26574.627813 	 1326834789.758612 
9957 	 111.450364 	 139.616204 	 25206.303044 	 1024655726.584482 
9958 	 221.414950 	 221.414950 	 50380.560189 	 2793707310.965350 
9959 	 207.952206 	 207.952206 	 45061.050585 	 2318763439.158621 
9960 	 245.477209 	 245.477209 	 63289.281854 	 4577010638.262922 
9961 	 -22.118039 	 182.444796 	 36943.007837 	 1785723075.977451 
9962 	 -202.553356 	 202.553356 	 42776.487908 	 2100157286.090159 
9963 	 21.213604 	 187.076062 	 40357.964045 	 2417094121.628778 
9964 	 211.549171 	 211.549171 	 48633.832509 	 2964008611.510714 
9965 	 183.747094 	 183.747094 	 38679.169250 	 2094718079.372448 
9966 	 173.934745 	 173.934745 	 33931.439486 	 1647616419.658251 
9967 	 -116.009126 	 197.850680 	 46305.678965 	 2941207928.770819 
9968 	 -189.967135 	 189.967135 	 40280.467730 	 2204151983.017652 
9969 	 -192.379061 	 192.379061 	 39737.442310 	 2028644997.092062 
9970 	 -128.008060 	 137.818912 	 26177.742447 	 1338387438.386355 
9971 	 176.942559 	 178.339863 	 37166.962806 	 1972715982.736879 
9972 	 207.815471 	 207.815471 	 44999.357915 	 2343095654.901192 
9973 	 200.151278 	 200.151278 	 41592.873306 	 1958268052.610938 
9974 	 205.606495 	 205.606495 	 45141.288938 	 2525957646.191890 
9975 	 212.846786 	 212.846786 	 47914.577228 	 2807928735.910969 
9976 	 176.203403 	 176.203403 	 34512.712373 	 1594459847.856041 
9977 	 -176.257788 	 176.257788 	 35075.608160 	 1687878238.086924 
9978 	 -82.589699 	 134.766121 	 22554.692626 	 835458887.500224 
9979 	 75.147080 	 81.143188 	 9131.332694 	 163363468.728335 
9980 	 -5.387343 	 154.761104 	 28333.142011 	 1138995590.247846 
9981 	 200.951577 	 202.728435 	 45161.322523 	 2537325604.757049 
9982 	 129.321673 	 147.045064 	 27725.653758 	 1210187915.780361 
9983 	 79.395623 	 129.404899 	 23015.121326 	 978263347.377921 
9984 	 -200.216006 	 200.216006 	 44159.327593 	 2635777565.372092 
9985 	 -180.353724 	 180.353724 	 35657.568238 	 1675941675.138789 
9986 	 -206.849883 	 206.849883 	 47071.825817 	 2869334602.268949 
9987 	 -213.803240 	 213.803240 	 50046.077557 	 3096688926.391519 
9988 	 -176.185833 	 176.208004 	 35745.581734 	 1797330054.828001 
9989 	 -37.030831 	 175.595220 	 39475.312660 	 2406456731.918819 
9990 	 113.541946 	 172.090768 	 34993.149812 	 1828932868.410573 
9991 	 -160.317857 	 160.317857 	 29571.769720 	 1326477621.186176 
9992 	 -177.925842 	 177.925842 	 35065.710142 	 1651305376.992078 
9993 	 208.046421 	 214.985055 	 51888.591450 	 3487413473.940776 
9994 	 186.059666 	 186.059666 	 38253.627771 	 1971473738.877634 
9995 	 167.812183 	 195.817486 	 44441.740269 	 2727635233.808781 
9996 	 -206.827201 	 206.827201 	 47290.964352 	 2908096667.375803 
9997 	 -186.788679 	 186.788679 	 38495.469638 	 1944286846.756620 
9998 	 -236.312255 	 236.312255 	 58290.140646 	 3859305800.987802 
9999 	 -166.534254 	 167.060822 	 34083.347034 	 1803035270.941583 
10000 	 -198.069143 	 198.069143 	 41262.411551 	 2029015923.918971 

%ACCRATE = 0.895105
