%%%%%%%%%%%%%%%%%%%%%%%%%%%%%%%%%%%%%%%%%%%%%%%%%%%%%%%%%%%%%%%%%%%%%%%%%%%
%SIMULAZIONE D = 3, L = 8, V = 512
%NUMERO DI MISURE PER OGNI naccu: T = 1000
%%%%%%%%%%%%%%%%%%%%%%%%%%%%%%%%%%%%%%%%%%%%%%%%%%%%%%%%%%%%%%%%%%%%%%%%%%%
%naccu = 4
%%%%%%%%%%%%%%%%%%%%%%%%%%%%%%%%%%%%%%%%%%%%%%%%%%%%%%%%%%%%%%%%%%%%%%%%%%%

%%%%%%%%%%%%%%%%%%%%%%%%%%%%%%%%%%%%%%%%%%%%%%%%%%%%%%%%%%%%%%%%%%%%%%%%%%%

2001 	 148.012715 	 148.012715 	 22013.417125 	 493490147.356710 
2002 	 155.332963 	 155.332963 	 24155.576456 	 586061685.021677 
2003 	 184.449987 	 184.449987 	 34792.495266 	 1316515523.640447 
2004 	 226.272003 	 226.272003 	 51238.492813 	 2633524525.065761 
2005 	 233.166739 	 233.166739 	 54400.312538 	 2966687177.167618 
2006 	 244.809480 	 244.809480 	 59970.227934 	 3605546793.166295 
2007 	 254.847018 	 254.847018 	 65117.466422 	 4286238349.224534 
2008 	 254.452861 	 254.452861 	 64927.699112 	 4262721525.947560 
2009 	 288.519915 	 288.519915 	 84146.332614 	 7363355190.598808 
2010 	 300.545088 	 300.545088 	 90366.972004 	 8180276034.052449 
2011 	 293.930826 	 293.930826 	 86497.799943 	 7517250252.158712 
2012 	 315.395245 	 315.395245 	 99481.502320 	 9899488869.316622 
2013 	 303.260253 	 303.260253 	 92139.200865 	 8553287417.135532 
2014 	 305.113234 	 305.113234 	 93143.089362 	 8693402782.095001 
2015 	 236.354879 	 236.354879 	 55880.259490 	 3126261964.031947 
2016 	 235.840142 	 235.840142 	 55677.135690 	 3112153221.624388 
2017 	 240.204460 	 240.204460 	 57766.265665 	 3352577841.644446 
2018 	 242.057740 	 242.057740 	 58747.839852 	 3487844397.911343 
2019 	 229.134768 	 229.134768 	 52577.053604 	 2779922280.963139 
2020 	 227.744218 	 227.744218 	 52054.324664 	 2748663472.048929 
2021 	 224.079962 	 224.079962 	 50483.580547 	 2603093924.761054 
2022 	 248.231992 	 248.231992 	 61669.485573 	 3815859738.175748 
2023 	 269.134473 	 269.134473 	 72584.867618 	 5310695823.969935 
2024 	 264.639404 	 264.639404 	 70147.258165 	 4951434529.751323 
2025 	 239.317736 	 239.317736 	 57459.210830 	 3344459196.135328 
2026 	 229.032827 	 229.032827 	 52491.921752 	 2763045732.811141 
2027 	 261.087400 	 261.087400 	 68271.493264 	 4689378590.698191 
2028 	 238.920809 	 238.920809 	 57497.705290 	 3402108454.967760 
2029 	 184.145324 	 184.145324 	 34416.312503 	 1248480742.625928 
2030 	 138.457083 	 138.457083 	 19569.639921 	 418298362.997747 
2031 	 153.015110 	 153.015110 	 23777.639587 	 604421863.877044 
2032 	 146.731525 	 146.731525 	 21596.917315 	 472095167.592486 
2033 	 159.549629 	 159.549629 	 25668.326969 	 680977544.067738 
2034 	 173.574185 	 173.574185 	 30161.388009 	 913734257.093665 
2035 	 142.929023 	 142.929023 	 20571.472533 	 434188135.521859 
2036 	 140.328540 	 140.328540 	 19834.801498 	 404538462.232297 
2037 	 133.360538 	 133.360538 	 17908.998749 	 329363450.021137 
2038 	 111.990334 	 111.990334 	 12878.341521 	 181783795.039475 
2039 	 69.378653 	 69.378653 	 5356.246272 	 37812997.819173 
2040 	 82.800538 	 82.800538 	 6993.868170 	 52683660.334489 
2041 	 46.065263 	 46.065263 	 2195.120966 	 5358221.824398 
2042 	 20.937480 	 20.937480 	 686.220896 	 911605.473737 
2043 	 60.826386 	 60.826386 	 4040.708975 	 21975592.093591 
2044 	 90.227624 	 90.227624 	 8188.639352 	 68601736.702961 
2045 	 114.611753 	 114.611753 	 13323.366134 	 187350101.359820 
2046 	 163.049324 	 163.049324 	 27398.235198 	 831195650.123731 
2047 	 207.831432 	 207.831432 	 43711.005735 	 1996754482.044511 
2048 	 173.234674 	 173.234674 	 30094.026897 	 915137151.692966 
2049 	 147.095585 	 147.095585 	 22033.099176 	 519462415.344110 
2050 	 143.867475 	 143.867475 	 21069.734066 	 475684508.519132 
2051 	 165.434027 	 165.434027 	 27687.949380 	 798769669.855655 
2052 	 226.792840 	 226.792840 	 51727.580660 	 2735118650.641346 
2053 	 239.794413 	 239.794413 	 57728.475600 	 3386366987.446300 
2054 	 231.789211 	 231.789211 	 53732.911089 	 2888643323.307954 
2055 	 240.932747 	 240.932747 	 58138.888883 	 3401822979.559944 
2056 	 242.304356 	 242.304356 	 58965.457353 	 3533145588.031493 
2057 	 264.022844 	 264.022844 	 69769.052574 	 4884702748.341263 
2058 	 263.130234 	 263.130234 	 69517.293838 	 4906499908.940811 
2059 	 240.559386 	 240.559386 	 58307.118223 	 3502057477.165878 
2060 	 223.389675 	 223.389675 	 50454.996881 	 2654349400.497859 
2061 	 214.853865 	 214.853865 	 46274.899636 	 2162778226.980028 
2062 	 228.506145 	 228.506145 	 52319.580410 	 2759096842.003525 
2063 	 232.316137 	 232.316137 	 54142.701889 	 2970937672.396344 
2064 	 225.919779 	 225.919779 	 51039.746759 	 2605055749.203376 
2065 	 255.480867 	 255.480867 	 65400.440668 	 4311701703.547832 
2066 	 239.614594 	 239.614594 	 57511.361347 	 3330002175.570092 
2067 	 275.692423 	 275.692423 	 76009.562542 	 5778449322.758859 
2068 	 274.761808 	 274.761808 	 75519.938530 	 5711167176.334610 
2069 	 266.991006 	 266.991006 	 71326.012948 	 5099073584.025675 
2070 	 265.397382 	 265.397382 	 70476.252865 	 4978046699.090449 
2071 	 254.721959 	 254.721959 	 64895.887073 	 4214716092.349133 
2072 	 252.582729 	 252.582729 	 64027.883162 	 4157875717.700768 
2073 	 225.266238 	 225.266238 	 50798.954043 	 2591341745.788477 
2074 	 228.383410 	 228.383410 	 52931.464715 	 2966034092.475338 
2075 	 212.496264 	 212.496264 	 45452.328987 	 2115883822.977184 
2076 	 187.601423 	 187.601423 	 35231.074403 	 1246419774.609074 
2077 	 225.020555 	 225.020555 	 50786.244175 	 2610029114.848033 
2078 	 212.479538 	 212.479538 	 45242.319267 	 2064214144.187888 
2079 	 218.751662 	 218.751662 	 48000.513832 	 2330973539.319044 
2080 	 234.743376 	 234.743376 	 55419.065400 	 3143020793.465169 
2081 	 268.851552 	 268.851552 	 72448.771005 	 5296014384.504851 
2082 	 308.881964 	 308.881964 	 95998.833933 	 9435478909.538010 
2083 	 318.606008 	 318.606008 	 101609.086372 	 10365704626.715694 
2084 	 301.232526 	 301.232526 	 90836.141841 	 8285740097.913734 
2085 	 268.974598 	 268.974598 	 72507.024638 	 5302975100.608095 
2086 	 264.094956 	 264.094956 	 69850.011926 	 4908634593.606907 
2087 	 230.817192 	 230.817192 	 53484.395377 	 2905705482.253088 
2088 	 204.609661 	 204.609661 	 42099.543362 	 1809029466.707484 
2089 	 194.209219 	 194.209219 	 37827.588398 	 1447501368.212896 
2090 	 235.595331 	 235.595331 	 55564.941571 	 3100469592.158872 
2091 	 223.245937 	 223.245937 	 49899.740637 	 2501775495.776071 
2092 	 207.153754 	 207.153754 	 42984.406036 	 1860018557.265498 
2093 	 190.565213 	 190.565213 	 36350.123280 	 1326239823.562989 
2094 	 201.104972 	 201.104972 	 40479.872666 	 1644551183.203335 
2095 	 219.364783 	 219.364783 	 48165.299245 	 2328645942.355939 
2096 	 239.480147 	 239.480147 	 57370.604061 	 3295943284.931643 
2097 	 230.676499 	 230.676499 	 53346.467028 	 2873406976.735673 
2098 	 250.416448 	 250.416448 	 63490.498401 	 4204124768.330424 
2099 	 255.251545 	 255.251545 	 65506.524683 	 4388116768.196901 
2100 	 208.055641 	 208.055641 	 43555.498519 	 1946650684.821079 
2101 	 186.055349 	 186.055349 	 34723.626421 	 1221497599.408955 
2102 	 192.932698 	 192.932698 	 37484.903052 	 1447411510.719814 
2103 	 226.479531 	 226.479531 	 51394.222312 	 2662154723.864188 
2104 	 203.395421 	 203.395421 	 41467.927306 	 1736158635.972539 
2105 	 210.720422 	 210.720422 	 44504.532632 	 1998529774.808399 
2106 	 205.341419 	 205.341419 	 42166.122190 	 1778154562.541539 
2107 	 205.056406 	 205.056406 	 42309.413882 	 1833274707.561681 
2108 	 198.184266 	 198.184266 	 39307.610480 	 1550051128.855655 
2109 	 157.055118 	 157.055118 	 24731.091307 	 617736461.703016 
2110 	 186.200715 	 186.200715 	 34700.625143 	 1208253450.620820 
2111 	 160.873803 	 160.873803 	 26000.767556 	 688500203.570484 
2112 	 116.377085 	 116.377085 	 13889.772165 	 211702594.932107 
2113 	 127.194150 	 127.194150 	 16467.621013 	 287721401.017199 
2114 	 143.239442 	 143.239442 	 20575.129480 	 427966136.322197 
2115 	 153.696861 	 153.696861 	 23863.369770 	 592278988.541297 
2116 	 96.572886 	 96.572886 	 9362.317222 	 89034849.260059 
2117 	 106.776801 	 106.776801 	 11712.173508 	 151355178.043139 
2118 	 104.505998 	 104.505998 	 11020.032501 	 125999526.246465 
2119 	 89.771194 	 89.771194 	 8721.065733 	 93283552.695554 
2120 	 50.977088 	 50.977088 	 2612.189470 	 6975910.402218 
2121 	 58.258247 	 58.258247 	 3505.127269 	 14124601.472450 
2122 	 57.712595 	 57.712595 	 3333.527297 	 11148285.203003 
2123 	 48.650132 	 48.650132 	 2434.804962 	 6569671.958110 
2124 	 97.619623 	 97.619623 	 10248.832317 	 124823214.935596 
2125 	 151.229273 	 151.229273 	 22988.739043 	 539819253.798812 
2126 	 169.095179 	 169.095179 	 28741.879390 	 842500448.187818 
2127 	 173.393829 	 173.393829 	 30141.455205 	 917657466.765826 
2128 	 170.378135 	 170.378135 	 29030.902139 	 843045398.578812 
2129 	 185.137497 	 185.137497 	 34433.075672 	 1206869299.777345 
2130 	 193.456150 	 193.456150 	 37505.957872 	 1419303637.868280 
2131 	 195.350855 	 195.350855 	 38307.586418 	 1490626243.136419 
2132 	 211.077530 	 211.077530 	 44598.699609 	 1996857451.880832 
2133 	 222.579847 	 222.579847 	 49633.922596 	 2482593037.911810 
2134 	 199.704648 	 199.704648 	 40047.155091 	 1628220257.625002 
2135 	 208.607693 	 208.607693 	 43602.869583 	 1916237241.302424 
2136 	 200.140396 	 200.140396 	 40176.794587 	 1634008954.275647 
2137 	 242.247952 	 242.247952 	 59100.910470 	 3586764318.360824 
2138 	 265.937332 	 265.937332 	 70747.877111 	 5012542660.403913 
2139 	 268.968673 	 268.968673 	 72349.689497 	 5236073693.728815 
2140 	 288.727498 	 288.727498 	 83437.976796 	 6986390443.258984 
2141 	 281.479052 	 281.479052 	 79663.041494 	 6486097481.105586 
2142 	 276.220531 	 276.220531 	 76411.883972 	 5873221052.064709 
2143 	 270.270515 	 270.270515 	 73102.791732 	 5360311256.752835 
2144 	 268.645840 	 268.645840 	 72269.915641 	 5250609981.259478 
2145 	 274.754738 	 274.754738 	 75597.445364 	 5746579251.182953 
2146 	 266.419702 	 266.419702 	 71036.004381 	 5062093736.032942 
2147 	 295.226816 	 295.226816 	 87341.146528 	 7693104511.501199 
2148 	 267.358780 	 267.358780 	 71993.213151 	 5324967054.598738 
2149 	 235.916159 	 235.916159 	 55688.842434 	 3108269538.240314 
2150 	 261.714033 	 261.714033 	 68617.322388 	 4743721800.195034 
2151 	 256.861031 	 256.861031 	 66198.095035 	 4443933518.486286 
2152 	 246.716970 	 246.716970 	 60870.213083 	 3705414089.867743 
2153 	 255.141996 	 255.141996 	 65208.845702 	 4280598179.662336 
2154 	 265.573085 	 265.573085 	 70637.795920 	 5020799789.202725 
2155 	 238.283583 	 238.283583 	 56893.323188 	 3262714050.757106 
2156 	 213.054994 	 213.054994 	 45764.150938 	 2162716015.259231 
2157 	 213.064714 	 213.064714 	 45794.636164 	 2168259575.988114 
2158 	 267.148907 	 267.148907 	 71414.434026 	 5113032622.413198 
2159 	 248.453070 	 248.453070 	 61854.625126 	 3857985287.255868 
2160 	 258.750646 	 258.750646 	 67217.756640 	 4589253567.473692 
2161 	 288.221101 	 288.221101 	 83203.010934 	 6965176180.591977 
2162 	 299.763024 	 299.763024 	 89902.877341 	 8098721953.713156 
2163 	 274.871829 	 274.871829 	 75618.551614 	 5737988172.207651 
2164 	 265.353764 	 265.353764 	 70535.600537 	 5009288360.914993 
2165 	 243.870443 	 243.870443 	 59803.861311 	 3655093149.078540 
2166 	 213.117160 	 213.117160 	 45429.910869 	 2065841620.161200 
2167 	 214.973927 	 214.973927 	 46482.206012 	 2207576190.122814 
2168 	 215.537945 	 215.537945 	 46685.390622 	 2221753789.307405 
2169 	 227.728576 	 227.728576 	 52064.041738 	 2754501837.900465 
2170 	 185.851272 	 185.851272 	 34832.966473 	 1255410782.480402 
2171 	 170.354733 	 170.354733 	 29075.324328 	 851857565.457269 
2172 	 159.347804 	 159.347804 	 25771.575040 	 700719218.469180 
2173 	 164.295877 	 164.295877 	 27036.034442 	 735754819.164509 
2174 	 170.540373 	 170.540373 	 29499.378511 	 923648805.894825 
2175 	 210.487203 	 210.487203 	 44594.300330 	 2039713038.755131 
2176 	 204.259976 	 204.259976 	 41858.060206 	 1774124529.163486 
2177 	 216.593665 	 216.593665 	 46957.148775 	 2213083219.147932 
2178 	 216.836712 	 216.836712 	 47166.573665 	 2253269266.557845 
2179 	 176.913279 	 176.913279 	 31865.727025 	 1090104381.134605 
2180 	 139.977432 	 139.977432 	 19731.030415 	 400973382.580452 
2181 	 167.887356 	 167.887356 	 28273.347237 	 808631513.966206 
2182 	 151.465427 	 151.465427 	 22993.362575 	 533312798.299325 
2183 	 154.165250 	 154.165250 	 23796.282413 	 569103436.999180 
2184 	 202.085318 	 202.085318 	 40957.901124 	 1696947311.604403 
2185 	 212.018925 	 212.018925 	 44995.828184 	 2032690028.278852 
2186 	 218.359356 	 218.359356 	 47757.321909 	 2294702023.956734 
2187 	 202.076823 	 202.076823 	 41076.736887 	 1730233616.060920 
2188 	 195.593559 	 195.593559 	 38565.335316 	 1533115058.294853 
2189 	 175.923675 	 175.923675 	 31140.533317 	 994689610.195247 
2190 	 172.064333 	 172.064333 	 29608.024318 	 876860468.842947 
2191 	 166.014157 	 166.014157 	 27754.594291 	 790247151.928393 
2192 	 148.076734 	 148.076734 	 22004.243379 	 491457285.536027 
2193 	 137.356156 	 137.356156 	 18972.670656 	 367958488.366684 
2194 	 137.374884 	 137.374884 	 18972.913539 	 366968860.064432 
2195 	 134.349224 	 134.349224 	 18217.085750 	 342966025.638735 
2196 	 138.856725 	 138.856725 	 19546.216559 	 403511411.024124 
2197 	 151.807815 	 151.807815 	 23313.335371 	 569103253.387415 
2198 	 147.087536 	 147.087536 	 21743.848376 	 481486620.393275 
2199 	 104.873878 	 104.873878 	 11382.141795 	 146737572.671661 
2200 	 41.628483 	 41.628483 	 1755.088351 	 3233926.553997 
2201 	 24.879691 	 24.879691 	 682.869648 	 664219.490164 
2202 	 14.980278 	 14.980278 	 237.923234 	 72146.951384 
2203 	 28.624091 	 28.624091 	 846.994551 	 801212.260814 
2204 	 50.681992 	 50.681992 	 2800.309407 	 10036098.791919 
2205 	 83.334884 	 83.334884 	 7060.122405 	 52712165.335574 
2206 	 96.010750 	 96.010750 	 9348.879298 	 92436949.512338 
2207 	 121.885270 	 121.885270 	 15197.118444 	 252663231.203767 
2208 	 151.280925 	 151.280925 	 23394.384172 	 598698292.021981 
2209 	 185.832794 	 185.832794 	 34649.556260 	 1217575740.584942 
2210 	 187.593310 	 187.593310 	 35211.854490 	 1242796921.861249 
2211 	 192.581119 	 192.581119 	 37551.479290 	 1486362436.045863 
2212 	 236.161375 	 236.161375 	 56005.126328 	 3192329119.424522 
2213 	 248.600353 	 248.600353 	 61874.395053 	 3846794167.465361 
2214 	 275.125850 	 275.125850 	 75747.135447 	 5753828790.871022 
2215 	 251.808821 	 251.808821 	 63461.418561 	 4041053168.556378 
2216 	 276.741437 	 276.741437 	 76723.399491 	 5929476478.970989 
2217 	 298.380852 	 298.380852 	 89191.218673 	 8012610192.172986 
2218 	 295.441695 	 295.441695 	 87419.958413 	 7689412250.782035 
2219 	 282.514855 	 282.514855 	 79898.768966 	 6410758119.610468 
2220 	 310.985296 	 310.985296 	 96763.752246 	 9383371256.185116 
2221 	 290.326349 	 290.326349 	 84598.573481 	 7258058939.800880 
2222 	 271.160333 	 271.160333 	 73594.401309 	 5436237061.830101 
2223 	 281.865825 	 281.865825 	 79478.013692 	 6326276260.878126 
2224 	 299.460397 	 299.460397 	 89699.774244 	 8054399286.231751 
2225 	 273.699750 	 273.699750 	 75256.644040 	 5768934536.277314 
2226 	 230.227564 	 230.227564 	 53027.599444 	 2816687872.669689 
2227 	 251.276786 	 251.276786 	 63634.219833 	 4162295952.739276 
2228 	 217.256274 	 217.256274 	 47287.446026 	 2253275196.143863 
2229 	 189.698611 	 189.698611 	 36083.921019 	 1316225198.262502 
2230 	 178.322270 	 178.322270 	 32197.017664 	 1084223752.713721 
2231 	 206.961966 	 206.961966 	 42863.605805 	 1842483251.260696 
2232 	 178.988463 	 178.988463 	 32386.199781 	 1091980242.975626 
2233 	 168.920666 	 168.920666 	 28759.971727 	 851205331.315252 
2234 	 141.444932 	 141.444932 	 20235.654486 	 428169868.943265 
2235 	 104.732118 	 104.732118 	 11195.035556 	 135242764.125149 
2236 	 73.146703 	 73.146703 	 5556.903789 	 36171290.933863 
2237 	 62.608937 	 62.608937 	 3993.458060 	 17195048.412715 
2238 	 82.992793 	 82.992793 	 7027.852927 	 53127380.751350 
2239 	 69.465530 	 69.465530 	 4873.652700 	 24677146.765901 
2240 	 71.085771 	 71.085771 	 5521.396603 	 40009498.515987 
2241 	 63.631679 	 63.631679 	 5013.759471 	 35147426.454021 
2242 	 22.389784 	 22.389784 	 541.616914 	 402710.548010 
2243 	 49.111302 	 49.111302 	 2626.614614 	 8397184.485785 
2244 	 33.681011 	 33.681011 	 1298.341050 	 2276508.802760 
2245 	 23.276174 	 23.276174 	 837.145760 	 1734458.518431 
2246 	 28.640039 	 28.640039 	 1264.574201 	 4344817.609475 
2247 	 24.041458 	 24.041458 	 642.692534 	 577321.369132 
2248 	 6.248699 	 18.746223 	 392.419593 	 209464.234467 
2249 	 23.658892 	 23.658892 	 908.732240 	 1608244.212212 
2250 	 40.181408 	 40.181408 	 1679.090260 	 3172514.697676 
2251 	 5.614231 	 6.664639 	 91.604250 	 26027.646606 
2252 	 0.337732 	 12.845160 	 249.375160 	 124049.249012 
2253 	 -19.381794 	 19.381794 	 641.831617 	 823624.439168 
2254 	 11.284501 	 11.284501 	 143.941799 	 27504.163469 
2255 	 -6.555641 	 7.515503 	 125.992722 	 57348.218612 
2256 	 16.637876 	 16.637876 	 447.094054 	 487129.647528 
2257 	 59.257705 	 59.257705 	 3906.074458 	 21808941.451080 
2258 	 99.218365 	 99.218365 	 10014.727747 	 107160444.515585 
2259 	 89.162270 	 89.162270 	 8011.628308 	 66136766.664940 
2260 	 82.975140 	 82.975140 	 7445.173506 	 70523885.011883 
2261 	 57.430307 	 57.430307 	 3551.585280 	 16675873.404578 
2262 	 28.071167 	 28.071167 	 1029.818215 	 1788022.130489 
2263 	 -14.669328 	 14.678262 	 302.241436 	 147101.980790 
2264 	 -45.897680 	 45.897680 	 2513.799623 	 10733302.261856 
2265 	 -82.267619 	 82.267619 	 6788.621208 	 46638548.790883 
2266 	 -57.658635 	 57.658635 	 3441.086608 	 13630283.642446 
2267 	 -86.656383 	 86.656383 	 7787.291281 	 68755042.062801 
2268 	 -95.800700 	 95.800700 	 9188.514386 	 84825904.228223 
2269 	 -64.776922 	 64.776922 	 4199.272438 	 17687980.419857 
2270 	 -93.699254 	 93.699254 	 8814.443925 	 78858059.096457 
2271 	 -80.764898 	 80.764898 	 6769.959820 	 53024021.084417 
2272 	 -43.449197 	 43.449197 	 1975.319871 	 4721060.301431 
2273 	 -49.977289 	 49.977289 	 2529.783660 	 6705273.045798 
2274 	 -76.290911 	 76.290911 	 6052.792363 	 41455536.331377 
2275 	 -99.834940 	 99.834940 	 10028.136277 	 103020623.453436 
2276 	 -125.344006 	 125.344006 	 15905.655115 	 265704662.295054 
2277 	 -49.195785 	 49.195785 	 3115.902405 	 17352159.928361 
2278 	 -38.364992 	 38.364992 	 1560.938049 	 2853117.266674 
2279 	 -28.159254 	 32.955315 	 1316.745741 	 2587089.466736 
2280 	 -36.622436 	 36.622436 	 1563.535489 	 3516135.047084 
2281 	 -21.706673 	 21.706673 	 501.158164 	 294560.437110 
2282 	 -21.999926 	 21.999926 	 550.141489 	 393840.794450 
2283 	 -52.421569 	 52.421569 	 3352.833215 	 19465522.204115 
2284 	 -90.856483 	 90.856483 	 8324.558467 	 71679085.430260 
2285 	 -102.524011 	 102.524011 	 10908.193548 	 136638423.266207 
2286 	 -132.657533 	 132.657533 	 17628.371392 	 312999579.594205 
2287 	 -150.088642 	 150.088642 	 22535.033006 	 508584225.613912 
2288 	 -164.189823 	 164.189823 	 27069.721911 	 744114637.166100 
2289 	 -154.455603 	 154.455603 	 24036.369756 	 593808477.193872 
2290 	 -191.577242 	 191.577242 	 36901.331127 	 1388646584.079141 
2291 	 -220.502520 	 220.502520 	 48869.860575 	 2433350007.449259 
2292 	 -256.686389 	 256.686389 	 65985.393022 	 4379715346.134850 
2293 	 -242.864488 	 242.864488 	 59357.894780 	 3606332696.513942 
2294 	 -247.682102 	 247.682102 	 61685.941958 	 3887217080.158979 
2295 	 -254.032305 	 254.032305 	 64713.185497 	 4232725128.584018 
2296 	 -268.544510 	 268.544510 	 72231.843526 	 5250800272.871703 
2297 	 -235.003572 	 235.003572 	 55689.630343 	 3205136680.939630 
2298 	 -197.202377 	 197.202377 	 38993.133646 	 1536642992.718334 
2299 	 -209.826302 	 209.826302 	 44344.534103 	 2025579093.190810 
2300 	 -199.207448 	 199.207448 	 39696.705399 	 1577944638.814604 
2301 	 -220.488716 	 220.488716 	 48719.609850 	 2393162671.782778 
2302 	 -266.950518 	 266.950518 	 71703.862788 	 5271547578.102312 
2303 	 -298.390650 	 298.390650 	 89066.204257 	 7943096375.022626 
2304 	 -301.627779 	 301.627779 	 91014.454662 	 8296147037.613596 
2305 	 -318.185808 	 318.185808 	 101260.142657 	 10260809329.319986 
2306 	 -299.890784 	 299.890784 	 89966.018675 	 8105437289.866114 
2307 	 -268.275299 	 268.275299 	 72161.795917 	 5258906751.914359 
2308 	 -267.079124 	 267.079124 	 71384.465495 	 5110898411.657315 
2309 	 -251.298114 	 251.298114 	 63265.803897 	 4031853325.339024 
2310 	 -213.735443 	 213.735443 	 45917.353611 	 2152000287.170310 
2311 	 -233.003390 	 233.003390 	 54878.032295 	 3141315149.785789 
2312 	 -280.254965 	 280.254965 	 78837.317245 	 6310545754.819136 
2313 	 -307.012379 	 307.012379 	 94478.323083 	 9008871102.687370 
2314 	 -284.376023 	 284.376023 	 80908.452413 	 6558866607.231022 
2315 	 -269.672060 	 269.672060 	 72749.267529 	 5300087667.883051 
2316 	 -264.207163 	 264.207163 	 69817.030145 	 4877628873.524566 
2317 	 -265.803524 	 265.803524 	 70732.235263 	 5026482575.561303 
2318 	 -215.277200 	 215.277200 	 46427.268595 	 2170908540.551964 
2319 	 -215.531345 	 215.531345 	 46474.099353 	 2163551865.760038 
2320 	 -212.727907 	 212.727907 	 45320.341025 	 2066330943.394693 
2321 	 -223.228055 	 223.228055 	 49881.210399 	 2498190190.998191 
2322 	 -200.137191 	 200.137191 	 40509.084529 	 1722657319.307358 
2323 	 -235.348148 	 235.348148 	 55575.213586 	 3130156570.428669 
2324 	 -202.539413 	 202.539413 	 41104.156948 	 1703069395.221221 
2325 	 -197.823420 	 197.823420 	 39265.527009 	 1562459990.873486 
2326 	 -190.806817 	 190.806817 	 36413.796895 	 1326921231.623131 
2327 	 -189.012841 	 189.012841 	 36036.944608 	 1342007413.277859 
2328 	 -165.324692 	 165.324692 	 27535.343894 	 780641105.091844 
2329 	 -180.533533 	 180.533533 	 32611.975884 	 1066109969.961049 
2330 	 -147.823171 	 147.823171 	 22123.101595 	 516231567.786222 
2331 	 -169.853889 	 169.853889 	 28990.783700 	 856852843.742339 
2332 	 -146.687146 	 146.687146 	 21572.229609 	 470191697.322910 
2333 	 -150.209690 	 150.209690 	 22604.105901 	 514658613.410494 
2334 	 -142.791612 	 142.791612 	 20536.632979 	 433680914.244822 
2335 	 -124.714408 	 124.714408 	 15594.381471 	 245583321.555426 
2336 	 -118.230906 	 118.230906 	 14386.472678 	 226744775.682495 
2337 	 -116.757937 	 116.757937 	 14362.779126 	 246151362.876212 
2338 	 -150.082321 	 150.082321 	 22648.257167 	 523821177.002656 
2339 	 -160.685530 	 160.685530 	 26499.118867 	 774399339.819038 
2340 	 -163.147218 	 163.147218 	 26926.010771 	 760604499.957246 
2341 	 -154.087207 	 154.087207 	 23863.511110 	 580047176.116619 
2342 	 -169.447498 	 169.447498 	 28795.114118 	 838596475.096179 
2343 	 -152.168921 	 152.168921 	 23376.376064 	 567122109.016064 
2344 	 -180.164865 	 180.164865 	 32595.963933 	 1078940533.237632 
2345 	 -145.203006 	 145.203006 	 21281.969620 	 468832426.090631 
2346 	 -148.150742 	 148.150742 	 22250.402930 	 523489342.658986 
2347 	 -166.322491 	 166.322491 	 27720.490113 	 774792282.855721 
2348 	 -151.172645 	 151.172645 	 22909.496030 	 529962788.369560 
2349 	 -108.684996 	 108.684996 	 12034.888152 	 154794226.451516 
2350 	 -112.911423 	 112.911423 	 12959.610296 	 178950342.005013 
2351 	 -184.492064 	 184.492064 	 34742.763373 	 1290711833.910758 
2352 	 -226.090325 	 226.090325 	 51583.765699 	 2765726925.048022 
2353 	 -243.824520 	 243.824520 	 59507.596975 	 3555224299.955154 
2354 	 -269.472613 	 269.472613 	 72673.738178 	 5298679531.993259 
2355 	 -267.323909 	 267.323909 	 71549.423871 	 5143291503.295238 
2356 	 -262.422616 	 262.422616 	 68879.941914 	 4748389929.931557 
2357 	 -264.083632 	 264.083632 	 70002.002273 	 4968900750.620193 
2358 	 -231.440120 	 231.440120 	 53714.094966 	 2916276493.971886 
2359 	 -224.561971 	 224.561971 	 50517.289565 	 2570041238.326314 
2360 	 -273.396997 	 273.396997 	 74925.896210 	 5665889080.731805 
2361 	 -279.949397 	 279.949397 	 78581.199778 	 6241430604.329742 
2362 	 -285.002825 	 285.002825 	 81259.281285 	 6613458900.842827 
2363 	 -262.011561 	 262.011561 	 68968.752441 	 4837464548.574337 
2364 	 -222.491957 	 222.491957 	 49589.756246 	 2475912869.367389 
2365 	 -206.573703 	 206.573703 	 42693.040852 	 1826246384.172399 
2366 	 -180.313364 	 180.313364 	 32972.479205 	 1143770319.116042 
2367 	 -197.832331 	 197.832331 	 39163.235110 	 1537775019.111162 
2368 	 -225.477654 	 225.477654 	 51031.443370 	 2643226113.699708 
2369 	 -217.418112 	 217.418112 	 47411.492018 	 2274497779.234334 
2370 	 -208.966470 	 208.966470 	 44016.291416 	 1992641580.451676 
2371 	 -246.495095 	 246.495095 	 60850.202296 	 3724834813.189301 
2372 	 -299.727583 	 299.727583 	 90714.463647 	 8545929166.159352 
2373 	 -304.434245 	 304.434245 	 92920.081958 	 8724195076.807758 
2374 	 -294.980708 	 294.980708 	 87359.098773 	 7752378673.094347 
2375 	 -257.706745 	 257.706745 	 66607.939825 	 4486347664.473439 
2376 	 -236.056106 	 236.056106 	 56027.438768 	 3204075921.904943 
2377 	 -245.731632 	 245.731632 	 60930.823714 	 3843385113.571272 
2378 	 -217.975518 	 217.975518 	 47738.905617 	 2319680476.461093 
2379 	 -224.524137 	 224.524137 	 50511.221251 	 2572343666.190580 
2380 	 -239.728064 	 239.728064 	 57522.047356 	 3321055916.056118 
2381 	 -218.775670 	 218.775670 	 48153.161212 	 2370549294.042517 
2382 	 -253.879491 	 253.879491 	 64740.921035 	 4259621893.731789 
2383 	 -242.844250 	 242.844250 	 59040.269029 	 3501795020.963274 
2384 	 -250.590186 	 250.590186 	 62877.203868 	 3974238141.878559 
2385 	 -238.487905 	 238.487905 	 56914.371987 	 3247678485.802230 
2386 	 -222.473249 	 222.473249 	 49622.054692 	 2488532429.542916 
2387 	 -214.369562 	 214.369562 	 46143.793941 	 2162524912.245510 
2388 	 -206.648027 	 206.648027 	 42802.906357 	 1849022926.528150 
2389 	 -211.391067 	 211.391067 	 44848.473440 	 2038568376.301393 
2390 	 -218.566854 	 218.566854 	 47970.661726 	 2339077999.194852 
2391 	 -207.584735 	 207.584735 	 43239.316044 	 1895127985.825164 
2392 	 -200.395941 	 200.395941 	 40255.759451 	 1635915449.674592 
2393 	 -203.034492 	 203.034492 	 41297.242285 	 1717754366.235697 
2394 	 -206.583450 	 206.583450 	 42739.257517 	 1837178528.611152 
2395 	 -236.405478 	 236.405478 	 56239.706893 	 3246028505.070540 
2396 	 -255.180286 	 255.180286 	 65167.135259 	 4260041914.670234 
2397 	 -232.379943 	 232.379943 	 54031.075540 	 2926147114.684450 
2398 	 -218.759768 	 218.759768 	 48101.709271 	 2357397924.979115 
2399 	 -204.939800 	 204.939800 	 42232.986344 	 1820658530.413362 
2400 	 -191.061875 	 191.061875 	 36555.830623 	 1344010594.084422 
2401 	 -185.489161 	 185.489161 	 34522.497836 	 1207446185.283739 
2402 	 -182.067056 	 182.067056 	 33149.032945 	 1098940411.655479 
2403 	 -149.023315 	 149.023315 	 22308.653512 	 507189493.269562 
2404 	 -161.216036 	 161.216036 	 26105.122914 	 693909310.505847 
2405 	 -173.369212 	 173.369212 	 30249.441895 	 937793652.391713 
2406 	 -157.000046 	 157.000046 	 25219.125296 	 692125671.196806 
2407 	 -149.827900 	 149.827900 	 22483.433594 	 508569513.259169 
2408 	 -149.683384 	 149.683384 	 22460.053406 	 509382805.435027 
2409 	 -150.580876 	 150.580876 	 22777.722470 	 528048669.285097 
2410 	 -173.967757 	 173.967757 	 30320.093740 	 926044420.422734 
2411 	 -199.574463 	 199.574463 	 40077.218732 	 1645707480.166306 
2412 	 -212.154449 	 212.154449 	 45189.263785 	 2072746960.431210 
2413 	 -186.834256 	 186.834256 	 34999.203095 	 1238247556.090401 
2414 	 -205.692625 	 205.692625 	 42598.142623 	 1862139894.894887 
2415 	 -237.545385 	 237.545385 	 56461.587012 	 3195412441.765392 
2416 	 -231.477358 	 231.477358 	 53766.708003 	 2930651593.199163 
2417 	 -243.240068 	 243.240068 	 59196.336270 	 3511284539.899333 
2418 	 -259.598507 	 259.598507 	 67576.221580 	 4618945718.206198 
2419 	 -267.985357 	 267.985357 	 71867.147019 	 5179088664.137117 
2420 	 -276.313321 	 276.313321 	 76391.468405 	 5848915395.941255 
2421 	 -267.964407 	 267.964407 	 71863.546171 	 5181637373.506393 
2422 	 -257.959856 	 257.959856 	 66595.501192 	 4448764255.996341 
2423 	 -266.659941 	 266.659941 	 71195.145547 	 5092926008.716483 
2424 	 -202.025641 	 202.025641 	 40819.158001 	 1666992138.029032 
2425 	 -199.526448 	 199.526448 	 39877.639430 	 1600953514.244212 
2426 	 -151.664142 	 151.664142 	 23140.925441 	 548735672.376923 
2427 	 -141.360571 	 141.360571 	 20265.692988 	 430986719.367919 
2428 	 -120.339257 	 120.339257 	 14561.698280 	 216630347.190456 
2429 	 -107.281753 	 107.281753 	 11608.491936 	 139234692.570032 
2430 	 -118.566284 	 118.566284 	 14255.352812 	 214790031.028311 
2431 	 -148.524436 	 148.524436 	 22188.942133 	 504012799.290604 
2432 	 -150.771091 	 150.771091 	 22965.795668 	 549591482.540162 
2433 	 -165.869824 	 165.869824 	 27711.085003 	 788845815.942094 
2434 	 -149.070302 	 149.070302 	 22721.747137 	 561978032.507929 
2435 	 -86.202042 	 86.202042 	 7544.948480 	 60233428.385881 
2436 	 -79.564166 	 79.564166 	 6402.818385 	 42873222.737183 
2437 	 -55.532713 	 55.532713 	 3204.211866 	 11804395.665112 
2438 	 -17.063698 	 19.048865 	 504.998833 	 533813.262580 
2439 	 22.181405 	 25.453231 	 1139.980620 	 2574376.868767 
2440 	 31.644991 	 31.644991 	 1193.626346 	 2396823.958828 
2441 	 49.649399 	 49.649399 	 2748.950732 	 10647921.730099 
2442 	 74.628855 	 74.628855 	 5692.262378 	 35261725.881190 
2443 	 120.225889 	 120.225889 	 14620.740067 	 222950048.176977 
2444 	 135.461248 	 135.461248 	 18529.392224 	 355404387.061996 
2445 	 137.846193 	 137.846193 	 19016.725079 	 362816534.012986 
2446 	 119.929268 	 119.929268 	 14509.300628 	 218105570.031422 
2447 	 119.722741 	 119.722741 	 14348.060466 	 206689866.036429 
2448 	 124.953356 	 124.953356 	 15873.908477 	 267871050.525046 
2449 	 149.071786 	 149.071786 	 22532.678980 	 538018295.709787 
2450 	 146.099500 	 146.099500 	 21377.989805 	 459903058.844475 
2451 	 126.535717 	 126.535717 	 16161.321620 	 271172944.687386 
2452 	 121.709891 	 121.709891 	 15068.655495 	 242760484.126632 
2453 	 132.757959 	 132.757959 	 18577.531462 	 427770644.366549 
2454 	 149.523154 	 149.523154 	 22365.159417 	 500925763.172571 
2455 	 131.357238 	 131.357238 	 17546.137527 	 326154513.935634 
2456 	 115.908610 	 115.908610 	 13438.431779 	 180788579.166595 
2457 	 105.449703 	 105.449703 	 11253.240138 	 132243272.682397 
2458 	 121.789888 	 121.789888 	 15190.667886 	 254087748.028603 
2459 	 140.581458 	 140.581458 	 19915.333717 	 408101094.717306 
2460 	 101.156424 	 101.156424 	 10275.187643 	 107348008.476752 
2461 	 79.368524 	 79.368524 	 6491.590177 	 47307675.417690 
2462 	 111.624359 	 111.624359 	 12853.840390 	 183870828.019055 
2463 	 122.248566 	 122.248566 	 14946.853806 	 223535324.126916 
2464 	 146.655686 	 146.655686 	 21539.356948 	 466650966.895551 
2465 	 162.505148 	 162.505148 	 26605.611985 	 729848380.673896 
2466 	 177.037271 	 177.037271 	 31611.770471 	 1029847829.888186 
2467 	 205.996829 	 205.996829 	 42609.958069 	 1845862824.038105 
2468 	 221.015854 	 221.015854 	 48939.239761 	 2413594524.973363 
2469 	 190.818889 	 190.818889 	 36560.519961 	 1359010656.209483 
2470 	 158.412186 	 158.412186 	 25480.960783 	 683857169.045616 
2471 	 151.140576 	 151.140576 	 22877.380881 	 526407267.597136 
2472 	 124.564739 	 124.564739 	 15842.478307 	 271646019.847332 
2473 	 129.390714 	 129.390714 	 16753.848207 	 281487617.566166 
2474 	 124.192608 	 124.192608 	 15447.985657 	 240156476.015281 
2475 	 173.312917 	 173.312917 	 30057.494357 	 905831412.785162 
2476 	 138.492481 	 138.492481 	 19303.801546 	 381807666.577638 
2477 	 143.387423 	 143.387423 	 20571.275828 	 424107884.182039 
2478 	 157.252390 	 157.252390 	 24905.189380 	 637519446.415865 
2479 	 164.036820 	 164.036820 	 27058.109809 	 747801122.220959 
2480 	 202.105136 	 202.105136 	 41397.495348 	 1811288323.731082 
2481 	 254.598853 	 254.598853 	 64925.567167 	 4241301214.653649 
2482 	 211.992773 	 211.992773 	 45420.399159 	 2149174395.122697 
2483 	 159.180907 	 159.180907 	 25544.027661 	 673670417.550062 
2484 	 163.376851 	 163.376851 	 27159.086850 	 788741941.494988 
2485 	 224.802861 	 224.802861 	 50565.822038 	 2562941637.160293 
2486 	 213.678610 	 213.678610 	 45754.130482 	 2110228897.055889 
2487 	 177.553724 	 177.553724 	 31972.878962 	 1078703006.698689 
2488 	 157.677558 	 157.677558 	 24881.773718 	 621039734.657612 
2489 	 150.810661 	 150.810661 	 22926.861796 	 541975588.672509 
2490 	 158.680351 	 158.680351 	 25252.302153 	 644798404.313086 
2491 	 147.440678 	 147.440678 	 21781.590097 	 478108953.593867 
2492 	 156.819065 	 156.819065 	 25085.166384 	 677696965.101928 
2493 	 139.411078 	 139.411078 	 19502.870510 	 385376754.101384 
2494 	 135.133183 	 135.133183 	 18397.268602 	 348842175.455536 
2495 	 154.753216 	 154.753216 	 24015.541694 	 583010508.081368 
2496 	 157.786522 	 157.786522 	 25233.755538 	 672643037.905479 
2497 	 155.691229 	 155.691229 	 24483.144766 	 620371357.560217 
2498 	 126.824918 	 126.824918 	 16181.713155 	 268571158.310967 
2499 	 112.862944 	 112.862944 	 12803.764120 	 167165465.238378 
2500 	 104.943230 	 104.943230 	 11102.061609 	 126892886.095428 
2501 	 92.998634 	 92.998634 	 8702.388516 	 77565900.596520 
2502 	 71.341623 	 71.341623 	 5148.374981 	 27746667.583705 
2503 	 99.558741 	 99.558741 	 10027.420231 	 104719648.856279 
2504 	 103.719820 	 103.719820 	 10841.677085 	 121080771.409043 
2505 	 125.960946 	 125.960946 	 16151.696912 	 279456330.313857 
2506 	 121.381584 	 121.381584 	 14835.535401 	 226442154.149417 
2507 	 122.773688 	 122.773688 	 15505.738092 	 263025516.774967 
2508 	 119.557937 	 119.557937 	 14393.904795 	 212919422.780515 
2509 	 113.575058 	 113.575058 	 12937.918387 	 169501569.470227 
2510 	 152.977571 	 152.977571 	 23690.292013 	 588051422.526903 
2511 	 186.937660 	 186.937660 	 34970.947730 	 1226396443.652688 
2512 	 177.548121 	 177.548121 	 31668.537008 	 1022661163.262544 
2513 	 174.679955 	 174.679955 	 30568.889359 	 941176251.138093 
2514 	 187.979497 	 187.979497 	 35490.727262 	 1281858938.542924 
2515 	 182.286970 	 182.286970 	 33288.117081 	 1115731268.983710 
2516 	 161.959215 	 161.959215 	 26603.495971 	 746794728.014322 
2517 	 172.838081 	 172.838081 	 30133.451467 	 938944412.781509 
2518 	 128.792424 	 128.792424 	 16836.696571 	 300115404.536537 
2519 	 143.170769 	 143.170769 	 20592.955027 	 431567396.569475 
2520 	 147.990714 	 147.990714 	 21970.799408 	 488555228.620236 
2521 	 155.300371 	 155.300371 	 24208.431464 	 594747093.734809 
2522 	 178.467279 	 178.467279 	 31936.991148 	 1030794759.265920 
2523 	 172.042954 	 172.042954 	 29626.287265 	 880986658.166236 
2524 	 141.811844 	 141.811844 	 20212.578259 	 417074788.102129 
2525 	 138.424288 	 138.424288 	 19299.767731 	 382778158.376393 
2526 	 130.412685 	 130.412685 	 17050.661572 	 293836957.004807 
2527 	 122.271515 	 122.271515 	 15033.478531 	 231094766.395505 
2528 	 146.557674 	 146.557674 	 21783.257954 	 500072300.851115 
2529 	 134.749041 	 134.749041 	 18176.552522 	 331789741.372639 
2530 	 156.688751 	 156.688751 	 24595.663020 	 609413432.750977 
2531 	 174.444436 	 174.444436 	 30990.461281 	 1028234706.758891 
2532 	 191.157526 	 191.157526 	 36581.100230 	 1344168582.952802 
2533 	 213.474431 	 213.474431 	 45685.652146 	 2108011750.992268 
2534 	 221.174084 	 221.174084 	 48961.886066 	 2406036252.619781 
2535 	 226.773388 	 226.773388 	 51577.532931 	 2693220435.357739 
2536 	 219.592655 	 219.592655 	 48379.258865 	 2372861153.695341 
2537 	 196.011268 	 196.011268 	 38517.859782 	 1497950770.867765 
2538 	 202.497770 	 202.497770 	 41261.568474 	 1745932820.748556 
2539 	 177.864954 	 177.864954 	 31896.595898 	 1053383217.054776 
2540 	 178.151856 	 178.151856 	 31861.105296 	 1031668172.903352 
2541 	 189.811260 	 189.811260 	 36058.419915 	 1304596194.799794 
2542 	 189.829727 	 189.829727 	 36366.480633 	 1370482775.964232 
2543 	 180.971663 	 180.971663 	 32792.730071 	 1080971942.752021 
2544 	 195.368664 	 195.368664 	 38535.530975 	 1539648673.533352 
2545 	 238.331325 	 238.331325 	 56839.879319 	 3239428213.695807 
2546 	 218.500912 	 218.500912 	 47862.964645 	 2313603391.059888 
2547 	 196.874326 	 196.874326 	 38835.021885 	 1519573068.984082 
2548 	 196.935944 	 196.935944 	 39115.551855 	 1581220790.701642 
2549 	 246.797309 	 246.797309 	 60923.708381 	 3715368402.464582 
2550 	 285.225209 	 285.225209 	 81364.300026 	 6623653820.921108 
2551 	 282.927129 	 282.927129 	 80435.572422 	 6595642406.841938 
2552 	 258.827941 	 258.827941 	 67156.540951 	 4555905243.154010 
2553 	 309.343517 	 309.343517 	 95793.723095 	 9215617894.563520 
2554 	 308.628378 	 308.628378 	 95434.067815 	 9177196953.711187 
2555 	 290.159177 	 290.159177 	 84298.329481 	 7141342223.133131 
2556 	 293.253828 	 293.253828 	 86292.476277 	 7545365266.327994 
2557 	 287.400608 	 287.400608 	 82960.043552 	 7002550552.715466 
2558 	 277.484912 	 277.484912 	 77227.276157 	 6031001756.973245 
2559 	 253.436801 	 253.436801 	 64488.118688 	 4224165248.335826 
2560 	 272.370836 	 272.370836 	 74350.647970 	 5576914574.719468 
2561 	 284.142970 	 284.142970 	 80742.560959 	 6521078856.980684 
2562 	 266.474210 	 266.474210 	 71025.183051 	 5049314725.740394 
2563 	 256.630058 	 256.630058 	 65973.663118 	 4381980243.532541 
2564 	 239.425490 	 239.425490 	 57558.076235 	 3368641983.611990 
2565 	 261.778268 	 261.778268 	 68649.068055 	 4746645383.090345 
2566 	 264.392534 	 264.392534 	 69955.127127 	 4908071947.330766 
2567 	 250.800655 	 250.800655 	 63562.692454 	 4206434610.457622 
2568 	 226.533148 	 226.533148 	 51352.299561 	 2644072037.900237 
2569 	 184.122106 	 184.122106 	 33942.152908 	 1157702332.752255 
2570 	 179.891166 	 179.891166 	 32390.559550 	 1053054965.702162 
2571 	 170.645858 	 170.645858 	 29141.764627 	 851790322.064238 
2572 	 168.123902 	 168.123902 	 28346.387137 	 812275354.896612 
2573 	 153.083707 	 153.083707 	 23909.830786 	 621077817.473156 
2574 	 115.270105 	 115.270105 	 13817.613053 	 213581791.526207 
2575 	 107.697585 	 107.697585 	 11686.069582 	 140748004.654045 
2576 	 132.955652 	 132.955652 	 17727.855435 	 317868784.555941 
2577 	 112.002517 	 112.002517 	 12549.012278 	 157701360.247712 
2578 	 148.356065 	 148.356065 	 22238.757867 	 514047504.489465 
2579 	 78.181600 	 78.181600 	 6646.563037 	 54583427.722079 
2580 	 47.112388 	 47.112388 	 2459.359070 	 8105481.375080 
2581 	 11.109585 	 11.109585 	 239.205943 	 154146.820774 
2582 	 6.846733 	 15.333622 	 351.790405 	 315058.146819 
2583 	 21.412011 	 26.591903 	 894.140173 	 1333779.498040 
2584 	 19.594658 	 19.594658 	 422.739393 	 232660.206211 
2585 	 18.534835 	 18.534835 	 534.329518 	 707042.386764 
2586 	 40.033024 	 40.033024 	 1724.512216 	 3719785.385406 
2587 	 73.156487 	 73.156487 	 5535.603441 	 34246798.775521 
2588 	 90.624866 	 90.624866 	 8737.638986 	 94353286.938134 
2589 	 94.301046 	 94.301046 	 9077.813949 	 89121123.558113 
2590 	 93.780970 	 93.780970 	 9118.966979 	 92626179.596122 
2591 	 68.334894 	 68.334894 	 4721.792455 	 23262384.709327 
2592 	 73.439548 	 73.439548 	 5559.527436 	 35061037.022995 
2593 	 92.709307 	 92.709307 	 8869.853979 	 87869435.622736 
2594 	 65.142028 	 65.142028 	 4653.728855 	 30374787.622319 
2595 	 31.940903 	 31.940903 	 1117.109098 	 1606481.505895 
2596 	 38.821359 	 38.821359 	 1651.777382 	 3589421.549383 
2597 	 36.731368 	 36.731368 	 1381.569746 	 2069595.470021 
2598 	 28.444080 	 28.444080 	 987.265516 	 1346174.977203 
2599 	 60.295968 	 60.295968 	 3914.372383 	 19376867.149537 
2600 	 80.029385 	 80.029385 	 6515.179842 	 44924900.767602 
2601 	 63.288217 	 63.288217 	 4048.492436 	 17150572.710825 
2602 	 38.880826 	 38.880826 	 1714.359948 	 3705603.598842 
2603 	 71.086844 	 71.086844 	 5082.536243 	 26452529.625072 
2604 	 73.126331 	 73.126331 	 6002.493110 	 46038211.269698 
2605 	 33.616122 	 33.616122 	 1212.596894 	 1835662.637310 
2606 	 27.675483 	 27.675483 	 952.153410 	 1345086.170437 
2607 	 8.715686 	 11.519498 	 246.928105 	 180800.557477 
2608 	 45.108914 	 45.108914 	 2044.928155 	 4261395.564346 
2609 	 44.076327 	 44.076327 	 2096.051071 	 5786361.262975 
2610 	 49.480019 	 49.480019 	 2681.248179 	 9713493.400703 
2611 	 38.803436 	 38.803436 	 1543.992878 	 2651694.398049 
2612 	 33.302720 	 33.302720 	 1179.758844 	 1632877.358113 
2613 	 49.721328 	 49.721328 	 3058.581489 	 16910028.195458 
2614 	 88.765508 	 88.765508 	 7938.504436 	 64899223.844130 
2615 	 85.922847 	 85.922847 	 7633.758663 	 64348085.974519 
2616 	 108.858521 	 108.858521 	 11880.039820 	 142551360.159819 
2617 	 140.352717 	 140.352717 	 19804.300115 	 400890813.654075 
2618 	 150.774740 	 150.774740 	 22862.882258 	 534903343.633605 
2619 	 124.637779 	 124.637779 	 15903.591740 	 275679471.570216 
2620 	 66.496548 	 66.496548 	 4461.219816 	 20656039.043684 
2621 	 82.161975 	 82.161975 	 6779.710305 	 46790720.269177 
2622 	 65.231596 	 65.231596 	 4448.984530 	 22399707.005160 
2623 	 57.633081 	 57.633081 	 3705.114164 	 17432285.356140 
2624 	 5.197514 	 8.623950 	 105.151302 	 19773.994601 
2625 	 -13.688942 	 13.688942 	 359.686032 	 307590.019176 
2626 	 0.623125 	 9.995149 	 106.031420 	 13529.067171 
2627 	 19.090506 	 19.090506 	 502.582162 	 400123.438849 
2628 	 -15.028409 	 15.028409 	 242.902364 	 74565.645454 
2629 	 -21.176165 	 25.425116 	 796.437730 	 1061803.529106 
2630 	 5.946250 	 8.305331 	 84.866622 	 13991.606083 
2631 	 -14.734720 	 14.734720 	 372.528221 	 414637.585800 
2632 	 -45.851548 	 45.851548 	 2497.606928 	 9503383.310417 
2633 	 -94.668203 	 94.668203 	 9109.808073 	 87860495.064350 
2634 	 -61.056979 	 61.056979 	 4006.108240 	 20070985.587425 
2635 	 -51.150691 	 51.150691 	 2734.634122 	 8990733.499908 
2636 	 -55.470845 	 55.470845 	 3464.008741 	 16752678.011438 
2637 	 -75.647621 	 75.647621 	 6832.266671 	 69070661.544124 
2638 	 -131.115765 	 131.115765 	 17396.751797 	 317519045.561687 
2639 	 -146.115866 	 146.115866 	 21578.681512 	 484357882.029029 
2640 	 -113.296750 	 113.296750 	 12877.713678 	 167968513.898986 
2641 	 -146.901558 	 146.901558 	 21692.188579 	 480937352.159443 
2642 	 -175.917186 	 175.917186 	 31428.898572 	 1053343215.816502 
2643 	 -204.337461 	 204.337461 	 41913.149376 	 1783011454.973383 
2644 	 -191.033328 	 191.033328 	 36597.965456 	 1353715642.924435 
2645 	 -230.513466 	 230.513466 	 54003.907178 	 3111614443.469464 
2646 	 -188.091633 	 188.091633 	 35447.046403 	 1266206499.355497 
2647 	 -196.514642 	 196.514642 	 38740.641523 	 1518892256.803834 
2648 	 -217.135435 	 217.135435 	 47180.076236 	 2232121068.955670 
2649 	 -204.651780 	 204.651780 	 42034.876301 	 1793451955.220899 
2650 	 -189.251362 	 189.251362 	 35981.541219 	 1316552301.104849 
2651 	 -173.916767 	 173.916767 	 30487.973937 	 958676367.119958 
2652 	 -196.685282 	 196.685282 	 38775.590823 	 1517974299.710985 
2653 	 -210.269090 	 210.269090 	 44377.059618 	 1997710868.244948 
2654 	 -219.628155 	 219.628155 	 48256.792091 	 2332576768.335692 
2655 	 -191.001446 	 191.001446 	 36542.132751 	 1344004212.938668 
2656 	 -184.831908 	 184.831908 	 34257.950561 	 1186244419.599923 
2657 	 -175.437498 	 175.437498 	 30828.706555 	 956805989.835890 
2658 	 -172.469110 	 172.469110 	 29771.793693 	 889466891.563822 
2659 	 -164.768713 	 164.768713 	 27295.508578 	 761019259.915762 
2660 	 -166.304927 	 166.304927 	 27803.732692 	 789198642.761660 
2661 	 -159.436927 	 159.436927 	 25473.714644 	 654357870.081223 
2662 	 -149.114154 	 149.114154 	 22247.284647 	 496010526.615720 
2663 	 -133.975886 	 133.975886 	 18119.108618 	 339957857.544446 
2664 	 -129.914385 	 129.914385 	 16983.849152 	 295485827.151148 
2665 	 -135.506063 	 135.506063 	 18365.110321 	 337513210.672417 
2666 	 -136.897146 	 136.897146 	 18975.929490 	 379999463.949346 
2667 	 -170.690455 	 170.690455 	 29140.677913 	 849812759.538152 
2668 	 -112.906953 	 112.906953 	 13960.134461 	 275569677.479669 
2669 	 -116.172725 	 116.172725 	 13768.226800 	 206035174.836345 
2670 	 -143.341949 	 143.341949 	 20619.230259 	 431071784.473628 
2671 	 -161.853145 	 161.853145 	 26309.785319 	 704629860.424134 
2672 	 -185.468822 	 185.468822 	 34448.315050 	 1193306831.426346 
2673 	 -194.810353 	 194.810353 	 38427.262904 	 1541662212.715692 
2674 	 -181.211738 	 181.211738 	 32909.234532 	 1092720403.020378 
2675 	 -194.564258 	 194.564258 	 38043.835399 	 1474461047.044262 
2676 	 -218.742502 	 218.742502 	 48395.603884 	 2446248846.652161 
2677 	 -232.332892 	 232.332892 	 54209.188018 	 2987000776.177470 
2678 	 -222.884820 	 222.884820 	 49782.272216 	 2499482308.521261 
2679 	 -183.791069 	 183.791069 	 33795.815286 	 1144425136.095886 
2680 	 -209.394539 	 209.394539 	 44217.253861 	 2025442227.941391 
2681 	 -206.396500 	 206.396500 	 42684.501142 	 1836510383.245683 
2682 	 -227.285368 	 227.285368 	 51691.079651 	 2678633761.556408 
2683 	 -218.515084 	 218.515084 	 47849.634631 	 2308780189.976799 
2684 	 -211.928789 	 211.928789 	 44916.712738 	 2018036372.895742 
2685 	 -206.720289 	 206.720289 	 42804.801650 	 1844386295.698817 
2686 	 -203.207618 	 203.207618 	 41458.755330 	 1746331492.215008 
2687 	 -182.350105 	 182.350105 	 33323.118801 	 1119760594.853990 
2688 	 -126.409026 	 126.409026 	 16436.293593 	 301552215.595691 
2689 	 -110.221999 	 110.221999 	 12797.984697 	 190186623.843963 
2690 	 -68.726133 	 68.726133 	 5016.498623 	 31006558.062801 
2691 	 -96.429043 	 96.429043 	 9642.796187 	 105094655.754431 
2692 	 -114.485522 	 114.485522 	 13133.770764 	 173970084.009508 
2693 	 -77.872122 	 77.872122 	 6083.295478 	 37468860.795192 
2694 	 -50.528737 	 50.528737 	 2611.897465 	 7469551.270346 
2695 	 -55.195696 	 55.195696 	 3159.828015 	 11355973.266207 
2696 	 5.258431 	 5.258431 	 42.324446 	 4907.587110 
2697 	 -12.592156 	 14.435816 	 311.147538 	 216351.226188 
2698 	 -34.139203 	 34.139203 	 1419.418100 	 3191392.878954 
2699 	 -92.406720 	 92.406720 	 9354.969518 	 111569218.724409 
2700 	 -130.877566 	 130.877566 	 17199.767605 	 300460537.114175 
2701 	 -103.000711 	 103.000711 	 10666.006704 	 116121638.500546 
2702 	 -87.541488 	 87.541488 	 7746.283288 	 62769095.466289 
2703 	 -100.464342 	 100.464342 	 10419.033057 	 123239166.735694 
2704 	 -99.488249 	 99.488249 	 9981.752516 	 103210171.114628 
2705 	 -137.730471 	 137.730471 	 19184.047294 	 382797826.926023 
2706 	 -178.017387 	 178.017387 	 31728.979113 	 1011549444.990668 
2707 	 -173.398620 	 173.398620 	 30094.849752 	 909105077.359636 
2708 	 -166.238255 	 166.238255 	 27897.192738 	 807390497.934702 
2709 	 -137.794593 	 137.794593 	 19321.529374 	 400885402.136835 
2710 	 -169.330271 	 169.330271 	 29318.041579 	 943979369.963133 
2711 	 -141.240981 	 141.240981 	 20118.588903 	 418457682.994862 
2712 	 -149.119077 	 149.119077 	 22483.256093 	 527940378.760777 
2713 	 -168.683094 	 168.683094 	 28466.676129 	 811821181.783872 
2714 	 -171.818843 	 171.818843 	 29529.224720 	 872861944.439413 
2715 	 -128.160077 	 128.160077 	 17045.294982 	 330719219.632179 
2716 	 -145.357177 	 145.357177 	 21814.259833 	 534055789.181832 
2717 	 -167.105182 	 167.105182 	 27927.491035 	 780317010.041609 
2718 	 -165.366670 	 165.366670 	 27555.864964 	 780967351.975748 
2719 	 -159.770120 	 159.770120 	 25678.816106 	 674416791.671814 
2720 	 -142.248016 	 142.248016 	 20369.025228 	 426183280.906788 
2721 	 -131.313375 	 131.313375 	 17288.259671 	 302091929.783728 
2722 	 -119.742196 	 119.742196 	 14505.947745 	 219997703.125558 
2723 	 -104.431408 	 104.431408 	 10941.332318 	 121166289.289041 
2724 	 -85.972131 	 85.972131 	 7710.606622 	 67401024.166633 
2725 	 -70.019163 	 70.019163 	 5030.325114 	 27670735.261668 
2726 	 -69.184693 	 69.184693 	 5138.940022 	 33514295.314767 
2727 	 -90.794109 	 90.794109 	 8357.293901 	 73317037.229249 
2728 	 -101.180666 	 101.180666 	 10392.690007 	 113571466.340127 
2729 	 -70.358646 	 70.358646 	 5130.482138 	 30351045.713338 
2730 	 -70.821056 	 70.821056 	 5279.457272 	 32806475.047489 
2731 	 -25.344578 	 25.344578 	 882.635185 	 1470742.912124 
2732 	 -39.253698 	 39.253698 	 1549.519035 	 2454422.537003 
2733 	 -21.947825 	 21.947825 	 612.120923 	 515643.220606 
2734 	 -10.383351 	 20.609560 	 586.821276 	 778002.538087 
2735 	 30.794144 	 30.794144 	 1140.997624 	 2023506.292201 
2736 	 42.960304 	 42.960304 	 1948.577833 	 4380119.927302 
2737 	 6.782339 	 14.005626 	 211.150409 	 53592.901206 
2738 	 -22.440065 	 22.440065 	 558.486093 	 441867.163987 
2739 	 -56.445727 	 56.445727 	 3831.297404 	 21847081.325244 
2740 	 -59.836811 	 59.836811 	 3736.908616 	 16685321.262119 
2741 	 -80.245533 	 80.245533 	 6685.182132 	 51625959.766905 
2742 	 -130.082024 	 130.082024 	 17274.265734 	 322711040.649833 
2743 	 -124.757399 	 124.757399 	 15648.773211 	 250286392.578423 
2744 	 -166.010515 	 166.010515 	 27572.612938 	 761700943.206069 
2745 	 -152.241554 	 152.241554 	 23259.672950 	 548469095.790021 
2746 	 -176.831635 	 176.831635 	 31549.270418 	 1034286539.454266 
2747 	 -170.629864 	 170.629864 	 29143.162900 	 852628889.792910 
2748 	 -179.150610 	 179.150610 	 32394.390236 	 1084835255.077346 
2749 	 -174.874806 	 174.874806 	 30693.067690 	 956437751.923440 
2750 	 -198.643853 	 198.643853 	 39507.730124 	 1568217544.574219 
2751 	 -220.838191 	 220.838191 	 48905.354848 	 2417769057.428815 
2752 	 -214.551414 	 214.551414 	 46302.355025 	 2189600571.738019 
2753 	 -180.838637 	 180.838637 	 32837.942998 	 1096192912.601328 
2754 	 -180.554207 	 180.554207 	 32644.253885 	 1071414747.392618 
2755 	 -198.397000 	 198.397000 	 39710.306473 	 1631117849.870537 
2756 	 -252.415474 	 252.415474 	 64227.174667 	 4245359263.748352 
2757 	 -254.107095 	 254.107095 	 64692.835061 	 4216744305.636380 
2758 	 -213.307916 	 213.307916 	 45632.800461 	 2105271045.784020 
2759 	 -232.675261 	 232.675261 	 54194.682890 	 2949852349.838040 
2760 	 -214.528604 	 214.528604 	 46178.391888 	 2159352988.446768 
2761 	 -197.964768 	 197.964768 	 39207.658117 	 1539999456.362930 
2762 	 -218.849512 	 218.849512 	 48016.012535 	 2328984074.083601 
2763 	 -204.031113 	 204.031113 	 41635.130529 	 1734556566.872399 
2764 	 -201.363013 	 201.363013 	 40683.057766 	 1676066188.412658 
2765 	 -222.216903 	 222.216903 	 49548.387448 	 2487501742.913825 
2766 	 -223.898320 	 223.898320 	 50236.333486 	 2544141065.647205 
2767 	 -236.722117 	 236.722117 	 56096.329692 	 3159720537.743152 
2768 	 -175.365493 	 175.365493 	 31447.454802 	 1088139199.262972 
2769 	 -161.988729 	 161.988729 	 26993.430930 	 806822300.734588 
2770 	 -124.334084 	 124.334084 	 15504.804233 	 243407062.132555 
2771 	 -160.053548 	 160.053548 	 25619.747674 	 656635970.161156 
2772 	 -159.715770 	 159.715770 	 25754.558592 	 689009818.427233 
2773 	 -160.026687 	 160.026687 	 25650.994304 	 662306401.078686 
2774 	 -141.988229 	 141.988229 	 20251.407421 	 417444437.711971 
2775 	 -159.810004 	 159.810004 	 25792.007790 	 693299626.177279 
2776 	 -158.581661 	 158.581661 	 25486.182315 	 684401943.469553 
2777 	 -203.578898 	 203.578898 	 41583.185879 	 1752046217.485270 
2778 	 -203.342386 	 203.342386 	 41413.841945 	 1725535181.831780 
2779 	 -199.279105 	 199.279105 	 39987.291228 	 1645930798.923451 
2780 	 -254.171943 	 254.171943 	 64934.894993 	 4297900139.457152 
2781 	 -275.518268 	 275.518268 	 76165.484892 	 5877344542.470806 
2782 	 -272.949958 	 272.949958 	 74533.603897 	 5564853201.729780 
2783 	 -300.050658 	 300.050658 	 90465.078428 	 8335073415.865305 
2784 	 -300.691704 	 300.691704 	 90550.214853 	 8247795670.486979 
2785 	 -300.205464 	 300.205464 	 90470.050865 	 8309909424.439767 
2786 	 -219.903431 	 219.903431 	 48448.951435 	 2365285533.901936 
2787 	 -232.685238 	 232.685238 	 54601.561609 	 3080904787.477926 
2788 	 -229.281719 	 229.281719 	 52674.800986 	 2795841012.447812 
2789 	 -186.762425 	 186.762425 	 35394.894239 	 1325840180.956190 
2790 	 -178.391281 	 178.391281 	 32017.129278 	 1050337209.672788 
2791 	 -213.376986 	 213.376986 	 45966.397068 	 2185381542.640862 
2792 	 -202.880970 	 202.880970 	 41245.633158 	 1714664517.550750 
2793 	 -194.319260 	 194.319260 	 37783.806055 	 1431209037.817104 
2794 	 -209.983171 	 209.983171 	 44286.782332 	 1994253675.853449 
2795 	 -222.371500 	 222.371500 	 50031.211195 	 2630963064.533195 
2796 	 -229.844479 	 229.844479 	 52995.289051 	 2843721825.530391 
2797 	 -232.667989 	 232.667989 	 54230.524638 	 2961777345.764868 
2798 	 -241.327719 	 241.327719 	 58280.341837 	 3406163764.725227 
2799 	 -262.512306 	 262.512306 	 69028.523405 	 4798335123.724974 
2800 	 -279.621296 	 279.621296 	 78298.356377 	 6164360861.064013 
2801 	 -267.370442 	 267.370442 	 71603.111023 	 5158718049.520977 
2802 	 -268.999081 	 268.999081 	 72406.563651 	 5255898686.770914 
2803 	 -261.549490 	 261.549490 	 68655.171361 	 4780015375.420789 
2804 	 -236.156845 	 236.156845 	 55791.856865 	 3117486844.769278 
2805 	 -222.565450 	 222.565450 	 49591.151610 	 2470126801.606153 
2806 	 -204.045830 	 204.045830 	 41817.552994 	 1779206304.209318 
2807 	 -197.528040 	 197.528040 	 39141.452011 	 1552049547.529788 
2808 	 -224.192694 	 224.192694 	 50704.924408 	 2663584053.829484 
2809 	 -274.433785 	 274.433785 	 75390.262529 	 5706580617.229980 
2810 	 -278.093099 	 278.093099 	 77551.570340 	 6081468363.295378 
2811 	 -251.282544 	 251.282544 	 63266.689764 	 4034460359.339801 
2812 	 -244.214084 	 244.214084 	 59667.047311 	 3566405666.794178 
2813 	 -252.116085 	 252.116085 	 63604.483701 	 4056026062.730965 
2814 	 -254.932230 	 254.932230 	 65266.610494 	 4326960283.217448 
2815 	 -233.946425 	 233.946425 	 54778.813818 	 3011562480.835255 
2816 	 -240.939069 	 240.939069 	 58132.783015 	 3398887393.699082 
2817 	 -255.600397 	 255.600397 	 65390.180498 	 4291329693.065383 
2818 	 -263.461056 	 263.461056 	 69602.510736 	 4898219498.219098 
2819 	 -269.826291 	 269.826291 	 73005.212993 	 5386331441.399268 
2820 	 -253.806466 	 253.806466 	 64502.567281 	 4182031780.301452 
2821 	 -230.460901 	 230.460901 	 53366.101510 	 2901907494.666328 
2822 	 -189.479600 	 189.479600 	 36700.591552 	 1457126461.506459 
2823 	 -154.630669 	 154.630669 	 24046.012722 	 590064979.375133 
2824 	 -151.936184 	 151.936184 	 23202.867831 	 548689880.509107 
2825 	 -152.581021 	 152.581021 	 23556.973472 	 578953627.156774 
2826 	 -159.022205 	 159.022205 	 25303.500223 	 641861517.051525 
2827 	 -187.904810 	 187.904810 	 35368.657918 	 1259878756.652501 
2828 	 -185.772251 	 185.772251 	 34602.931818 	 1209958949.555254 
2829 	 -165.844930 	 165.844930 	 27568.030499 	 767240107.212727 
2830 	 -169.086554 	 169.086554 	 28772.347209 	 848021017.004417 
2831 	 -181.642289 	 181.642289 	 33126.678007 	 1114675948.833317 
2832 	 -204.158303 	 204.158303 	 41852.876706 	 1781078025.414721 
2833 	 -178.778656 	 178.778656 	 32033.068453 	 1035227961.130731 
2834 	 -135.236171 	 135.236171 	 18631.668228 	 373415052.709305 
2835 	 -77.814050 	 77.814050 	 6272.956992 	 45260855.548484 
2836 	 -65.437663 	 65.437663 	 4370.887747 	 20672409.244704 
2837 	 -102.694849 	 102.694849 	 10755.901057 	 125467823.204270 
2838 	 -151.500784 	 151.500784 	 23430.386184 	 592829791.256353 
2839 	 -182.980382 	 182.980382 	 33736.087312 	 1174328043.179947 
2840 	 -200.107750 	 200.107750 	 40304.198188 	 1664508393.284482 
2841 	 -227.616467 	 227.616467 	 51881.032184 	 2706861176.904052 
2842 	 -208.672529 	 208.672529 	 43582.092736 	 1905961130.871019 
2843 	 -202.992258 	 202.992258 	 41266.610517 	 1712836755.253314 
2844 	 -208.417059 	 208.417059 	 43817.413848 	 1979719592.877442 
2845 	 -212.687571 	 212.687571 	 45285.520166 	 2059792217.573951 
2846 	 -161.481068 	 161.481068 	 26326.209317 	 720090346.409054 
2847 	 -200.228049 	 200.228049 	 40146.907091 	 1620731986.301408 
2848 	 -192.108828 	 192.108828 	 36907.508297 	 1362416029.965341 
2849 	 -206.884688 	 206.884688 	 42860.748527 	 1847153780.627279 
2850 	 -139.890545 	 139.890545 	 19575.207060 	 383637087.896573 
2851 	 -143.434807 	 143.434807 	 20645.068560 	 432098631.147864 
2852 	 -97.861226 	 97.861226 	 9894.783299 	 110171331.288232 
2853 	 -110.642416 	 110.642416 	 12624.103353 	 176171597.747355 
2854 	 -149.387044 	 149.387044 	 22565.104042 	 531520320.517917 
2855 	 -163.665419 	 163.665419 	 26863.505908 	 729913034.596130 
2856 	 -198.533074 	 198.533074 	 39421.761240 	 1555094942.027205 
2857 	 -214.935547 	 214.935547 	 46410.384561 	 2193188580.298813 
2858 	 -194.454827 	 194.454827 	 37897.199301 	 1449009999.912621 
2859 	 -204.646937 	 204.646937 	 41963.695432 	 1774325479.455529 
2860 	 -217.310043 	 217.310043 	 47396.260485 	 2281274997.482208 
2861 	 -209.754464 	 209.754464 	 44116.843329 	 1966149592.935404 
2862 	 -244.190860 	 244.190860 	 60072.578008 	 3722258000.620465 
2863 	 -252.873545 	 252.873545 	 64022.394279 	 4119445688.514755 
2864 	 -271.815225 	 271.815225 	 73962.322802 	 5492856631.738579 
2865 	 -275.889369 	 275.889369 	 76346.984345 	 5902628088.740169 
2866 	 -247.571414 	 247.571414 	 61332.456000 	 3771571050.860187 
2867 	 -283.229545 	 283.229545 	 80397.397488 	 6519007707.275438 
2868 	 -283.378841 	 283.378841 	 80561.608346 	 6576317685.396541 
2869 	 -230.334705 	 230.334705 	 53061.959322 	 2817242536.401768 
2870 	 -224.045975 	 224.045975 	 50667.721426 	 2663013543.715962 
2871 	 -224.332032 	 224.332032 	 50608.470909 	 2621143568.778325 
2872 	 -236.673908 	 236.673908 	 56190.819649 	 3197189714.810147 
2873 	 -246.460639 	 246.460639 	 60852.348048 	 3729438878.282982 
2874 	 -252.894690 	 252.894690 	 64010.655990 	 4111031338.738860 
2875 	 -227.855429 	 227.855429 	 52095.820905 	 2749107445.903613 
2876 	 -206.160424 	 206.160424 	 42507.456309 	 1807789918.559474 
2877 	 -188.865263 	 188.865263 	 35834.888208 	 1307683105.978577 
2878 	 -172.098165 	 172.098165 	 29641.455667 	 881342580.099933 
2879 	 -132.389380 	 132.389380 	 17540.480957 	 308630985.338981 
2880 	 -117.956358 	 117.956358 	 13919.598744 	 194081996.570445 
2881 	 -151.836140 	 151.836140 	 23236.682241 	 556123596.792262 
2882 	 -159.439323 	 159.439323 	 25568.143962 	 668034333.970290 
2883 	 -165.335809 	 165.335809 	 27583.692013 	 787850555.969033 
2884 	 -180.590865 	 180.590865 	 32638.548709 	 1068608113.568608 
2885 	 -191.792352 	 191.792352 	 36844.148357 	 1366367182.443277 
2886 	 -214.293374 	 214.293374 	 46078.506636 	 2153032133.533356 
2887 	 -228.196261 	 228.196261 	 52269.875138 	 2773222724.470965 
2888 	 -273.639415 	 273.639415 	 75183.720208 	 5743996012.966146 
2889 	 -299.775618 	 299.775618 	 89904.808050 	 8096952670.325943 
2890 	 -261.433728 	 261.433728 	 68999.211170 	 4938612383.210639 
2891 	 -234.014384 	 234.014384 	 54902.791432 	 3044605085.896655 
2892 	 -239.721862 	 239.721862 	 57618.723413 	 3356393230.587497 
2893 	 -227.415963 	 227.415963 	 51814.614520 	 2705240035.429102 
2894 	 -194.948222 	 194.948222 	 38240.207162 	 1497807411.707591 
2895 	 -183.128743 	 183.128743 	 33601.046982 	 1137830701.021255 
2896 	 -180.250266 	 180.250266 	 32497.787618 	 1057114848.231247 
2897 	 -176.798801 	 176.798801 	 31364.011126 	 997140147.107751 
2898 	 -169.190406 	 169.190406 	 28801.888119 	 850066701.773970 
2899 	 -192.629314 	 192.629314 	 37271.073422 	 1414036044.585733 
2900 	 -149.562066 	 149.562066 	 22483.062389 	 515719096.330665 
2901 	 -148.853048 	 148.853048 	 22424.118476 	 526848650.810937 
2902 	 -180.339534 	 180.339534 	 32704.437215 	 1092365495.916744 
2903 	 -206.043111 	 206.043111 	 42790.663562 	 1892454267.207706 
2904 	 -199.708583 	 199.708583 	 40231.134249 	 1674536222.129784 
2905 	 -191.342437 	 191.342437 	 36810.446889 	 1386059348.813852 
2906 	 -237.856125 	 237.856125 	 56711.493873 	 3247665770.517598 
2907 	 -254.212944 	 254.212944 	 64721.196433 	 4213627448.123697 
2908 	 -278.714424 	 278.714424 	 77812.961094 	 6097413217.353014 
2909 	 -237.613879 	 237.613879 	 56661.399551 	 3257189087.394639 
2910 	 -194.299950 	 194.299950 	 37850.837604 	 1447665750.402152 
2911 	 -227.721959 	 227.721959 	 52054.906068 	 2750557545.990098 
2912 	 -225.870910 	 225.870910 	 51125.455076 	 2635885506.520684 
2913 	 -228.485879 	 228.485879 	 52352.521786 	 2770043392.246077 
2914 	 -166.100841 	 166.100841 	 27625.254772 	 767114463.370636 
2915 	 -196.302669 	 196.302669 	 38730.824391 	 1530593250.902418 
2916 	 -174.186236 	 174.186236 	 30504.100593 	 949686105.981524 
2917 	 -183.582840 	 183.582840 	 33857.601729 	 1168156507.825701 
2918 	 -164.085379 	 164.085379 	 26969.589218 	 732388646.666685 
2919 	 -144.854218 	 144.854218 	 21570.654825 	 505872585.155625 
2920 	 -135.766329 	 135.766329 	 18432.569303 	 339765028.122311 
2921 	 -113.110251 	 113.110251 	 12887.404906 	 170677355.597807 
2922 	 -93.050970 	 93.050970 	 8868.608286 	 85798065.534236 
2923 	 -78.351938 	 78.351938 	 6281.320160 	 42959696.680175 
2924 	 -95.227072 	 95.227072 	 9080.080136 	 82883678.955436 
2925 	 -119.388036 	 119.388036 	 14622.245607 	 233836485.619249 
2926 	 -150.236668 	 150.236668 	 22642.413983 	 519136039.496211 
2927 	 -192.076600 	 192.076600 	 37029.195208 	 1390850728.416257 
2928 	 -230.978871 	 230.978871 	 53450.861213 	 2878101964.171434 
2929 	 -247.542545 	 247.542545 	 61769.749450 	 3931680896.265134 
2930 	 -205.982196 	 205.982196 	 42559.016337 	 1832543672.641348 
2931 	 -187.321409 	 187.321409 	 35475.725828 	 1307303549.244852 
2932 	 -203.530637 	 203.530637 	 41503.150168 	 1734999978.063393 
2933 	 -203.854612 	 203.854612 	 41682.171251 	 1756968151.618468 
2934 	 -159.494174 	 159.494174 	 25647.243281 	 680303781.238522 
2935 	 -165.691853 	 165.691853 	 27507.027627 	 762202488.243734 
2936 	 -153.011775 	 153.011775 	 23507.308937 	 562089613.346297 
2937 	 -134.098246 	 134.098246 	 18299.147859 	 354708234.923766 
2938 	 -175.871894 	 175.871894 	 30954.201969 	 961055526.752090 
2939 	 -157.338644 	 157.338644 	 25044.997825 	 659232985.995356 
2940 	 -171.123594 	 171.123594 	 29458.021851 	 889375095.469348 
2941 	 -192.166360 	 192.166360 	 37139.810526 	 1411257523.265285 
2942 	 -203.305871 	 203.305871 	 41366.707273 	 1716689999.434634 
2943 	 -229.950136 	 229.950136 	 53252.983192 	 2915882982.523067 
2944 	 -244.097347 	 244.097347 	 59602.278933 	 3556879741.322503 
2945 	 -252.433166 	 252.433166 	 63731.449541 	 4063948021.024641 
2946 	 -192.255877 	 192.255877 	 37159.771620 	 1408020136.814894 
2947 	 -198.155140 	 198.155140 	 39265.459678 	 1541776323.756418 
2948 	 -181.742065 	 181.742065 	 33424.970563 	 1168178325.893234 
2949 	 -134.474563 	 134.474563 	 18275.297714 	 349200575.408525 
2950 	 -121.482094 	 121.482094 	 14835.587895 	 224380885.482880 
2951 	 -136.647132 	 136.647132 	 18710.709501 	 353022339.060177 
2952 	 -143.059085 	 143.059085 	 20473.447834 	 419779814.842482 
2953 	 -134.322078 	 134.322078 	 18091.918433 	 330906159.502803 
2954 	 -121.135435 	 121.135435 	 14735.481851 	 220643024.409434 
2955 	 -130.369039 	 130.369039 	 17013.363037 	 290651381.114410 
2956 	 -152.721505 	 152.721505 	 23509.744929 	 569056218.726924 
2957 	 -177.231401 	 177.231401 	 31509.171507 	 1005363408.125936 
2958 	 -164.898081 	 164.898081 	 27251.291629 	 749147850.879909 
2959 	 -128.798830 	 128.798830 	 16642.515881 	 280672520.466939 
2960 	 -108.450438 	 108.450438 	 12033.649969 	 157957173.214256 
2961 	 -106.529433 	 106.529433 	 11464.970501 	 136719302.922993 
2962 	 -116.911312 	 116.911312 	 13879.865183 	 205652334.578136 
2963 	 -118.811681 	 118.811681 	 14538.134175 	 232515204.591859 
2964 	 -132.957481 	 132.957481 	 18268.699362 	 382070968.362078 
2965 	 -173.591429 	 173.591429 	 30264.479564 	 931670138.540060 
2966 	 -181.659938 	 181.659938 	 33134.509228 	 1115588995.348268 
2967 	 -214.329751 	 214.329751 	 46049.158951 	 2140764262.037057 
2968 	 -205.834408 	 205.834408 	 42684.642450 	 1875388670.048594 
2969 	 -182.185792 	 182.185792 	 33245.389419 	 1112101647.275909 
2970 	 -173.573861 	 173.573861 	 30426.357952 	 959970414.332523 
2971 	 -170.098987 	 170.098987 	 29082.847856 	 863554806.662351 
2972 	 -178.370837 	 178.370837 	 31871.066785 	 1022625878.092628 
2973 	 -199.405336 	 199.405336 	 39989.056828 	 1632482767.325518 
2974 	 -212.046396 	 212.046396 	 45026.529464 	 2039143809.958022 
2975 	 -210.506001 	 210.506001 	 44571.564886 	 2036088411.862977 
2976 	 -245.992651 	 245.992651 	 60706.883854 	 3734265550.379120 
2977 	 -247.230730 	 247.230730 	 61166.893324 	 3752277486.109601 
2978 	 -256.050895 	 256.050895 	 65900.902403 	 4428869359.935419 
2979 	 -261.300885 	 261.300885 	 68333.886229 	 4684811019.791857 
2980 	 -250.388438 	 250.388438 	 63134.018844 	 4085893100.027176 
2981 	 -261.397328 	 261.397328 	 68604.817040 	 4777864896.979560 
2982 	 -270.360676 	 270.360676 	 73193.395342 	 5387208729.457574 
2983 	 -252.028481 	 252.028481 	 63628.745823 	 4076548769.429988 
2984 	 -215.199142 	 215.199142 	 46402.070561 	 2169226966.984432 
2985 	 -219.814731 	 219.814731 	 48321.524710 	 2335550850.720337 
2986 	 -222.483633 	 222.483633 	 49521.965095 	 2457050207.570013 
2987 	 -239.976984 	 239.976984 	 57654.324774 	 3339335398.544000 
2988 	 -279.015022 	 279.015022 	 78081.784883 	 6166276698.815223 
2989 	 -255.079853 	 255.079853 	 65396.974998 	 4362688226.434154 
2990 	 -227.238482 	 227.238482 	 51877.588545 	 2740956468.850406 
2991 	 -235.584942 	 235.584942 	 55510.275412 	 3083639392.275404 
2992 	 -226.508977 	 226.508977 	 51308.979858 	 2633159628.451172 
2993 	 -173.177639 	 173.177639 	 30003.324555 	 901755527.432896 
2994 	 -187.181963 	 187.181963 	 35203.731241 	 1262989295.474505 
2995 	 -169.145734 	 169.145734 	 28619.186832 	 820077243.135820 
2996 	 -184.498251 	 184.498251 	 34237.681614 	 1199225579.904830 
2997 	 -236.153640 	 236.153640 	 55778.337831 	 3113392833.935512 
2998 	 -195.988591 	 195.988591 	 38438.133850 	 1481533602.354487 
2999 	 -188.676874 	 188.676874 	 35706.606806 	 1290103906.358225 
3000 	 -140.764628 	 140.764628 	 19851.824635 	 397035417.097046 

%ACCRATE = 0.894000
