%%%%%%%%%%%%%%%%%%%%%%%%%%%%%%%%%%%%%%%%%%%%%%%%%%%%%%%%%%%%%%%%%%%%%%%%%%%
%SIMULAZIONE D = 3, L = 8, V = 512
%NUMERO DI MISURE PER OGNI naccu: T = 1000
%%%%%%%%%%%%%%%%%%%%%%%%%%%%%%%%%%%%%%%%%%%%%%%%%%%%%%%%%%%%%%%%%%%%%%%%%%%
%naccu = 256
%%%%%%%%%%%%%%%%%%%%%%%%%%%%%%%%%%%%%%%%%%%%%%%%%%%%%%%%%%%%%%%%%%%%%%%%%%%

%%%%%%%%%%%%%%%%%%%%%%%%%%%%%%%%%%%%%%%%%%%%%%%%%%%%%%%%%%%%%%%%%%%%%%%%%%%

8001 	 -207.831771 	 207.831771 	 46937.747768 	 2795685733.794491 
8002 	 -203.176158 	 203.176158 	 46393.716928 	 3000356555.863944 
8003 	 -185.973209 	 185.973209 	 36949.610764 	 1724018255.049879 
8004 	 -222.915321 	 222.915321 	 51822.643314 	 3069526762.688980 
8005 	 -187.507184 	 187.595595 	 38547.627168 	 1905978228.361383 
8006 	 -177.875259 	 177.875259 	 34388.524078 	 1523477780.220611 
8007 	 -234.828893 	 234.828893 	 56039.734216 	 3345065530.939392 
8008 	 -185.799976 	 186.497748 	 42535.299164 	 2677894960.593350 
8009 	 -131.844766 	 132.869528 	 23086.922796 	 1000706292.532787 
8010 	 -178.804284 	 178.804284 	 33503.395378 	 1325232925.076964 
8011 	 -167.601690 	 167.601690 	 30455.078488 	 1176985739.462736 
8012 	 -155.377357 	 155.377357 	 29155.377505 	 1453127625.838893 
8013 	 -220.206225 	 220.206225 	 51777.773965 	 3392216499.515056 
8014 	 -181.631795 	 181.631795 	 36812.242157 	 1856492894.969275 
8015 	 -248.143329 	 248.143329 	 62656.630921 	 4207892283.729925 
8016 	 -167.079199 	 167.130988 	 33834.045460 	 1803240020.618799 
8017 	 3.528369 	 68.563820 	 8022.775334 	 302915503.859227 
8018 	 231.949107 	 231.949107 	 56974.307814 	 3872489295.786147 
8019 	 231.311072 	 231.311072 	 54552.677091 	 3199723957.576476 
8020 	 190.084405 	 193.900276 	 46685.224467 	 3118541769.362581 
8021 	 -196.925075 	 196.925075 	 41535.512418 	 2053133417.493735 
8022 	 -219.185150 	 219.185150 	 49515.180317 	 2717794692.641215 
8023 	 -139.747892 	 140.114632 	 24318.757833 	 916686939.083181 
8024 	 -140.840806 	 140.840806 	 23890.278448 	 970211222.409857 
8025 	 -92.202174 	 95.204804 	 13741.320579 	 448830846.694763 
8026 	 -186.400876 	 186.400876 	 37570.795367 	 1774431078.257107 
8027 	 -51.179261 	 134.652856 	 22244.810775 	 749348262.195252 
8028 	 216.611795 	 216.611795 	 49537.220416 	 2885670839.117122 
8029 	 209.608583 	 209.608583 	 46939.623482 	 2672436030.010677 
8030 	 185.654928 	 185.654928 	 38332.493711 	 1973936389.884652 
8031 	 242.393221 	 242.393221 	 60855.542186 	 4201941091.263163 
8032 	 90.940375 	 169.035412 	 34651.442055 	 1717527617.371031 
8033 	 -201.178446 	 201.178446 	 42599.471967 	 2151253217.988426 
8034 	 -268.097682 	 268.097682 	 72924.632567 	 5609788295.392515 
8035 	 -233.146238 	 233.146238 	 55978.653657 	 3485258504.530054 
8036 	 -119.096201 	 119.465233 	 16844.782757 	 419447833.275905 
8037 	 -16.552410 	 118.657328 	 16575.874705 	 450523320.982405 
8038 	 204.119103 	 204.119103 	 42846.495244 	 2026758490.472074 
8039 	 97.902969 	 100.840031 	 14727.760002 	 456720868.971189 
8040 	 203.574424 	 203.574424 	 43508.566644 	 2216013910.617170 
8041 	 177.880765 	 177.880765 	 34551.696408 	 1491618919.244949 
8042 	 197.130034 	 197.130034 	 41796.952477 	 2196365048.670615 
8043 	 135.893932 	 135.893932 	 19889.351416 	 501314619.261901 
8044 	 208.847310 	 208.847310 	 47351.808771 	 2961272719.217709 
8045 	 227.963723 	 227.963723 	 53556.105543 	 3179736335.379493 
8046 	 194.069989 	 194.110019 	 41755.881307 	 2214057589.393116 
8047 	 195.400199 	 195.400199 	 39530.494815 	 1786028038.812315 
8048 	 -17.548458 	 108.018078 	 18593.581969 	 920923969.831221 
8049 	 -208.730755 	 208.730755 	 46085.412033 	 2572139770.089716 
8050 	 -205.592039 	 205.592039 	 43043.064055 	 1981049583.632329 
8051 	 148.973306 	 162.857809 	 34159.607445 	 1874910650.054271 
8052 	 158.297207 	 158.297207 	 27340.410550 	 985872582.066784 
8053 	 194.753369 	 194.753369 	 40216.396922 	 1958945397.232255 
8054 	 230.699173 	 230.699173 	 55128.263580 	 3382307521.780950 
8055 	 229.285676 	 229.285676 	 54469.445408 	 3364248520.170094 
8056 	 205.980740 	 205.980740 	 45053.707061 	 2504268788.607067 
8057 	 259.585561 	 259.585561 	 68806.847087 	 5113413422.469569 
8058 	 70.229516 	 144.565437 	 24033.667370 	 830380132.919077 
8059 	 -181.669135 	 181.669135 	 34297.240556 	 1342190909.498169 
8060 	 145.499161 	 180.138186 	 36142.114190 	 1699361696.159004 
8061 	 198.895492 	 198.895492 	 41863.320952 	 2108398405.881524 
8062 	 203.566958 	 203.948057 	 48545.277134 	 3327210377.470225 
8063 	 154.512189 	 154.894323 	 27541.849946 	 1069361331.460531 
8064 	 198.531975 	 198.531975 	 41625.409743 	 2097455058.598758 
8065 	 -141.028433 	 162.057136 	 30143.197737 	 1268408831.559441 
8066 	 -33.020665 	 133.909748 	 22638.017519 	 889110672.076381 
8067 	 -98.512880 	 120.043017 	 17955.696685 	 586133897.349826 
8068 	 -174.211000 	 174.211000 	 32117.825924 	 1242378906.257514 
8069 	 -198.380658 	 198.380658 	 42595.463594 	 2320641137.956654 
8070 	 155.837017 	 185.452769 	 39813.001439 	 2212731660.256742 
8071 	 157.998596 	 157.998596 	 26843.772282 	 909108367.703609 
8072 	 185.495163 	 185.495163 	 39533.969542 	 2245386578.096882 
8073 	 215.541021 	 215.541021 	 48164.677201 	 2651436549.387261 
8074 	 238.555923 	 238.555923 	 57883.041826 	 3565929068.621736 
8075 	 155.902466 	 155.902466 	 26993.459494 	 987219602.417507 
8076 	 124.533302 	 125.628066 	 21048.648015 	 842580702.756985 
8077 	 45.920339 	 78.751840 	 8753.399163 	 160121177.274467 
8078 	 -120.012353 	 121.535216 	 20254.737424 	 807511661.129162 
8079 	 86.261636 	 94.181152 	 11721.698746 	 301382655.572783 
8080 	 221.751045 	 221.751045 	 50430.435524 	 2782423784.035299 
8081 	 175.609203 	 175.609203 	 35308.957898 	 1727897151.584453 
8082 	 152.534863 	 152.534863 	 26560.607495 	 978429961.956267 
8083 	 215.954360 	 215.954360 	 50178.505533 	 3117806528.318563 
8084 	 149.298016 	 157.019543 	 33902.712092 	 2011894274.724226 
8085 	 179.536235 	 180.189260 	 39794.113858 	 2339034688.412543 
8086 	 147.121685 	 147.121685 	 25628.552910 	 998444354.429925 
8087 	 156.676119 	 156.676119 	 30107.868237 	 1500058671.307795 
8088 	 91.325920 	 104.863448 	 13720.476128 	 330621389.870456 
8089 	 178.610379 	 178.610379 	 35280.740228 	 1673088199.859753 
8090 	 182.910581 	 182.910581 	 36983.331638 	 1886247533.579207 
8091 	 175.322886 	 175.322886 	 33447.624336 	 1443343758.401798 
8092 	 65.669152 	 88.593491 	 10367.552833 	 207199462.100865 
8093 	 -190.371621 	 190.371621 	 40457.922991 	 2171269807.993391 
8094 	 -210.901051 	 210.901051 	 46313.504227 	 2441175237.967580 
8095 	 -206.778742 	 206.778742 	 44655.823471 	 2294294899.172328 
8096 	 -71.785355 	 109.169368 	 18074.902776 	 738615409.104924 
8097 	 -101.759543 	 109.676925 	 17906.756410 	 695870513.124227 
8098 	 -172.610528 	 172.610528 	 33622.178028 	 1685424471.737005 
8099 	 57.208951 	 94.643620 	 10794.339477 	 187974201.774506 
8100 	 18.913504 	 39.242381 	 2333.721582 	 15888346.574916 
8101 	 -52.607131 	 90.710456 	 11168.104826 	 225395537.768470 
8102 	 -218.295963 	 218.295963 	 49533.529106 	 2830108309.316998 
8103 	 -172.041253 	 172.041253 	 33048.006895 	 1472181629.039254 
8104 	 -212.130448 	 212.130448 	 49854.526919 	 3193128009.393119 
8105 	 -224.546786 	 224.546786 	 53197.649137 	 3339646460.728492 
8106 	 -101.021623 	 144.074426 	 25320.733705 	 984908931.060512 
8107 	 139.665369 	 150.017117 	 29283.704714 	 1365161625.674360 
8108 	 205.716809 	 205.716809 	 43470.447466 	 2082502148.485312 
8109 	 188.317796 	 188.317796 	 38090.541110 	 1745590512.984645 
8110 	 -86.741239 	 155.132922 	 27373.005907 	 1007668360.715182 
8111 	 -237.347123 	 237.347123 	 57725.954198 	 3620370365.278704 
8112 	 -230.805495 	 230.805495 	 55893.031931 	 3595866318.070302 
8113 	 -204.175945 	 204.175945 	 44184.224390 	 2346050470.218919 
8114 	 -174.899167 	 174.899167 	 34169.929481 	 1638562241.790807 
8115 	 -120.960724 	 124.399726 	 21786.409914 	 1041262605.370080 
8116 	 58.238915 	 126.728403 	 19375.509603 	 565629720.817866 
8117 	 116.984971 	 116.996560 	 16393.870263 	 435776996.805519 
8118 	 87.127865 	 109.416225 	 14755.193296 	 350892173.823311 
8119 	 174.437877 	 175.218638 	 37592.941800 	 2179703088.280844 
8120 	 115.102452 	 120.985643 	 19728.908508 	 728706006.686699 
8121 	 68.967074 	 118.128116 	 17703.852802 	 542682080.144987 
8122 	 109.334009 	 115.840663 	 18061.601204 	 627646056.980711 
8123 	 163.110485 	 163.110485 	 28906.077295 	 1121244934.625686 
8124 	 155.706927 	 155.706927 	 27029.530779 	 1034911999.022913 
8125 	 152.504109 	 152.504109 	 25581.778541 	 851027054.523032 
8126 	 223.843423 	 223.843423 	 52267.313211 	 3143512476.598660 
8127 	 121.648677 	 125.041386 	 23404.151103 	 1069929626.574718 
8128 	 218.782984 	 218.782984 	 51040.552468 	 3192135977.688949 
8129 	 202.404700 	 202.404700 	 42806.839962 	 2168318192.188242 
8130 	 219.460575 	 219.460575 	 49518.658149 	 2722734418.446202 
8131 	 184.257392 	 184.257392 	 37824.173317 	 1930608000.102124 
8132 	 196.301380 	 196.301380 	 40801.111019 	 2043408643.713646 
8133 	 199.067151 	 199.067151 	 42800.890373 	 2248679541.954485 
8134 	 170.498034 	 170.833973 	 34651.948513 	 1634058929.309444 
8135 	 231.905436 	 231.905436 	 56197.099813 	 3666361619.664113 
8136 	 222.391279 	 222.391279 	 53840.443375 	 3683814959.075457 
8137 	 212.347572 	 212.347572 	 47050.724974 	 2587375729.598295 
8138 	 237.319927 	 237.319927 	 57601.371631 	 3598230964.305124 
8139 	 225.634326 	 225.634326 	 52651.783557 	 3101616935.918147 
8140 	 222.711869 	 222.711869 	 51645.915215 	 3022616287.086406 
8141 	 165.738398 	 165.738398 	 30518.819098 	 1260614050.601953 
8142 	 85.106937 	 104.659152 	 18174.382773 	 769687539.385701 
8143 	 -167.777945 	 169.298480 	 39109.317827 	 2776202203.043914 
8144 	 -208.080602 	 208.080602 	 45626.323841 	 2475452746.872438 
8145 	 -183.204278 	 183.204278 	 35882.774970 	 1571222081.549242 
8146 	 -144.070045 	 144.070045 	 24201.254052 	 838093027.588001 
8147 	 -102.308487 	 105.129659 	 14371.614537 	 372162255.908152 
8148 	 -197.764050 	 197.862124 	 45375.361099 	 2717256515.571379 
8149 	 -190.642450 	 190.642450 	 39381.077830 	 1942449916.491995 
8150 	 -189.199471 	 189.833476 	 41006.827174 	 2186678296.694339 
8151 	 113.385280 	 113.385280 	 14263.307911 	 272039272.605978 
8152 	 221.828335 	 221.828335 	 50768.240608 	 2870944134.576274 
8153 	 77.199540 	 113.400627 	 17759.455312 	 601183028.333825 
8154 	 -38.204799 	 60.101867 	 6327.893499 	 132530161.810171 
8155 	 -170.572021 	 170.572021 	 31721.324176 	 1230350095.630115 
8156 	 -219.720509 	 219.720509 	 51727.185789 	 3346969619.763592 
8157 	 -204.132957 	 204.132957 	 43700.906180 	 2294399379.233680 
8158 	 -145.744015 	 145.744015 	 24797.825203 	 927522910.160803 
8159 	 -140.493941 	 150.079606 	 31958.189672 	 1853080930.330399 
8160 	 -186.151993 	 186.151993 	 42671.902214 	 2894906332.984888 
8161 	 -77.440010 	 117.741050 	 22136.114903 	 1147416875.943821 
8162 	 -256.025132 	 256.025132 	 66558.432987 	 4681724220.444072 
8163 	 -189.325730 	 189.325730 	 37691.725836 	 1642297022.694660 
8164 	 123.783234 	 143.326718 	 27564.514315 	 1397364143.543033 
8165 	 -30.606919 	 118.976741 	 19700.989328 	 758110148.506093 
8166 	 -126.023775 	 126.221003 	 22258.148116 	 938547655.817466 
8167 	 -187.143364 	 187.143364 	 37412.924050 	 1765392940.343584 
8168 	 -206.530899 	 206.530899 	 44196.348707 	 2219345601.522312 
8169 	 -206.188304 	 206.188304 	 43447.464615 	 2042888929.828126 
8170 	 -255.468150 	 255.468150 	 66563.624719 	 4773687438.143117 
8171 	 -237.310314 	 237.310314 	 57356.543923 	 3525144439.651494 
8172 	 -238.393965 	 238.393965 	 58897.685304 	 3911538875.051002 
8173 	 -172.596813 	 172.596813 	 32740.474225 	 1453965281.782393 
8174 	 -216.007316 	 216.007316 	 50901.663138 	 3322670204.832384 
8175 	 -214.427980 	 214.427980 	 48412.198346 	 2823054097.114310 
8176 	 -109.474783 	 125.696383 	 21389.916857 	 837801452.623198 
8177 	 -176.890506 	 176.890506 	 35591.062117 	 1707748409.600424 
8178 	 -217.368549 	 217.368549 	 49359.113331 	 2874614205.256931 
8179 	 -147.467273 	 147.467273 	 23590.071094 	 736923607.063236 
8180 	 -154.048923 	 156.182192 	 31165.489553 	 1487838169.158388 
8181 	 70.736060 	 108.767554 	 19929.172892 	 1009552040.048442 
8182 	 213.989989 	 213.989989 	 47244.030766 	 2510217656.486682 
8183 	 136.087409 	 136.146529 	 24628.828156 	 1090578225.702950 
8184 	 69.000967 	 74.221049 	 7197.820146 	 100925242.491484 
8185 	 117.807095 	 125.403819 	 25885.080020 	 1412941924.447253 
8186 	 159.777170 	 159.777170 	 27877.067350 	 1004927997.859133 
8187 	 135.133909 	 135.549531 	 20907.651412 	 601344843.260975 
8188 	 173.092250 	 173.092250 	 31688.149056 	 1204167644.578000 
8189 	 234.284160 	 234.284160 	 57583.371260 	 3885912615.770206 
8190 	 243.071102 	 243.071102 	 60724.646335 	 4009244114.623312 
8191 	 214.843405 	 214.843405 	 48507.327645 	 2793651829.268683 
8192 	 156.337536 	 156.398154 	 28760.515380 	 1211236764.597629 
8193 	 243.141499 	 243.141499 	 60999.514762 	 4137592168.857958 
8194 	 219.706759 	 219.706759 	 51074.042839 	 3081020625.067729 
8195 	 35.245888 	 87.894309 	 10806.240365 	 253516032.008865 
8196 	 170.491128 	 170.713369 	 33955.893507 	 1610895580.891943 
8197 	 36.269271 	 160.666721 	 30860.160161 	 1446885253.520179 
8198 	 -247.540904 	 247.540904 	 63306.394436 	 4437541225.516044 
8199 	 -247.339005 	 247.339005 	 63707.444885 	 4558665067.066280 
8200 	 -183.644445 	 183.644445 	 36115.196298 	 1608021248.271619 
8201 	 -31.884411 	 47.952998 	 3571.216022 	 33405445.182762 
8202 	 -170.571648 	 182.579325 	 40699.758285 	 2422743023.763141 
8203 	 -128.141031 	 138.138138 	 27194.369476 	 1340570944.016172 
8204 	 -202.167377 	 203.120614 	 45102.728276 	 2551477584.355906 
8205 	 -231.789217 	 231.789217 	 55359.880406 	 3380625892.062345 
8206 	 -164.378128 	 164.378128 	 30335.687481 	 1331990288.356554 
8207 	 -226.759308 	 226.759308 	 54160.029874 	 3538858862.160012 
8208 	 -170.188947 	 172.936459 	 35078.113588 	 1729671341.604451 
8209 	 -211.028879 	 211.028879 	 47087.469725 	 2693588728.787103 
8210 	 -238.723588 	 238.723588 	 58909.720840 	 3876548095.219885 
8211 	 -195.948733 	 195.948733 	 43112.798995 	 2599574360.922116 
8212 	 -197.475879 	 197.475879 	 41187.572681 	 2049475565.455923 
8213 	 -192.417119 	 192.878559 	 41861.992956 	 2232605788.741336 
8214 	 -18.007386 	 46.862748 	 4903.320105 	 115648548.267122 
8215 	 -246.148811 	 246.148811 	 62099.778499 	 4224798241.727792 
8216 	 -232.607699 	 232.607699 	 57171.434365 	 3960713565.917225 
8217 	 -146.170335 	 180.440820 	 37678.383596 	 1909542880.235729 
8218 	 212.783613 	 212.783613 	 48975.939103 	 3061877723.844816 
8219 	 219.918320 	 219.918320 	 52062.865098 	 3374196000.857059 
8220 	 135.902812 	 135.902812 	 22843.537126 	 932901294.434279 
8221 	 227.518987 	 227.518987 	 54193.524685 	 3385275674.775084 
8222 	 164.400977 	 164.400977 	 29084.991184 	 1053131970.112867 
8223 	 208.949363 	 208.949363 	 48517.421018 	 3061838083.131600 
8224 	 236.921723 	 236.921723 	 58502.356306 	 3913532691.666242 
8225 	 87.821899 	 96.875760 	 13076.330331 	 328586695.347404 
8226 	 -62.077046 	 78.712495 	 8590.543763 	 175047803.685131 
8227 	 -205.109381 	 205.109381 	 43815.626239 	 2185451020.623285 
8228 	 29.001837 	 141.561094 	 25933.306974 	 1194658745.696571 
8229 	 152.409716 	 154.345302 	 30378.294257 	 1557087022.061955 
8230 	 171.991146 	 171.991146 	 32637.485422 	 1458696076.527979 
8231 	 206.783701 	 206.783701 	 45158.069098 	 2413636110.433170 
8232 	 174.699193 	 174.896576 	 34050.613897 	 1475774170.796847 
8233 	 97.917730 	 99.871725 	 15168.208452 	 557618306.499061 
8234 	 141.329335 	 141.446543 	 23805.839044 	 802097009.395482 
8235 	 180.704718 	 180.704718 	 36777.266898 	 1984149913.834225 
8236 	 214.805065 	 214.805065 	 47745.290768 	 2568031636.953690 
8237 	 235.680272 	 235.680272 	 56765.595021 	 3501413189.475802 
8238 	 163.245804 	 163.245804 	 28951.277057 	 1066767792.355447 
8239 	 206.214471 	 206.214471 	 45436.026400 	 2507022183.293147 
8240 	 174.026993 	 174.026993 	 32618.524697 	 1378441071.449085 
8241 	 201.881463 	 201.881463 	 43852.680644 	 2381895681.438691 
8242 	 164.518883 	 164.518883 	 31859.808354 	 1444532161.000311 
8243 	 89.021754 	 89.452654 	 11288.307255 	 281992843.937500 
8244 	 99.773127 	 100.944339 	 13847.663397 	 379885570.068008 
8245 	 204.950766 	 206.177457 	 51237.529616 	 3536059118.957992 
8246 	 218.220090 	 218.220090 	 49327.982857 	 2776762194.474273 
8247 	 172.383695 	 172.864993 	 36031.253636 	 1905161311.022151 
8248 	 208.135053 	 208.135053 	 48366.428518 	 3125439305.267410 
8249 	 244.463246 	 244.463246 	 60374.660012 	 3793930032.172196 
8250 	 244.626371 	 244.626371 	 61346.165458 	 4104798816.845210 
8251 	 211.694434 	 211.694434 	 47250.935284 	 2684878044.603889 
8252 	 203.963587 	 203.963587 	 44446.249999 	 2336820700.059305 
8253 	 173.851299 	 175.860400 	 40245.600299 	 2611431239.814270 
8254 	 209.749621 	 209.749621 	 44939.092459 	 2179537998.288021 
8255 	 215.810924 	 215.810924 	 47828.033278 	 2528338431.985487 
8256 	 222.590141 	 222.590141 	 51259.679172 	 2972976772.395007 
8257 	 246.014979 	 246.014979 	 62092.987742 	 4200992728.250464 
8258 	 215.178244 	 215.178244 	 47828.257956 	 2567265509.717177 
8259 	 162.072853 	 162.427179 	 30945.460868 	 1371479107.246244 
8260 	 136.642485 	 136.642485 	 20645.858111 	 566255997.949393 
8261 	 217.591936 	 217.591936 	 49369.775362 	 2844425256.431754 
8262 	 206.413588 	 206.413588 	 44979.471064 	 2396737913.811954 
8263 	 222.783259 	 222.783259 	 51274.153663 	 2953166732.583496 
8264 	 239.897736 	 239.897736 	 59073.066959 	 3852154232.154704 
8265 	 217.361205 	 217.361205 	 48190.328262 	 2498840213.949631 
8266 	 150.156254 	 153.965272 	 29805.476799 	 1426672950.073300 
8267 	 172.069574 	 172.069574 	 33749.187413 	 1634357257.055008 
8268 	 235.790568 	 235.790568 	 57481.051691 	 3721641770.892270 
8269 	 206.873068 	 206.873068 	 44673.624852 	 2357196764.449900 
8270 	 -139.635209 	 153.473139 	 26712.485975 	 1002274897.809038 
8271 	 -247.081527 	 247.081527 	 62129.121337 	 4138698948.190946 
8272 	 -81.773266 	 167.137091 	 35909.993689 	 2282009445.618581 
8273 	 -89.034958 	 127.122085 	 24368.348673 	 1248652657.281874 
8274 	 -188.642659 	 188.642659 	 39630.613375 	 2076463354.526965 
8275 	 -230.370538 	 230.370538 	 54542.722351 	 3276791467.544361 
8276 	 -219.578406 	 219.578406 	 50314.969732 	 2875076446.104980 
8277 	 -155.370570 	 160.216511 	 32643.937524 	 1732629186.776408 
8278 	 -131.030533 	 147.843497 	 24813.699117 	 819638098.188641 
8279 	 127.284085 	 133.168548 	 24667.502346 	 1027677463.894274 
8280 	 145.166306 	 147.661076 	 25878.153305 	 975663984.343900 
8281 	 49.361992 	 69.006524 	 9810.336710 	 418847465.236849 
8282 	 -69.734745 	 82.479312 	 11677.029550 	 396340603.138544 
8283 	 -181.561251 	 181.561251 	 37339.553189 	 2096375615.268465 
8284 	 -124.425611 	 124.854819 	 18754.373387 	 535106599.642953 
8285 	 -18.878292 	 81.371843 	 10416.146745 	 309199033.354027 
8286 	 -196.288661 	 196.288661 	 40839.833612 	 2031005042.424079 
8287 	 -199.299565 	 199.299565 	 41761.723035 	 2002590591.902524 
8288 	 -135.072670 	 135.782755 	 23547.865915 	 882846491.256703 
8289 	 4.881516 	 56.708380 	 5151.838974 	 74440590.937366 
8290 	 -148.930424 	 148.930424 	 25970.511690 	 964622055.040706 
8291 	 -173.108410 	 173.108410 	 32888.492419 	 1416519040.947239 
8292 	 -213.220358 	 213.220358 	 46693.223474 	 2404161214.655896 
8293 	 -226.038786 	 226.038786 	 53245.098979 	 3231294748.104999 
8294 	 -137.869494 	 137.869494 	 21011.330805 	 604656397.778345 
8295 	 40.868849 	 80.620478 	 11109.757702 	 346799048.683188 
8296 	 218.615875 	 218.615875 	 48995.000166 	 2635922235.003306 
8297 	 189.768021 	 189.768021 	 38161.620938 	 1748191371.971943 
8298 	 171.909175 	 171.909175 	 34543.646271 	 2001843723.101174 
8299 	 206.932330 	 206.932330 	 45591.588496 	 2505154270.465051 
8300 	 159.194252 	 159.194252 	 30096.033661 	 1437191491.041688 
8301 	 242.549361 	 242.549361 	 59926.080192 	 3851455380.021074 
8302 	 174.674763 	 174.674763 	 33706.345502 	 1479269837.834148 
8303 	 104.417992 	 109.292263 	 15762.612489 	 434797341.655612 
8304 	 136.969248 	 138.550033 	 23648.224553 	 892343921.582244 
8305 	 -147.382852 	 147.382852 	 25233.577822 	 974632937.220469 
8306 	 4.716764 	 144.274728 	 26109.606284 	 1309912245.708360 
8307 	 226.206738 	 226.206738 	 56068.009862 	 4117131987.959977 
8308 	 221.939284 	 221.939284 	 51691.467832 	 3062297351.959575 
8309 	 228.636661 	 228.636661 	 55103.125861 	 3541961431.312633 
8310 	 235.358872 	 235.358872 	 57776.005097 	 3857589322.300916 
8311 	 25.741114 	 187.966645 	 45679.464865 	 3340197789.348413 
8312 	 -135.053067 	 135.053067 	 22863.945648 	 982993368.678715 
8313 	 154.406425 	 176.643600 	 38064.371911 	 2125758728.252295 
8314 	 183.068736 	 183.068736 	 39949.166188 	 2329084334.350801 
8315 	 9.987917 	 38.707885 	 2725.102401 	 29478248.480624 
8316 	 -191.973263 	 191.973263 	 41696.172557 	 2338657434.536487 
8317 	 -161.773025 	 162.444430 	 33900.653018 	 1913880606.415036 
8318 	 -115.645746 	 115.645746 	 14608.492657 	 278901984.425923 
8319 	 -200.249884 	 200.249884 	 42804.447755 	 2265640110.615474 
8320 	 -123.510709 	 125.823617 	 23528.829683 	 1130445396.224944 
8321 	 -211.761756 	 211.761756 	 49353.567079 	 3126282099.244282 
8322 	 -9.399983 	 148.093370 	 28250.364424 	 1310823864.460136 
8323 	 16.619514 	 118.865714 	 17637.274011 	 522295962.842859 
8324 	 -162.851575 	 162.929753 	 34483.005549 	 1987885836.482879 
8325 	 139.473558 	 172.263594 	 38569.339252 	 2509099695.365072 
8326 	 251.658058 	 251.658058 	 64827.684613 	 4546702279.209801 
8327 	 116.515509 	 117.718111 	 19666.477557 	 801429721.439882 
8328 	 135.132627 	 161.441998 	 34800.055587 	 2143618275.388525 
8329 	 -198.864634 	 198.864634 	 41243.067531 	 1968328065.890250 
8330 	 -216.771887 	 216.771887 	 48842.431301 	 2721166827.088909 
8331 	 -203.575963 	 203.575963 	 46624.819063 	 2966113978.673223 
8332 	 -231.460373 	 231.460373 	 55820.863394 	 3584037627.037547 
8333 	 -181.692507 	 181.692507 	 35701.680573 	 1538913663.964597 
8334 	 52.451992 	 70.585783 	 8098.187016 	 179208341.093469 
8335 	 29.693069 	 73.386226 	 7451.051436 	 115211720.139728 
8336 	 -163.104261 	 163.104261 	 30890.402459 	 1400449027.160684 
8337 	 -217.809906 	 217.809906 	 48809.530287 	 2637226507.221323 
8338 	 -242.376566 	 242.376566 	 59802.055346 	 3817593264.368554 
8339 	 -105.813519 	 140.823785 	 27276.159429 	 1409451170.447453 
8340 	 -59.936715 	 69.911648 	 7419.169448 	 182005760.847123 
8341 	 -178.865977 	 178.941910 	 36755.757195 	 1865855754.779628 
8342 	 -1.321047 	 165.748413 	 34606.482689 	 2097512216.201673 
8343 	 176.769823 	 176.769823 	 35410.784421 	 1855261127.688858 
8344 	 244.516255 	 244.516255 	 60817.066879 	 3948121555.405289 
8345 	 180.148913 	 180.148913 	 34108.763303 	 1383809471.133934 
8346 	 226.542239 	 226.542239 	 52657.304910 	 3051607383.838469 
8347 	 187.121500 	 187.121500 	 41144.724696 	 2511729107.273009 
8348 	 84.959105 	 99.519025 	 14593.985432 	 471477557.925332 
8349 	 -3.452860 	 103.313487 	 16014.012926 	 547748440.244385 
8350 	 -164.112466 	 164.151206 	 29592.267171 	 1111194185.301414 
8351 	 -112.736717 	 116.650339 	 22229.160840 	 1052169971.063325 
8352 	 -7.125518 	 158.443609 	 32339.432497 	 1672283055.137968 
8353 	 108.906644 	 109.193692 	 16092.594138 	 569080554.268551 
8354 	 -22.214696 	 112.084076 	 18359.810775 	 708120503.968267 
8355 	 -100.682363 	 102.404532 	 14673.757661 	 448343857.915538 
8356 	 -175.097592 	 175.359113 	 38719.797789 	 2414095400.665930 
8357 	 83.986927 	 151.459672 	 32954.440760 	 2066802407.531412 
8358 	 -107.015614 	 120.040954 	 19086.140392 	 628536628.518722 
8359 	 -118.312624 	 118.860890 	 16246.541921 	 362765977.738474 
8360 	 -44.411058 	 80.022375 	 10683.581061 	 336315436.368638 
8361 	 106.305803 	 109.796195 	 17317.795111 	 657663785.370558 
8362 	 216.418779 	 216.418779 	 48281.859284 	 2588351137.803991 
8363 	 204.690961 	 204.690961 	 43200.640425 	 2088868391.296045 
8364 	 50.796246 	 112.542641 	 16068.027713 	 491956287.619403 
8365 	 -86.886098 	 94.159169 	 13678.329691 	 431980859.602823 
8366 	 125.673159 	 126.096961 	 21844.057489 	 891039231.429943 
8367 	 189.515138 	 189.515138 	 38111.462006 	 1751826453.015972 
8368 	 166.703487 	 166.865575 	 32695.827203 	 1484474283.896632 
8369 	 -54.993176 	 72.483857 	 9153.437240 	 261081654.792448 
8370 	 -22.649640 	 73.520731 	 9096.855441 	 263780879.697409 
8371 	 -219.168847 	 219.168847 	 49698.735606 	 2789397833.460947 
8372 	 -206.262814 	 206.262814 	 46697.788091 	 2732588218.300793 
8373 	 -185.717666 	 185.717666 	 36193.390844 	 1550352315.016754 
8374 	 -196.544501 	 196.544501 	 43810.698245 	 2620777936.077613 
8375 	 -167.885455 	 167.921370 	 34541.871656 	 1800224793.562865 
8376 	 -187.928342 	 187.928342 	 39717.101607 	 2128653903.092865 
8377 	 -258.204437 	 258.204437 	 67669.909129 	 4850125053.132111 
8378 	 -194.567041 	 194.567041 	 40423.260190 	 1985049376.885298 
8379 	 63.545772 	 131.887453 	 21606.425325 	 731472134.357727 
8380 	 204.609007 	 204.728014 	 48053.184427 	 3126645259.182127 
8381 	 219.617785 	 219.617785 	 49738.484567 	 2766468609.215406 
8382 	 170.307115 	 170.307115 	 32118.455842 	 1417668713.022449 
8383 	 183.190473 	 183.190473 	 38297.831505 	 2074307314.993455 
8384 	 178.004139 	 178.004139 	 33989.538918 	 1455472250.882031 
8385 	 238.015560 	 238.015560 	 57814.401331 	 3593138176.154729 
8386 	 234.891264 	 234.891264 	 58955.537391 	 4177411398.557854 
8387 	 148.262093 	 148.438914 	 29312.797077 	 1391666779.659804 
8388 	 149.613353 	 152.246934 	 27175.769757 	 1026513540.303383 
8389 	 129.658761 	 129.658761 	 22134.198074 	 902679405.114463 
8390 	 232.558128 	 232.558128 	 57559.121770 	 3993180348.478766 
8391 	 215.903723 	 215.903723 	 48602.965085 	 2702645701.248698 
8392 	 233.637826 	 233.637826 	 56125.040958 	 3482150811.217518 
8393 	 225.907083 	 225.907083 	 54531.975651 	 3553522058.158631 
8394 	 141.015327 	 141.015327 	 24588.377485 	 1060482852.392896 
8395 	 130.982313 	 135.953897 	 23804.717707 	 995011748.159311 
8396 	 156.619944 	 156.619944 	 30570.792610 	 1598160866.130252 
8397 	 237.131653 	 237.131653 	 58227.176056 	 3805799035.436768 
8398 	 140.577924 	 140.577924 	 22098.974265 	 692723742.559572 
8399 	 203.361958 	 203.361958 	 45404.153037 	 2799773644.654233 
8400 	 -157.706170 	 180.282503 	 36730.553778 	 1741215090.949644 
8401 	 -249.852349 	 249.852349 	 63505.672391 	 4308163923.661021 
8402 	 -212.412250 	 212.412250 	 46961.440355 	 2526853858.381139 
8403 	 -189.762836 	 189.762836 	 37448.098430 	 1621709781.675323 
8404 	 -230.955112 	 230.955112 	 55879.789543 	 3641687542.657072 
8405 	 -170.268688 	 170.268688 	 31721.721758 	 1325740476.861320 
8406 	 -211.304430 	 211.304430 	 48772.507662 	 3018088157.121855 
8407 	 49.632328 	 143.181403 	 28038.146268 	 1411676885.266366 
8408 	 39.370450 	 123.459880 	 20145.795296 	 749724873.135051 
8409 	 -121.399881 	 121.699648 	 20510.471965 	 930704868.687998 
8410 	 -176.599588 	 176.599588 	 35820.107250 	 1886684447.152752 
8411 	 -239.526683 	 239.526683 	 58906.628403 	 3809509316.838215 
8412 	 -29.379831 	 160.715729 	 31115.817389 	 1468412129.945962 
8413 	 132.017499 	 142.801109 	 28661.968571 	 1662803521.833222 
8414 	 -159.428987 	 159.428987 	 27851.776963 	 1009478776.488976 
8415 	 -132.973753 	 133.724039 	 23523.508552 	 915720782.122026 
8416 	 -2.256230 	 98.699790 	 13732.128663 	 426872059.565526 
8417 	 236.633581 	 236.633581 	 57987.800513 	 3744770906.045882 
8418 	 180.730317 	 180.730317 	 35830.232956 	 1736904675.178378 
8419 	 245.204840 	 245.204840 	 61151.129655 	 3988628150.250815 
8420 	 208.500923 	 208.500923 	 46964.926960 	 2763257932.823325 
8421 	 163.807911 	 163.807911 	 29747.978534 	 1210108087.971359 
8422 	 179.598314 	 179.598314 	 35262.244049 	 1622957235.174991 
8423 	 185.659213 	 185.659213 	 38465.093854 	 2079531265.629486 
8424 	 130.229441 	 130.530529 	 20106.181531 	 604707818.504516 
8425 	 42.851134 	 94.538811 	 11084.307331 	 226085203.737505 
8426 	 206.194805 	 206.194805 	 44135.839817 	 2222622794.573400 
8427 	 210.639832 	 210.639832 	 45514.208511 	 2279917160.106625 
8428 	 180.215088 	 180.215088 	 36400.642309 	 1785337206.505063 
8429 	 160.049981 	 160.525756 	 30681.189968 	 1404201985.214537 
8430 	 152.352322 	 152.352322 	 27483.782383 	 1110275822.043579 
8431 	 226.681992 	 226.681992 	 53765.485289 	 3325533315.759393 
8432 	 204.490413 	 204.490413 	 46314.313918 	 2737804041.633407 
8433 	 227.530169 	 227.530169 	 54072.038046 	 3400426264.885432 
8434 	 -1.731365 	 87.950806 	 10475.602059 	 252040347.714955 
8435 	 -157.405328 	 157.405328 	 28870.881457 	 1278558117.198767 
8436 	 -191.160865 	 191.160865 	 38689.540737 	 1794808753.843167 
8437 	 -198.412855 	 198.412855 	 42343.255299 	 2265603465.794229 
8438 	 -200.818634 	 200.818634 	 43624.432293 	 2378008796.692341 
8439 	 -113.857898 	 124.834334 	 20027.638249 	 675515695.544463 
8440 	 141.169123 	 141.169123 	 25038.409035 	 1108135773.920260 
8441 	 -65.883834 	 175.716060 	 37463.030782 	 2170148715.558086 
8442 	 -110.176628 	 137.591460 	 24297.807124 	 1035887589.022916 
8443 	 -183.892702 	 183.892702 	 35333.279899 	 1454841108.227858 
8444 	 -187.959908 	 187.959908 	 37761.969567 	 1766453668.476071 
8445 	 49.694069 	 103.165290 	 15923.459336 	 513611346.488789 
8446 	 9.322930 	 104.714477 	 15209.882960 	 485452967.287562 
8447 	 88.957357 	 155.500410 	 27898.102629 	 1051254015.547868 
8448 	 213.600231 	 213.600231 	 47001.866962 	 2467436025.677175 
8449 	 152.984451 	 152.984451 	 24600.283735 	 717065025.381807 
8450 	 205.919995 	 205.919995 	 44779.370042 	 2418208066.626957 
8451 	 208.925074 	 208.925074 	 44859.815206 	 2214758121.161782 
8452 	 219.328539 	 219.328539 	 49335.359468 	 2670191009.648407 
8453 	 110.358399 	 116.005553 	 17246.752229 	 479511921.061625 
8454 	 -183.350713 	 183.350713 	 35695.805669 	 1585633387.975287 
8455 	 -172.128497 	 172.128497 	 35376.432173 	 1981695139.479396 
8456 	 -223.710853 	 223.710853 	 56092.014479 	 4057183207.092081 
8457 	 -171.574268 	 171.574268 	 35307.933628 	 1950078607.401595 
8458 	 -202.822066 	 202.822066 	 45727.501735 	 2740178845.484590 
8459 	 -95.438864 	 181.943318 	 36934.590603 	 1746033908.844207 
8460 	 4.234028 	 89.778487 	 11456.725042 	 291469602.588372 
8461 	 -201.369321 	 202.199279 	 48443.672437 	 3311718719.737066 
8462 	 -200.001835 	 200.001835 	 41974.762075 	 2080532100.853786 
8463 	 -200.554515 	 200.554515 	 42719.552361 	 2168650915.784246 
8464 	 141.047950 	 146.038253 	 28650.212493 	 1417236509.976726 
8465 	 207.847296 	 207.847296 	 44969.493561 	 2323180370.225750 
8466 	 -76.930857 	 161.575602 	 28948.670363 	 1067366242.245163 
8467 	 -185.338263 	 185.338263 	 36452.765448 	 1621066532.768549 
8468 	 47.766639 	 67.265907 	 6625.841067 	 99015647.142270 
8469 	 -85.799942 	 88.765598 	 10764.393340 	 241932602.007710 
8470 	 -251.697550 	 251.697550 	 64263.216689 	 4358894835.092842 
8471 	 -168.460510 	 168.460510 	 34607.623750 	 1858943598.372558 
8472 	 57.800795 	 97.852481 	 13349.501564 	 333888170.640836 
8473 	 73.256525 	 104.919332 	 16824.652331 	 652234783.561219 
8474 	 -162.123067 	 167.398657 	 36708.433337 	 2106596032.932117 
8475 	 -232.949270 	 232.949270 	 55154.764244 	 3219633442.093905 
8476 	 -234.711893 	 234.711893 	 55862.921081 	 3283903449.674793 
8477 	 -206.404876 	 206.404876 	 44972.818542 	 2396419387.308277 
8478 	 -174.505342 	 174.505342 	 34104.008270 	 1658400030.274275 
8479 	 -195.108162 	 195.108162 	 41978.731214 	 2371242878.024600 
8480 	 -174.646807 	 174.646807 	 33520.938176 	 1533782714.337196 
8481 	 -210.966866 	 210.966866 	 45611.864841 	 2272422409.348414 
8482 	 -108.770791 	 115.573166 	 20210.474722 	 853433871.140123 
8483 	 -194.297643 	 194.420180 	 41473.515875 	 2148533612.559695 
8484 	 -223.504345 	 223.504345 	 51206.286194 	 2860905029.301980 
8485 	 -211.782545 	 211.782545 	 46539.667218 	 2469787496.868425 
8486 	 -216.085659 	 216.085659 	 47892.885484 	 2508200986.485676 
8487 	 -144.137050 	 144.137050 	 23898.899515 	 839436661.681081 
8488 	 -196.509641 	 196.629743 	 43461.839043 	 2391551028.289767 
8489 	 -100.036886 	 104.821534 	 16377.841789 	 682952729.788259 
8490 	 -107.924631 	 165.448579 	 31190.962939 	 1290908881.652127 
8491 	 157.375195 	 157.375195 	 26938.475822 	 933928712.472739 
8492 	 215.467377 	 215.467377 	 48906.135011 	 2792487505.277214 
8493 	 179.037073 	 179.037073 	 34334.497997 	 1488779740.709904 
8494 	 186.552216 	 186.552216 	 36321.225249 	 1536753206.451164 
8495 	 180.636557 	 180.636557 	 34381.082968 	 1410235573.261349 
8496 	 128.043867 	 148.108373 	 28721.088621 	 1401820468.594097 
8497 	 92.329830 	 134.936897 	 26455.774343 	 1440176587.890360 
8498 	 228.988910 	 228.988910 	 53692.521696 	 3147482283.520239 
8499 	 153.686351 	 160.238063 	 34746.901297 	 2080928876.220841 
8500 	 81.451640 	 85.553866 	 10627.791188 	 278076790.966770 
8501 	 -41.700375 	 104.208981 	 15877.805246 	 566437459.309820 
8502 	 -66.165184 	 86.822207 	 10057.105832 	 201063151.809620 
8503 	 -190.881863 	 190.881863 	 39351.922596 	 1977844582.176800 
8504 	 -224.737170 	 224.737170 	 52275.481963 	 3121826555.868284 
8505 	 -162.769336 	 167.207962 	 35804.321541 	 2038653226.516846 
8506 	 167.712729 	 168.054383 	 34015.599120 	 1742198226.131345 
8507 	 217.812346 	 217.812346 	 48659.561421 	 2587611779.418496 
8508 	 198.247245 	 198.247245 	 41823.737988 	 2065293981.399616 
8509 	 231.945427 	 231.945427 	 55189.837834 	 3331939796.548440 
8510 	 143.410678 	 151.099706 	 31162.427769 	 1601503968.276762 
8511 	 -118.277607 	 128.389042 	 22261.720438 	 1071185947.722742 
8512 	 -239.105804 	 239.105804 	 58246.308331 	 3634088798.372421 
8513 	 -227.098908 	 227.098908 	 53359.866554 	 3236978222.443914 
8514 	 -196.572505 	 196.572505 	 42215.561793 	 2325545449.121896 
8515 	 -48.287410 	 92.213988 	 12727.380261 	 358598947.938412 
8516 	 179.338056 	 179.338056 	 34985.097616 	 1505112017.096662 
8517 	 111.383100 	 111.553981 	 15765.004394 	 415577551.139247 
8518 	 183.992838 	 183.992838 	 35754.198575 	 1526309146.238511 
8519 	 126.183922 	 126.183922 	 18070.449213 	 481674136.258359 
8520 	 74.592455 	 94.063197 	 14974.312809 	 613886675.487921 
8521 	 -98.611785 	 124.405755 	 21927.472870 	 995605012.024394 
8522 	 222.263560 	 222.263560 	 51607.838034 	 3086936863.130654 
8523 	 186.085248 	 186.085248 	 39684.470007 	 2282450230.860963 
8524 	 132.811512 	 134.382516 	 22622.951302 	 832397632.109319 
8525 	 208.051608 	 208.051608 	 45421.546051 	 2384403432.966391 
8526 	 222.838449 	 222.838449 	 51566.712557 	 3012800693.085592 
8527 	 135.616401 	 142.495380 	 25912.239116 	 1079879800.960652 
8528 	 -152.791397 	 152.791397 	 25294.666410 	 805055862.299219 
8529 	 -164.151354 	 164.151354 	 29733.869857 	 1164997456.349562 
8530 	 -178.161419 	 178.161419 	 33271.362651 	 1289061167.306742 
8531 	 127.034293 	 150.325933 	 29109.714908 	 1405452839.524990 
8532 	 195.389643 	 195.389643 	 41003.153309 	 2070523968.433583 
8533 	 -84.819305 	 154.108658 	 30426.692964 	 1523505637.819312 
8534 	 -111.453652 	 123.239888 	 23410.772183 	 1181104763.427227 
8535 	 113.257876 	 133.268719 	 20713.014085 	 624083087.891572 
8536 	 66.941443 	 81.991883 	 9330.391138 	 205496774.031350 
8537 	 -145.522539 	 145.670894 	 26830.475984 	 1237527829.645900 
8538 	 -191.370026 	 191.370026 	 38559.691075 	 1751328027.892187 
8539 	 -24.069912 	 112.923571 	 17447.433069 	 667100375.940847 
8540 	 199.571156 	 199.571156 	 43444.179415 	 2315578827.180671 
8541 	 182.548233 	 182.548233 	 37115.450863 	 1780161512.327407 
8542 	 56.848470 	 121.571998 	 19639.104084 	 742754981.685327 
8543 	 156.989623 	 162.676399 	 30122.543725 	 1207682194.031902 
8544 	 119.388977 	 132.893874 	 26690.143786 	 1663617836.624073 
8545 	 58.222008 	 128.632455 	 19432.525228 	 566303823.450903 
8546 	 -224.318584 	 224.318584 	 52019.641406 	 3081561364.352868 
8547 	 -220.832827 	 220.832827 	 50850.856286 	 2989478967.144569 
8548 	 121.522061 	 147.263293 	 26316.852330 	 1158253548.701193 
8549 	 236.212811 	 236.212811 	 57587.197320 	 3720213814.421042 
8550 	 228.452148 	 228.452148 	 53210.674134 	 3032045697.960403 
8551 	 213.794595 	 213.794595 	 49604.442232 	 3155579875.939313 
8552 	 214.785971 	 214.785971 	 48107.779992 	 2651039059.497932 
8553 	 177.718444 	 177.718444 	 33605.940073 	 1399381498.978211 
8554 	 114.802720 	 122.319978 	 23111.354354 	 1098206523.604327 
8555 	 227.336776 	 227.336776 	 56492.385895 	 4070186716.514050 
8556 	 191.668168 	 191.668168 	 41314.014299 	 2333054749.054582 
8557 	 131.632511 	 131.632511 	 22819.676055 	 989121346.207727 
8558 	 251.427924 	 251.427924 	 65688.689643 	 4880186433.459106 
8559 	 246.414913 	 246.414913 	 61890.061591 	 4114903776.695826 
8560 	 222.837502 	 222.837502 	 51509.794376 	 3039773783.144319 
8561 	 202.417751 	 202.417751 	 42958.213775 	 2135561244.771969 
8562 	 150.865179 	 150.910015 	 28002.708377 	 1237116392.683501 
8563 	 240.889106 	 240.889106 	 59434.872971 	 3848322054.436102 
8564 	 235.913911 	 235.913911 	 56704.200660 	 3447717784.482069 
8565 	 73.019939 	 74.631730 	 7763.020969 	 145800021.587049 
8566 	 -74.992471 	 85.459713 	 11743.098802 	 331917081.114332 
8567 	 -147.099141 	 147.140587 	 25304.540710 	 943929008.896231 
8568 	 -207.629318 	 207.629318 	 44832.372007 	 2288669565.813488 
8569 	 -89.395252 	 120.054646 	 17592.394701 	 479758355.301839 
8570 	 -201.719100 	 201.719100 	 43337.737075 	 2338009096.018080 
8571 	 -208.548756 	 208.548756 	 47406.369338 	 2938332462.861768 
8572 	 -212.859887 	 212.859887 	 48056.473569 	 2833963081.467977 
8573 	 -212.000248 	 212.000248 	 47608.448503 	 2744584894.420250 
8574 	 -99.655425 	 100.021833 	 12554.231725 	 258865417.204000 
8575 	 -105.833667 	 110.319511 	 18526.509365 	 727119794.941903 
8576 	 73.305363 	 87.462423 	 11613.561373 	 329448380.114822 
8577 	 133.445832 	 135.847997 	 23004.856947 	 993128811.772050 
8578 	 -140.628279 	 141.314262 	 25491.756948 	 1097052507.828611 
8579 	 -217.613701 	 217.613701 	 50772.924532 	 3096969422.989732 
8580 	 -219.635916 	 219.635916 	 49400.775648 	 2656979160.546317 
8581 	 -132.972244 	 132.972244 	 20129.196766 	 586942860.299787 
8582 	 -98.746144 	 108.309343 	 19217.168220 	 991381153.099418 
8583 	 -246.756132 	 246.756132 	 63434.122758 	 4543798813.534219 
8584 	 -108.619522 	 126.655376 	 22603.478904 	 949398746.187527 
8585 	 -152.111474 	 152.111474 	 25717.381535 	 862724253.266073 
8586 	 -170.021171 	 170.021171 	 32427.344110 	 1480830641.280950 
8587 	 -238.273879 	 238.273879 	 58779.820934 	 3866508424.695777 
8588 	 -233.524508 	 233.524508 	 57157.724460 	 3866888444.198537 
8589 	 -84.450439 	 100.472578 	 16456.600789 	 658510378.484300 
8590 	 -216.921349 	 216.921349 	 48341.794679 	 2570768234.023883 
8591 	 -239.094475 	 239.094475 	 58920.087602 	 3891498821.136030 
8592 	 -153.405634 	 160.425354 	 32681.744711 	 1740878236.870346 
8593 	 -26.534342 	 123.025701 	 20573.381594 	 797902914.193373 
8594 	 -191.330029 	 191.330029 	 38860.444609 	 1858844129.255048 
8595 	 -243.140323 	 243.140323 	 61802.730378 	 4439516991.083858 
8596 	 39.351203 	 113.332723 	 16734.907267 	 497264293.332099 
8597 	 168.489922 	 168.489922 	 34027.106564 	 1851102642.187870 
8598 	 213.488422 	 213.488422 	 50537.818004 	 3353336275.415914 
8599 	 141.782148 	 190.028269 	 40209.122589 	 2072697072.447308 
8600 	 -241.398883 	 241.398883 	 61067.374319 	 4330762393.482334 
8601 	 -183.344205 	 183.344205 	 34762.180293 	 1369784000.351878 
8602 	 37.645573 	 158.079567 	 30624.499723 	 1542485554.915956 
8603 	 16.610450 	 124.297396 	 20882.493934 	 749073726.348831 
8604 	 183.096775 	 193.134675 	 43001.452134 	 2468870262.235902 
8605 	 -183.764619 	 183.764619 	 35924.786202 	 1573390822.170517 
8606 	 -218.275289 	 218.275289 	 49314.883294 	 2740633752.950436 
8607 	 -163.769911 	 163.769911 	 29818.629955 	 1220203760.519440 
8608 	 79.846664 	 137.123625 	 23098.382319 	 961148888.666899 
8609 	 158.381823 	 158.381823 	 29881.681013 	 1371538007.707599 
8610 	 29.617306 	 92.383891 	 14286.577719 	 488320025.336350 
8611 	 -197.294969 	 197.294969 	 40573.391580 	 1871331385.475802 
8612 	 -215.818954 	 215.818954 	 48835.931416 	 2774176563.844449 
8613 	 -33.444252 	 124.089529 	 20005.984538 	 691931714.710557 
8614 	 68.351198 	 69.675525 	 7163.634932 	 138978156.926822 
8615 	 195.474915 	 195.474915 	 42450.952710 	 2452032916.647773 
8616 	 -130.200123 	 148.045507 	 29583.893992 	 1475925408.623492 
8617 	 -149.214265 	 149.214265 	 25037.350028 	 885587046.089284 
8618 	 -173.683709 	 173.683709 	 35489.045622 	 1887275033.714820 
8619 	 -230.582458 	 230.582458 	 55187.989486 	 3483471531.506254 
8620 	 -191.179465 	 191.179465 	 39984.481191 	 2091018347.573676 
8621 	 -230.040290 	 230.040290 	 54843.476404 	 3404263300.510564 
8622 	 -227.904989 	 227.904989 	 52956.202369 	 3009977847.761348 
8623 	 -192.573312 	 192.573312 	 41347.564102 	 2243040745.926303 
8624 	 -152.797932 	 155.390532 	 33937.021863 	 1951600940.922811 
8625 	 -46.356446 	 83.634170 	 10319.403672 	 269086093.868796 
8626 	 206.391688 	 206.391688 	 46922.979369 	 2824465830.783008 
8627 	 123.835887 	 123.835887 	 18122.029612 	 524155252.084529 
8628 	 123.013711 	 125.540538 	 20285.711824 	 710747639.874535 
8629 	 -51.616140 	 106.686967 	 13517.735496 	 277676787.743153 
8630 	 171.715341 	 171.857667 	 32458.078611 	 1344612008.107975 
8631 	 227.934399 	 227.934399 	 53933.338319 	 3273075962.999258 
8632 	 131.259380 	 131.259380 	 21472.170199 	 822479943.264151 
8633 	 176.439954 	 176.439954 	 36778.416977 	 2107025658.448350 
8634 	 190.740877 	 190.740877 	 38495.581368 	 1816990714.263493 
8635 	 179.078531 	 179.078531 	 35494.343843 	 1681771914.700518 
8636 	 218.348396 	 218.348396 	 49170.535470 	 2691402357.943214 
8637 	 225.851660 	 225.851660 	 52226.617486 	 2981165033.705422 
8638 	 232.812054 	 232.812054 	 56461.324622 	 3692309184.848194 
8639 	 -45.225633 	 129.945747 	 21927.174516 	 808325819.166213 
8640 	 -221.461955 	 221.461955 	 51001.077435 	 2940259345.255610 
8641 	 14.576187 	 135.656564 	 25126.391195 	 1159334486.602429 
8642 	 170.923260 	 170.923260 	 36713.871488 	 2131003955.741877 
8643 	 190.299574 	 190.299574 	 38485.157017 	 1732494710.403065 
8644 	 191.928215 	 191.928215 	 39096.619002 	 1842572115.227535 
8645 	 94.541583 	 149.740041 	 30368.907031 	 1579520051.490055 
8646 	 -131.644570 	 158.553425 	 28952.790453 	 1117185951.833345 
8647 	 110.215723 	 116.384864 	 17482.669280 	 506010161.822769 
8648 	 205.330663 	 205.330663 	 43794.169247 	 2184458928.807389 
8649 	 214.167990 	 214.167990 	 49890.556799 	 3097648082.532937 
8650 	 165.048015 	 166.723015 	 33981.485211 	 1750981960.876740 
8651 	 156.767129 	 156.767129 	 27666.215245 	 1073225399.429336 
8652 	 91.303926 	 101.557801 	 14373.679623 	 443684159.166062 
8653 	 198.294584 	 198.294584 	 42474.231300 	 2312547207.589272 
8654 	 231.354399 	 231.354399 	 55256.728292 	 3404219587.154905 
8655 	 201.706217 	 201.706217 	 44916.578449 	 2716623141.459091 
8656 	 181.187507 	 181.187507 	 34942.840266 	 1478750484.995283 
8657 	 204.618110 	 204.618110 	 46047.390461 	 2961464569.312797 
8658 	 118.066772 	 120.780436 	 17360.906917 	 441910063.063462 
8659 	 186.406128 	 186.443654 	 41434.042126 	 2534958023.649807 
8660 	 -210.796176 	 210.981968 	 48499.601759 	 2884097830.733932 
8661 	 -204.137917 	 204.137917 	 44849.410679 	 2515727023.913489 
8662 	 -192.678428 	 192.777788 	 40563.507022 	 2061392425.606568 
8663 	 -188.692344 	 188.692344 	 39718.583814 	 2072263423.598562 
8664 	 -242.803234 	 242.803234 	 61118.456153 	 4188670971.870231 
8665 	 -230.455661 	 230.455661 	 54449.179307 	 3245896189.729437 
8666 	 -194.332136 	 194.332136 	 39525.249706 	 1829114715.249035 
8667 	 -194.906199 	 194.906199 	 41481.477385 	 2247837944.665168 
8668 	 -119.504041 	 126.023686 	 21493.631558 	 774612868.777325 
8669 	 -129.455042 	 133.406542 	 24936.400926 	 1246348230.459862 
8670 	 -182.620054 	 183.125112 	 42563.779466 	 2728685459.968614 
8671 	 -151.859513 	 151.859513 	 24797.812966 	 783052670.138548 
8672 	 178.029001 	 184.031126 	 42957.706398 	 2729897134.656697 
8673 	 155.417932 	 161.692685 	 33871.084453 	 1761245983.161688 
8674 	 38.842552 	 124.433541 	 18096.210428 	 487932695.165190 
8675 	 -197.834814 	 197.834814 	 43872.057433 	 2517365750.824743 
8676 	 -199.917708 	 199.917708 	 42742.246645 	 2186768027.456230 
8677 	 81.546082 	 134.095798 	 21820.721162 	 770525470.347558 
8678 	 179.998390 	 179.998390 	 34715.233510 	 1509143724.625946 
8679 	 -69.962123 	 110.456044 	 16021.124935 	 519372647.739266 
8680 	 -240.593559 	 240.593559 	 59570.016186 	 3924943845.158993 
8681 	 -220.044006 	 220.044006 	 50081.444356 	 2811591558.737541 
8682 	 -192.197709 	 192.197709 	 42675.015975 	 2412098212.645146 
8683 	 -147.508918 	 149.250430 	 26410.642296 	 1054378304.251740 
8684 	 -135.677763 	 136.837565 	 22241.547211 	 752582181.681850 
8685 	 -76.580225 	 83.836349 	 11155.406767 	 321178005.579392 
8686 	 -228.465328 	 228.465328 	 54739.347408 	 3527255307.084349 
8687 	 -53.646774 	 97.874168 	 17595.935306 	 985389769.690379 
8688 	 188.922170 	 188.922170 	 41425.249913 	 2430276747.073896 
8689 	 69.639062 	 93.971841 	 13496.293156 	 394677592.858219 
8690 	 186.018459 	 186.053130 	 38750.358411 	 2120082450.404320 
8691 	 -122.804481 	 123.364939 	 19494.216489 	 661641598.460031 
8692 	 -182.051699 	 182.051699 	 35372.679162 	 1559782718.689014 
8693 	 -186.749062 	 186.749062 	 37114.603105 	 1710554177.604741 
8694 	 -176.656937 	 188.723845 	 43145.136343 	 2797362803.307115 
8695 	 176.655206 	 176.655206 	 34215.011831 	 1572297265.628900 
8696 	 209.170426 	 209.170426 	 47072.427794 	 2716045551.527589 
8697 	 -6.170718 	 115.900325 	 17294.395047 	 498266571.356799 
8698 	 -177.230474 	 177.804932 	 37636.913546 	 1982933721.016773 
8699 	 -159.403569 	 159.403569 	 32900.326581 	 1865102834.114397 
8700 	 -211.444709 	 211.444709 	 47700.252437 	 2699161312.230091 
8701 	 -207.805260 	 207.805260 	 48294.963408 	 3013249077.934494 
8702 	 143.360242 	 147.183707 	 26095.511170 	 1056582723.351295 
8703 	 -128.625736 	 130.366241 	 23958.908082 	 1095922401.264127 
8704 	 -190.812844 	 190.812844 	 39212.054267 	 1997078163.871058 
8705 	 80.961111 	 110.415852 	 21924.320493 	 1381607485.081554 
8706 	 139.194042 	 152.908140 	 32362.950099 	 1757488600.158573 
8707 	 -42.989970 	 93.621780 	 12023.146798 	 325883197.681374 
8708 	 -23.908653 	 99.466513 	 15462.475024 	 628826893.595301 
8709 	 170.905305 	 170.905305 	 34431.009805 	 1822888620.816518 
8710 	 164.457531 	 164.457531 	 29951.933364 	 1244850109.277426 
8711 	 239.161438 	 239.161438 	 58502.822068 	 3729918929.591149 
8712 	 226.928285 	 226.928285 	 52630.717455 	 2987620014.815679 
8713 	 230.823277 	 230.823277 	 55546.310106 	 3528162469.939188 
8714 	 117.051481 	 117.139204 	 19751.833685 	 875141514.790275 
8715 	 237.372868 	 237.372868 	 58654.635647 	 3901251497.492919 
8716 	 117.737698 	 135.005503 	 20509.388252 	 553284165.031589 
8717 	 -175.979520 	 176.420408 	 36825.003983 	 1965936827.845209 
8718 	 -139.703366 	 149.353737 	 32000.147933 	 2081489786.949433 
8719 	 -4.076856 	 120.074270 	 19999.433421 	 857782130.910863 
8720 	 202.500042 	 202.500042 	 44228.448691 	 2460941669.873557 
8721 	 184.180472 	 184.180472 	 36460.705137 	 1647952343.127927 
8722 	 181.988825 	 181.988825 	 36707.634858 	 1803154124.205543 
8723 	 243.517566 	 243.517566 	 61356.782026 	 4217903846.077407 
8724 	 65.869659 	 129.692813 	 23552.425816 	 1198068785.278297 
8725 	 -3.393285 	 162.750648 	 34706.226643 	 2086642382.932398 
8726 	 211.510380 	 211.510380 	 46708.625569 	 2541046481.776951 
8727 	 210.723377 	 210.723377 	 46190.430245 	 2449362171.029507 
8728 	 226.568762 	 226.568762 	 54741.309092 	 3670276569.823977 
8729 	 187.348299 	 187.348299 	 39514.434052 	 1999479565.265203 
8730 	 -76.387333 	 119.649855 	 19410.102970 	 720557961.539919 
8731 	 -163.582846 	 163.600878 	 31065.920247 	 1456514721.210629 
8732 	 172.661625 	 176.562367 	 39693.921781 	 2300934607.705551 
8733 	 -58.931892 	 132.295282 	 21271.256605 	 706191725.483567 
8734 	 47.120269 	 173.573048 	 33971.629551 	 1548687363.503214 
8735 	 198.602213 	 198.602213 	 42778.165018 	 2333810437.638030 
8736 	 178.016467 	 178.016467 	 36081.014611 	 1806908632.469074 
8737 	 167.350327 	 167.362392 	 33536.871600 	 1784805971.177133 
8738 	 201.595614 	 201.595614 	 43039.418222 	 2209413480.058229 
8739 	 -16.760192 	 78.953788 	 9496.475658 	 214540833.067107 
8740 	 -105.297109 	 121.841970 	 22102.116686 	 1125761048.526878 
8741 	 23.214835 	 90.449732 	 13231.733488 	 490064340.023943 
8742 	 259.163359 	 259.163359 	 67922.702418 	 4817486847.895665 
8743 	 232.676690 	 232.676690 	 56143.906523 	 3591305747.021216 
8744 	 44.178215 	 79.113079 	 9061.996004 	 176133536.365905 
8745 	 209.724958 	 209.724958 	 45354.634344 	 2306349659.001939 
8746 	 251.247426 	 251.247426 	 64978.744704 	 4680503494.028049 
8747 	 182.119767 	 183.529345 	 42380.218469 	 2719785516.286471 
8748 	 55.314704 	 73.071417 	 8045.933763 	 167199918.679759 
8749 	 162.754420 	 162.754420 	 34542.343628 	 2143178089.680979 
8750 	 111.145503 	 117.652957 	 20271.931966 	 1034520121.599201 
8751 	 -31.367789 	 86.737249 	 10691.475763 	 254145735.719242 
8752 	 -47.251188 	 80.147177 	 10506.979000 	 330349293.631533 
8753 	 153.958918 	 161.742995 	 35864.022938 	 2238002963.173681 
8754 	 194.812020 	 194.812020 	 40813.407013 	 2133477192.563304 
8755 	 189.054373 	 190.481711 	 42636.472047 	 2646151586.141827 
8756 	 160.418672 	 161.684529 	 29970.003900 	 1238291865.197290 
8757 	 158.391899 	 158.391899 	 26943.735932 	 905208208.303895 
8758 	 -161.151081 	 191.484794 	 41648.683577 	 2273097176.669585 
8759 	 -234.380241 	 234.380241 	 56812.284575 	 3650138581.022099 
8760 	 -31.637561 	 184.426739 	 39075.172819 	 2177739913.644167 
8761 	 77.531889 	 165.897690 	 34378.798952 	 1840469689.712176 
8762 	 -136.717281 	 136.779411 	 22910.646200 	 829872310.844359 
8763 	 -141.181010 	 141.181010 	 22163.630633 	 691675888.183810 
8764 	 -222.676905 	 222.676905 	 50690.118079 	 2782435801.059830 
8765 	 -214.690900 	 214.690900 	 50464.354963 	 3234704139.778534 
8766 	 -156.073672 	 156.073672 	 28872.572059 	 1310177339.090696 
8767 	 -175.532242 	 181.471554 	 40573.369653 	 2448717094.761650 
8768 	 -159.469607 	 168.160265 	 34532.681624 	 1850963342.316277 
8769 	 47.181903 	 86.245177 	 10011.242344 	 231910925.894858 
8770 	 148.500599 	 154.099737 	 28507.381070 	 1155243452.855497 
8771 	 -164.368430 	 164.416677 	 33463.414465 	 1847180051.219679 
8772 	 -183.277417 	 183.277417 	 34568.093128 	 1329182483.892339 
8773 	 -187.790448 	 187.790448 	 36425.232009 	 1493439462.247745 
8774 	 -174.788720 	 174.788720 	 33964.265742 	 1543853220.531194 
8775 	 103.019582 	 135.182908 	 25179.830494 	 1256625476.508966 
8776 	 185.470761 	 185.470761 	 37724.492933 	 1810407507.599022 
8777 	 223.498381 	 223.498381 	 52112.699477 	 3195908310.094862 
8778 	 -76.212692 	 110.568084 	 17870.627151 	 648489869.115024 
8779 	 97.356871 	 114.236099 	 18385.583527 	 660717771.630704 
8780 	 205.711003 	 205.711003 	 44847.843263 	 2476100212.018429 
8781 	 193.252424 	 193.252424 	 39242.336945 	 1791972858.423266 
8782 	 207.839372 	 207.839372 	 44992.195161 	 2322352359.365790 
8783 	 135.640901 	 136.898972 	 25387.199820 	 1155492515.030409 
8784 	 159.397378 	 159.397378 	 28889.090172 	 1202491497.398274 
8785 	 -149.210383 	 164.529089 	 35129.407881 	 1976635178.122888 
8786 	 -85.381621 	 116.540373 	 18068.501109 	 562449300.026295 
8787 	 -1.321179 	 73.482952 	 8688.636728 	 258130003.526039 
8788 	 219.565088 	 219.565088 	 50481.483591 	 2911680480.510926 
8789 	 198.521502 	 198.521502 	 40997.680886 	 1895563024.747174 
8790 	 192.711613 	 192.711613 	 39767.522640 	 1949558722.302287 
8791 	 -0.215849 	 166.539820 	 34575.817675 	 1998169348.037717 
8792 	 -75.383843 	 119.809739 	 23922.934478 	 1426811082.785868 
8793 	 159.992748 	 160.590113 	 32526.593748 	 1549707578.739783 
8794 	 66.745540 	 125.168712 	 19868.956670 	 700428273.655297 
8795 	 -184.518456 	 186.969891 	 41893.434824 	 2308430696.747480 
8796 	 -216.547447 	 219.451262 	 54075.043716 	 3694674208.177375 
8797 	 -157.288572 	 157.288572 	 27616.210030 	 1084634523.356931 
8798 	 -182.283125 	 182.283125 	 36879.799548 	 1755413784.548938 
8799 	 -254.034990 	 254.034990 	 65917.856580 	 4645820037.441079 
8800 	 -230.901702 	 230.901702 	 55081.225999 	 3398859195.358091 
8801 	 -139.089511 	 157.202520 	 30196.515851 	 1363933942.328182 
8802 	 83.631320 	 124.964650 	 21156.167253 	 877249341.649612 
8803 	 41.494762 	 111.179961 	 17528.829133 	 701260821.998365 
8804 	 -103.746296 	 120.243181 	 20511.035751 	 769173974.458729 
8805 	 -232.510817 	 232.510817 	 56195.402193 	 3646810273.588071 
8806 	 -119.107910 	 126.206293 	 22633.981172 	 1062541144.966592 
8807 	 -194.541420 	 194.541420 	 40091.678636 	 1983425123.284384 
8808 	 -182.636145 	 182.636145 	 35993.267117 	 1741441829.169264 
8809 	 -164.986143 	 165.043233 	 34088.488291 	 2035138625.335474 
8810 	 -65.311618 	 91.503217 	 11470.117636 	 261750996.928570 
8811 	 164.232396 	 164.232396 	 31140.529538 	 1439866871.628502 
8812 	 107.769067 	 117.653376 	 16747.643128 	 472085574.102990 
8813 	 -139.002025 	 139.002025 	 22264.676897 	 722974351.051848 
8814 	 -216.079794 	 216.079794 	 49586.875228 	 2924699970.110816 
8815 	 -180.803774 	 180.803774 	 36480.035614 	 1857805006.596859 
8816 	 -251.841042 	 251.841042 	 65309.491615 	 4721596574.812965 
8817 	 -109.316709 	 110.386287 	 16316.312563 	 578439505.316376 
8818 	 -192.128600 	 192.152411 	 41512.459586 	 2269349758.317407 
8819 	 -228.900824 	 228.900824 	 54498.901736 	 3378549610.394878 
8820 	 -170.987878 	 170.987878 	 33861.030945 	 1700292650.629920 
8821 	 8.206272 	 143.816901 	 28844.515511 	 1477812825.136122 
8822 	 236.168665 	 236.168665 	 57530.295391 	 3687792825.366845 
8823 	 97.920674 	 164.528018 	 32088.582102 	 1500725150.609312 
8824 	 -199.336661 	 199.336661 	 41169.679784 	 1944504745.927290 
8825 	 -192.670737 	 192.670737 	 39406.182934 	 1828464578.342057 
8826 	 -225.583328 	 225.583328 	 52864.158272 	 3191517609.818815 
8827 	 -66.487043 	 148.963959 	 26292.951457 	 994081658.758118 
8828 	 -71.704351 	 138.348166 	 22316.977517 	 723963486.841920 
8829 	 -36.680603 	 107.077582 	 14404.039312 	 371055090.621525 
8830 	 200.513082 	 200.513082 	 43939.076598 	 2521722220.861374 
8831 	 -55.331389 	 123.027823 	 21795.594445 	 971590528.962901 
8832 	 194.641038 	 194.641038 	 41143.740608 	 2145405868.263113 
8833 	 -7.388614 	 132.659639 	 26368.295735 	 1416204350.694309 
8834 	 -203.585962 	 203.585962 	 44450.477823 	 2388646566.984159 
8835 	 -211.508215 	 211.508215 	 47605.876095 	 2775988745.339034 
8836 	 -240.821376 	 240.821376 	 60021.116685 	 4037311788.409182 
8837 	 -183.308033 	 183.308033 	 35012.404090 	 1417907161.042511 
8838 	 -203.672389 	 203.672389 	 43642.979331 	 2230736578.909438 
8839 	 -172.565595 	 172.645688 	 35634.559726 	 1933015343.527086 
8840 	 -198.454428 	 198.454428 	 41439.698819 	 2038257159.676798 
8841 	 -231.384400 	 231.384400 	 54811.320206 	 3258728318.149464 
8842 	 -199.052062 	 199.052062 	 41693.550562 	 2067449911.782643 
8843 	 -111.689841 	 124.938343 	 23355.163445 	 1215098406.313510 
8844 	 -232.900542 	 232.900542 	 55984.600632 	 3506109327.762864 
8845 	 -220.541308 	 220.541308 	 51334.343947 	 3118108666.011981 
8846 	 -194.112622 	 202.083373 	 46768.993555 	 2852864756.895030 
8847 	 208.860945 	 208.860945 	 44931.989044 	 2235928832.025461 
8848 	 51.207740 	 114.641687 	 17053.454371 	 520001623.739552 
8849 	 -195.186419 	 195.186419 	 42197.553970 	 2386251309.245310 
8850 	 -168.174053 	 168.174053 	 31338.629118 	 1319709202.641390 
8851 	 96.814018 	 103.610127 	 13381.426662 	 270488315.483237 
8852 	 168.331892 	 168.331892 	 29924.910156 	 1080789286.544169 
8853 	 24.720654 	 107.514749 	 15090.952887 	 410341420.465510 
8854 	 -151.942548 	 151.942548 	 25319.886981 	 858698450.161748 
8855 	 -128.653580 	 141.094565 	 26183.578598 	 1247020253.380530 
8856 	 133.506632 	 134.501105 	 25365.248469 	 1292476445.587977 
8857 	 178.905154 	 180.748883 	 40825.294365 	 2368523297.481590 
8858 	 48.871383 	 92.165333 	 10091.307834 	 166000237.790533 
8859 	 105.143553 	 130.600051 	 22841.809733 	 915388961.210435 
8860 	 -2.803017 	 78.967317 	 8605.157011 	 157334427.985285 
8861 	 232.841086 	 232.841086 	 56406.526900 	 3616547528.843484 
8862 	 107.880264 	 120.387368 	 23295.921153 	 1246202770.713045 
8863 	 212.578744 	 212.578744 	 47468.236071 	 2690113229.983824 
8864 	 -35.860129 	 74.878815 	 7733.452764 	 125640226.868940 
8865 	 -146.682025 	 150.280554 	 28871.311935 	 1296184313.846217 
8866 	 -68.754281 	 113.378310 	 19102.319596 	 736515815.749905 
8867 	 -212.289066 	 212.289066 	 48662.787560 	 3024458377.825395 
8868 	 -190.158709 	 190.158709 	 37507.020559 	 1612263245.363040 
8869 	 -107.761710 	 117.844921 	 19250.857707 	 819368780.034020 
8870 	 -38.199289 	 78.687785 	 11280.321106 	 359931803.889077 
8871 	 115.867436 	 117.183007 	 17127.301622 	 462615788.879620 
8872 	 163.377943 	 163.377943 	 30767.535449 	 1498677734.649607 
8873 	 117.726926 	 155.660422 	 28240.282432 	 1140347656.360498 
8874 	 -150.663156 	 150.663156 	 29506.437649 	 1581145463.457336 
8875 	 80.980753 	 138.398827 	 28665.028440 	 1831728156.382828 
8876 	 -9.718508 	 83.655851 	 10558.431031 	 321826923.800694 
8877 	 145.812149 	 150.261808 	 29109.271442 	 1468601054.909203 
8878 	 -114.555895 	 118.104521 	 19745.359054 	 717612946.977902 
8879 	 -219.786035 	 219.786035 	 49582.054720 	 2716216826.903726 
8880 	 -199.878144 	 199.878144 	 43544.400185 	 2396672607.824019 
8881 	 -170.806702 	 170.806702 	 32424.890236 	 1406604512.329319 
8882 	 -88.832532 	 129.571322 	 20411.898473 	 688255935.072505 
8883 	 217.871748 	 217.871748 	 48745.413529 	 2617261588.091821 
8884 	 245.339193 	 245.339193 	 61297.549053 	 4019602391.522040 
8885 	 17.951694 	 113.374173 	 18483.179407 	 754007281.572746 
8886 	 -260.504768 	 260.504768 	 68846.221627 	 4986546748.390697 
8887 	 -204.006174 	 204.006174 	 44872.965868 	 2515512766.921620 
8888 	 7.682667 	 127.763154 	 20204.749416 	 671823836.924278 
8889 	 173.973305 	 173.973305 	 34785.062343 	 1731414983.598814 
8890 	 199.740790 	 199.740790 	 41863.552118 	 2081190503.793247 
8891 	 -57.005353 	 168.743445 	 32032.870084 	 1419592996.109081 
8892 	 -206.284950 	 206.284950 	 44723.567045 	 2404422488.558975 
8893 	 -230.388223 	 230.388223 	 54278.913249 	 3195782431.661955 
8894 	 89.875234 	 184.040446 	 40239.143246 	 2254534934.028809 
8895 	 201.129904 	 201.129904 	 42855.258927 	 2223673136.577004 
8896 	 -71.450162 	 147.047070 	 28614.918634 	 1417367642.953229 
8897 	 -253.910923 	 253.910923 	 66349.599556 	 4892205573.102833 
8898 	 -154.959589 	 155.015874 	 27801.568386 	 1117702651.225399 
8899 	 -122.873582 	 144.116563 	 29214.574800 	 1532945523.839888 
8900 	 114.010887 	 123.942434 	 22134.806665 	 994707635.137940 
8901 	 195.192291 	 195.192291 	 41081.027650 	 2178917907.772837 
8902 	 164.385261 	 164.385261 	 29841.180660 	 1229618992.408150 
8903 	 218.019415 	 218.019415 	 49461.566203 	 2811683691.354165 
8904 	 -16.292020 	 144.315366 	 27553.387617 	 1301692067.897024 
8905 	 -69.840742 	 73.640148 	 7706.938403 	 140992242.215088 
8906 	 -194.856300 	 194.856300 	 41100.621296 	 2092982758.002025 
8907 	 -209.501901 	 209.501901 	 45529.780170 	 2339294910.066866 
8908 	 -165.494073 	 165.494073 	 29118.167378 	 1026777184.616003 
8909 	 -85.028217 	 95.736500 	 14209.776256 	 446455497.456504 
8910 	 -6.373034 	 85.611730 	 9713.273956 	 189357396.292489 
8911 	 80.417951 	 100.189193 	 18047.913710 	 968612031.802717 
8912 	 -205.905721 	 206.022591 	 48511.095436 	 3049632060.897131 
8913 	 -213.389640 	 213.389640 	 49596.025392 	 3089048929.223541 
8914 	 -190.390708 	 190.390708 	 40391.391500 	 2122461913.834623 
8915 	 -189.917733 	 189.917733 	 38514.498495 	 1793344778.770887 
8916 	 -225.788197 	 225.788197 	 53552.030436 	 3347210449.330155 
8917 	 -190.957781 	 190.957781 	 40836.710580 	 2162142075.121797 
8918 	 26.134297 	 53.331687 	 4283.023326 	 42685835.721454 
8919 	 5.083985 	 72.193654 	 7113.879313 	 102028174.219316 
8920 	 -57.333940 	 85.377969 	 10907.291538 	 332305363.962985 
8921 	 150.983471 	 152.854577 	 34501.595175 	 2123344303.459397 
8922 	 214.727397 	 214.727397 	 48774.624412 	 2903733120.083408 
8923 	 218.652600 	 218.652600 	 49357.413506 	 2710770578.033164 
8924 	 170.720085 	 170.720085 	 32516.726839 	 1421535718.136755 
8925 	 240.261868 	 240.261868 	 59215.974459 	 3836462295.494966 
8926 	 216.691779 	 216.691779 	 48511.789473 	 2640776388.742225 
8927 	 182.476579 	 182.476579 	 37809.586849 	 1913019519.374852 
8928 	 226.986401 	 226.986401 	 52527.945707 	 2966857803.283174 
8929 	 207.014757 	 207.014757 	 46547.096949 	 2845740069.771741 
8930 	 223.848130 	 223.848130 	 51410.868056 	 2916855110.971347 
8931 	 183.077301 	 183.077301 	 35395.983686 	 1483355092.227532 
8932 	 209.090671 	 209.090671 	 45037.548491 	 2265157260.626398 
8933 	 193.228954 	 193.228954 	 40272.322288 	 2029347763.978229 
8934 	 187.231700 	 187.231700 	 38789.698841 	 1965550055.041937 
8935 	 169.226494 	 169.270762 	 35036.049876 	 1891860119.633996 
8936 	 227.736531 	 227.736531 	 53047.036862 	 3062050434.856143 
8937 	 228.613180 	 228.613180 	 54871.751202 	 3481014008.947217 
8938 	 203.152952 	 203.152952 	 44269.836778 	 2395997236.448437 
8939 	 187.554078 	 187.554078 	 38818.381144 	 2047910150.905165 
8940 	 184.746623 	 184.778468 	 39039.117407 	 2012785334.750849 
8941 	 151.083998 	 151.083998 	 25579.439894 	 915713433.293335 
8942 	 232.663571 	 232.663571 	 55802.221430 	 3483598381.208660 
8943 	 51.766754 	 169.519454 	 37848.834526 	 2457147937.293384 
8944 	 -200.263845 	 200.263845 	 42955.934992 	 2277994123.815439 
8945 	 -181.984863 	 181.984863 	 36805.738457 	 1840008086.012073 
8946 	 -179.423263 	 179.423263 	 33686.857830 	 1326327933.641741 
8947 	 -81.834899 	 92.800631 	 13152.489713 	 431196602.048096 
8948 	 1.784634 	 29.205411 	 1540.309720 	 11937976.379918 
8949 	 98.869401 	 106.070758 	 16054.352682 	 539451848.071309 
8950 	 88.099293 	 109.638536 	 18522.397516 	 819711430.893423 
8951 	 203.281705 	 203.281705 	 43953.671615 	 2314142815.127343 
8952 	 206.371978 	 206.371978 	 45941.930239 	 2647144783.133877 
8953 	 227.311544 	 227.311544 	 54986.231974 	 3672873589.837407 
8954 	 246.261083 	 246.261083 	 62563.832611 	 4343627522.410208 
8955 	 -0.964886 	 107.146167 	 15348.594097 	 436596170.491453 
8956 	 -151.198113 	 151.198113 	 24525.786730 	 747423769.786125 
8957 	 -232.798295 	 232.798295 	 55403.196311 	 3342286066.452960 
8958 	 -258.140641 	 258.140641 	 67619.908631 	 4834978692.482733 
8959 	 -180.256330 	 180.256330 	 34292.380295 	 1418121516.908746 
8960 	 3.511413 	 153.590572 	 27812.388213 	 1147934840.662558 
8961 	 216.053517 	 216.053517 	 48626.706629 	 2673514570.842690 
8962 	 139.237894 	 140.262225 	 25424.128957 	 1105745973.811630 
8963 	 171.936164 	 171.936164 	 32317.678329 	 1410609665.223219 
8964 	 -104.378292 	 143.647532 	 24723.991603 	 995656284.494006 
8965 	 -194.214772 	 194.214772 	 40259.758320 	 2001930062.289256 
8966 	 -109.152831 	 117.219257 	 18932.551205 	 792845224.649307 
8967 	 -151.762013 	 151.762013 	 26425.944329 	 957346456.448544 
8968 	 -177.731781 	 177.731781 	 34100.289455 	 1596743735.621913 
8969 	 -90.224978 	 95.219852 	 11909.170455 	 275474034.955081 
8970 	 -93.095614 	 99.632204 	 12344.594890 	 246198130.195539 
8971 	 -146.151942 	 146.151942 	 24783.181855 	 895764360.904475 
8972 	 -137.807638 	 141.691109 	 28684.063801 	 1508523025.092202 
8973 	 23.542298 	 40.331024 	 2452.693467 	 15961247.093745 
8974 	 105.592817 	 109.200832 	 14719.510040 	 338610614.117098 
8975 	 204.970031 	 204.970031 	 46938.881631 	 2976417626.949914 
8976 	 203.920676 	 203.920676 	 44289.440117 	 2393001630.600878 
8977 	 190.941972 	 190.941972 	 39366.644944 	 1908973978.972135 
8978 	 178.631204 	 178.631204 	 34129.327859 	 1475369959.259333 
8979 	 208.992973 	 208.992973 	 45466.787275 	 2333271510.042542 
8980 	 203.163648 	 203.163648 	 43691.110716 	 2342162050.054737 
8981 	 219.553513 	 219.553513 	 50139.616648 	 2872383714.260536 
8982 	 153.830100 	 157.531771 	 29695.613903 	 1399246174.115705 
8983 	 -179.685197 	 179.685197 	 34994.196660 	 1631173050.654458 
8984 	 -201.828491 	 201.828491 	 42287.697583 	 2029400901.993377 
8985 	 -187.095758 	 187.095758 	 37663.061605 	 1796178971.183738 
8986 	 155.060609 	 172.595950 	 36927.539609 	 1981725644.004939 
8987 	 215.003228 	 215.003228 	 47883.811005 	 2595276912.786643 
8988 	 239.534678 	 239.534678 	 58860.072001 	 3804652244.100487 
8989 	 186.344281 	 186.344281 	 36205.062301 	 1496426048.248256 
8990 	 180.159766 	 180.159766 	 34532.242367 	 1485273474.199092 
8991 	 74.020968 	 82.197959 	 9860.723097 	 243326855.737031 
8992 	 -94.164978 	 111.104136 	 17213.418174 	 634237954.439519 
8993 	 -216.071283 	 216.071283 	 48904.263397 	 2793290574.095285 
8994 	 -211.573216 	 211.573216 	 46056.630291 	 2347513240.390548 
8995 	 -194.810571 	 194.810571 	 41812.718352 	 2341058587.865082 
8996 	 41.201768 	 90.365881 	 15330.104328 	 716148406.149492 
8997 	 152.601033 	 153.494062 	 30475.882345 	 1539465320.427085 
8998 	 117.359021 	 117.359021 	 14873.661850 	 279742736.339978 
8999 	 22.158451 	 69.443750 	 6983.496588 	 104913732.109296 
9000 	 -234.727955 	 234.727955 	 56813.915752 	 3598034140.184711 

%ACCRATE = 0.895262
