%%%%%%%%%%%%%%%%%%%%%%%%%%%%%%%%%%%%%%%%%%%%%%%%%%%%%%%%%%%%%%%%%%%%%%%%%%%
%SIMULAZIONE D = 3, L = 8, V = 512
%NUMERO DI MISURE PER OGNI naccu: T = 1000
%%%%%%%%%%%%%%%%%%%%%%%%%%%%%%%%%%%%%%%%%%%%%%%%%%%%%%%%%%%%%%%%%%%%%%%%%%%
%naccu = 1024
%%%%%%%%%%%%%%%%%%%%%%%%%%%%%%%%%%%%%%%%%%%%%%%%%%%%%%%%%%%%%%%%%%%%%%%%%%%

%%%%%%%%%%%%%%%%%%%%%%%%%%%%%%%%%%%%%%%%%%%%%%%%%%%%%%%%%%%%%%%%%%%%%%%%%%%

10001 	 -180.210175 	 183.598671 	 38693.292853 	 2033860701.385118 
10002 	 -191.639281 	 191.639281 	 39345.486273 	 1933154310.727818 
10003 	 -180.993056 	 180.993056 	 35971.027157 	 1710463935.950898 
10004 	 -133.364562 	 141.178504 	 26224.063888 	 1189228095.881707 
10005 	 89.277129 	 154.025802 	 28629.345969 	 1267133680.753596 
10006 	 99.256005 	 188.822739 	 41026.422537 	 2307601388.811314 
10007 	 161.783057 	 162.450903 	 32072.431193 	 1597251216.395366 
10008 	 170.476745 	 181.221124 	 38097.449183 	 1972062519.081064 
10009 	 130.121560 	 130.595568 	 23297.952938 	 1137080923.255248 
10010 	 85.402970 	 189.044178 	 41757.289378 	 2513704944.436331 
10011 	 -43.421811 	 142.651948 	 29359.237624 	 1556822273.737764 
10012 	 -19.977757 	 113.422211 	 19086.095189 	 752692897.827162 
10013 	 186.326831 	 186.326831 	 38337.217936 	 1987037775.406808 
10014 	 -118.131924 	 201.208565 	 45413.519795 	 2638204775.404089 
10015 	 -184.029449 	 187.109698 	 40151.478316 	 2197924600.551825 
10016 	 -170.314083 	 178.269349 	 36694.500021 	 1856446412.893498 
10017 	 -210.001379 	 210.001379 	 46885.974433 	 2652151553.207454 
10018 	 129.322268 	 158.211653 	 31175.239662 	 1586600674.989442 
10019 	 141.811218 	 173.107361 	 36420.507260 	 1996403479.814821 
10020 	 -155.984131 	 186.338905 	 38577.944377 	 1967436663.273898 
10021 	 101.549366 	 189.918016 	 41402.555056 	 2367870969.306258 
10022 	 94.024277 	 167.526043 	 32300.302043 	 1492529336.382385 
10023 	 176.788687 	 195.486533 	 42317.361555 	 2407818991.623197 
10024 	 180.948382 	 207.808605 	 49062.457079 	 3187906968.817251 
10025 	 88.256041 	 155.453820 	 31042.771725 	 1738013852.489039 
10026 	 50.044233 	 172.449142 	 35258.343110 	 1836007770.494899 
10027 	 198.631940 	 198.665750 	 43393.957377 	 2432841132.791345 
10028 	 152.220946 	 152.246425 	 26792.226470 	 1098796155.886322 
10029 	 140.763062 	 156.537443 	 32405.047930 	 1890054250.728692 
10030 	 185.547811 	 190.346553 	 43627.114909 	 2733898339.751538 
10031 	 232.743377 	 232.743377 	 56456.819699 	 3641798042.167932 
10032 	 174.683812 	 174.693526 	 34680.112527 	 1689556445.793448 
10033 	 -83.567286 	 158.683333 	 30542.448044 	 1450237574.216640 
10034 	 -51.335561 	 177.576242 	 35872.572036 	 1732867851.344279 
10035 	 129.956051 	 139.787751 	 25862.021215 	 1181511168.343358 
10036 	 193.116762 	 193.116762 	 42136.770072 	 2394888613.125257 
10037 	 201.284733 	 201.284733 	 43979.299698 	 2477154332.418704 
10038 	 164.839143 	 165.006047 	 33092.076362 	 1689209004.573927 
10039 	 -207.399066 	 217.901130 	 52211.822742 	 3409249268.576078 
10040 	 -109.959783 	 145.498283 	 28009.577323 	 1410791162.542998 
10041 	 179.152257 	 191.126532 	 41131.611079 	 2319062791.215311 
10042 	 180.347771 	 183.278665 	 38238.539337 	 2009170474.900058 
10043 	 24.257195 	 126.974113 	 21973.995518 	 909462760.357823 
10044 	 52.734747 	 130.626167 	 21964.103742 	 858487035.595727 
10045 	 86.758851 	 164.699187 	 32890.252831 	 1665596169.958099 
10046 	 145.725116 	 151.746803 	 29541.757906 	 1576207829.754869 
10047 	 -103.283740 	 141.061534 	 26512.359182 	 1268677915.790193 
10048 	 86.153754 	 205.617809 	 45236.477434 	 2487722519.438508 
10049 	 10.471625 	 192.636276 	 40695.670255 	 2128052772.600443 
10050 	 172.365258 	 191.732772 	 41731.174987 	 2368310004.431694 
10051 	 -61.363933 	 184.302894 	 40010.576466 	 2220611830.391614 
10052 	 -198.477641 	 198.477641 	 41979.728527 	 2123756789.613924 
10053 	 -179.201885 	 181.367024 	 38775.628793 	 2142317259.298812 
10054 	 -223.601050 	 223.601050 	 52479.700720 	 3218235516.366704 
10055 	 -200.632475 	 200.632475 	 43641.315942 	 2365712347.931148 
10056 	 -136.574024 	 172.066274 	 35034.254606 	 1784525330.828597 
10057 	 153.809584 	 193.286256 	 42122.443279 	 2366640985.693618 
10058 	 -145.385009 	 170.142665 	 31918.356938 	 1336604153.621077 
10059 	 -139.139764 	 152.443324 	 28355.947601 	 1244192022.210125 
10060 	 169.884358 	 174.254797 	 35198.109267 	 1777022059.371479 
10061 	 -141.612144 	 164.070232 	 33270.955540 	 1682968299.497506 
10062 	 -23.733302 	 81.179358 	 11337.535369 	 434907615.290126 
10063 	 76.547018 	 185.446852 	 39953.337995 	 2281539115.443548 
10064 	 -137.739843 	 155.396396 	 28399.252160 	 1173252649.446339 
10065 	 19.409585 	 157.102483 	 29439.306153 	 1306407512.029037 
10066 	 154.860371 	 176.725611 	 36193.129924 	 1837413225.443929 
10067 	 -170.728894 	 179.992413 	 40439.785128 	 2489655475.588477 
10068 	 -232.656886 	 232.656886 	 56110.493098 	 3565621862.843761 
10069 	 -82.891992 	 162.367638 	 31401.082262 	 1560229645.029279 
10070 	 47.368324 	 127.379902 	 23162.498952 	 1020149864.030454 
10071 	 -215.298635 	 215.298635 	 49194.692758 	 2898539511.229852 
10072 	 24.935818 	 150.262483 	 27259.673923 	 1145620741.174684 
10073 	 -27.426755 	 149.440396 	 29897.345482 	 1612172524.200883 
10074 	 166.922779 	 169.332120 	 32936.530046 	 1498745516.886065 
10075 	 83.664852 	 154.601039 	 29713.503618 	 1512736618.702108 
10076 	 164.855392 	 169.255263 	 34396.703866 	 1754975402.275578 
10077 	 109.455206 	 154.640667 	 29546.302434 	 1440687099.332008 
10078 	 -9.527604 	 148.253773 	 28844.886120 	 1517042716.200569 
10079 	 -201.101864 	 201.101864 	 43552.626387 	 2308915282.851183 
10080 	 -87.076054 	 161.224862 	 30996.401510 	 1387628157.169186 
10081 	 181.523377 	 181.567964 	 37644.764126 	 1997991769.067231 
10082 	 -90.162034 	 126.869009 	 23060.256546 	 1076574725.595351 
10083 	 -48.181943 	 107.076961 	 16259.957245 	 604855567.201338 
10084 	 -190.340410 	 193.433939 	 41929.436234 	 2311804363.666113 
10085 	 187.259854 	 193.728183 	 42945.905551 	 2507008140.681524 
10086 	 217.769299 	 217.769299 	 49739.281601 	 2910067278.964036 
10087 	 141.051995 	 147.608914 	 28992.493825 	 1465469189.105084 
10088 	 11.013066 	 181.844750 	 37817.271953 	 1923591857.455315 
10089 	 -157.019040 	 159.708012 	 30884.920325 	 1400204201.315509 
10090 	 -167.856932 	 167.862338 	 32335.094369 	 1537858954.414863 
10091 	 70.542990 	 175.313883 	 35865.068045 	 1820167488.599913 
10092 	 43.347986 	 165.992501 	 33340.280943 	 1699245772.012200 
10093 	 211.971114 	 211.971114 	 48710.686757 	 2988066449.094059 
10094 	 -118.144079 	 174.894376 	 35225.953632 	 1788144038.138396 
10095 	 -145.782928 	 157.727446 	 30492.703294 	 1483788144.931370 
10096 	 -186.309709 	 186.309709 	 38068.123550 	 1915337760.873098 
10097 	 211.976782 	 213.117882 	 49096.293297 	 2945191770.129323 
10098 	 157.377935 	 176.872406 	 38052.366813 	 2183892531.224399 
10099 	 15.461303 	 134.768783 	 24163.858995 	 1125536975.458557 
10100 	 -187.992859 	 187.992859 	 37990.122660 	 1827762820.642609 
10101 	 -180.896955 	 181.198594 	 37364.769068 	 1888741873.986542 
10102 	 -47.443927 	 167.814134 	 34391.247997 	 1886341615.608705 
10103 	 164.399809 	 169.390704 	 34262.380525 	 1795767203.173125 
10104 	 225.629475 	 225.629475 	 52733.665414 	 3149842105.474142 
10105 	 14.887928 	 152.139299 	 30016.303386 	 1573209609.236097 
10106 	 41.973178 	 165.279826 	 34952.126130 	 1904910761.879226 
10107 	 -114.173325 	 164.533632 	 34067.371777 	 1840985438.585566 
10108 	 -150.928974 	 164.485202 	 32353.681209 	 1635087022.709727 
10109 	 74.510737 	 124.610607 	 22359.978983 	 1019672150.910849 
10110 	 34.260063 	 174.300967 	 36187.289756 	 1956582009.202720 
10111 	 -199.917954 	 199.917954 	 43451.052129 	 2368908172.525074 
10112 	 -118.816687 	 142.167347 	 26616.945338 	 1318265778.407752 
10113 	 -175.110263 	 175.348970 	 36969.327205 	 1994311510.284825 
10114 	 -90.124692 	 150.386546 	 29558.583161 	 1474667098.867900 
10115 	 -219.077239 	 219.077239 	 51108.072929 	 3164812582.732323 
10116 	 -47.517370 	 168.329436 	 34770.030298 	 1984670654.375465 
10117 	 -83.596540 	 173.789857 	 36726.982922 	 2097560393.892112 
10118 	 124.895906 	 138.824204 	 22975.505948 	 813555936.018327 
10119 	 -170.694947 	 179.407444 	 36485.296940 	 1797583566.324446 
10120 	 -149.122284 	 151.911962 	 28545.152071 	 1278246180.408690 
10121 	 -116.930467 	 201.807925 	 45269.814865 	 2635769795.004136 
10122 	 141.036561 	 176.227365 	 36937.584613 	 1982391244.393923 
10123 	 -216.765475 	 216.765475 	 49489.351732 	 2826534068.580724 
10124 	 -197.466240 	 197.493837 	 43641.978923 	 2471943280.252600 
10125 	 -144.696376 	 164.487004 	 32349.248622 	 1538208072.188576 
10126 	 123.264860 	 161.336773 	 30552.304529 	 1412227515.342783 
10127 	 145.608729 	 150.945417 	 29382.876979 	 1492528944.191270 
10128 	 158.275102 	 168.638316 	 33217.426655 	 1590933381.098619 
10129 	 104.101980 	 145.957767 	 28875.575446 	 1446967413.222315 
10130 	 124.793122 	 180.485222 	 39102.763161 	 2333885810.426080 
10131 	 208.207082 	 208.376547 	 47927.568247 	 2887874277.926013 
10132 	 -120.490189 	 153.415454 	 28945.519680 	 1340612735.924473 
10133 	 -83.563930 	 139.120925 	 25070.239618 	 1090989940.595564 
10134 	 198.077852 	 198.077852 	 42890.522631 	 2323367289.978268 
10135 	 156.474554 	 172.742328 	 36990.173866 	 2087643789.190150 
10136 	 -69.683950 	 161.478766 	 31891.110226 	 1661531325.513129 
10137 	 -190.767667 	 190.890047 	 41685.859125 	 2332308293.992134 
10138 	 -217.561135 	 217.684666 	 51601.739451 	 3334495197.496178 
10139 	 -195.422042 	 195.429314 	 44034.406882 	 2700835059.983641 
10140 	 183.897590 	 186.273991 	 39599.750986 	 2132671840.353612 
10141 	 161.148332 	 197.093513 	 43335.704828 	 2497051341.241899 
10142 	 -161.763639 	 161.880389 	 30436.492210 	 1358657953.436750 
10143 	 -186.056167 	 186.071833 	 38370.562808 	 1979422510.729914 
10144 	 -167.751041 	 170.704895 	 35456.530257 	 1936359025.161434 
10145 	 -151.290472 	 162.874768 	 33039.218758 	 1744802867.991989 
10146 	 185.268642 	 185.370777 	 40129.853531 	 2293007889.706800 
10147 	 132.788060 	 139.295151 	 27403.815350 	 1409268798.404695 
10148 	 182.961522 	 184.639185 	 39255.329861 	 2097040593.570648 
10149 	 204.758123 	 204.758123 	 44772.857464 	 2434159985.214051 
10150 	 -80.473089 	 165.241411 	 33590.495672 	 1835474866.215984 
10151 	 -15.347188 	 151.554489 	 30738.755918 	 1776136244.096555 
10152 	 103.962696 	 158.007880 	 30036.175153 	 1406925669.371162 
10153 	 -198.062060 	 198.149770 	 42591.044993 	 2296381613.073371 
10154 	 119.073126 	 178.724866 	 37637.695784 	 2022803375.447192 
10155 	 206.320752 	 206.320752 	 45415.369251 	 2526142587.525813 
10156 	 -4.569544 	 162.777164 	 32944.348648 	 1769552389.220475 
10157 	 -148.126225 	 187.502193 	 42162.441418 	 2585196114.946563 
10158 	 64.964993 	 137.966739 	 25777.946435 	 1259427729.032368 
10159 	 -180.780777 	 181.124734 	 38821.217260 	 2210507227.786667 
10160 	 96.999927 	 166.112404 	 33130.713005 	 1731229644.863106 
10161 	 193.710960 	 193.710960 	 41018.631219 	 2180240291.245858 
10162 	 169.736024 	 172.445846 	 36289.053708 	 2128236235.814141 
10163 	 57.594237 	 160.501152 	 29776.441363 	 1255207771.755745 
10164 	 -200.644324 	 200.700099 	 43545.386821 	 2432295204.515221 
10165 	 -179.268157 	 180.733295 	 36903.026023 	 1848836578.136491 
10166 	 -158.502349 	 158.502349 	 30661.977329 	 1483273127.272798 
10167 	 -162.293157 	 165.753897 	 35409.608662 	 2119595018.774719 
10168 	 -117.548789 	 175.670949 	 36551.402227 	 1899214595.697389 
10169 	 110.638644 	 172.362263 	 35666.460176 	 1914107569.720745 
10170 	 -202.353480 	 202.435607 	 44069.013538 	 2364830512.279388 
10171 	 -152.459702 	 153.557242 	 27449.693861 	 1118979672.340274 
10172 	 -39.578817 	 142.402081 	 26524.379504 	 1188756823.130758 
10173 	 184.669425 	 185.249045 	 38345.558763 	 1877177154.924556 
10174 	 151.306711 	 177.866663 	 39270.322103 	 2381106364.738315 
10175 	 -59.029826 	 157.250609 	 29767.343527 	 1434374656.302478 
10176 	 182.073313 	 182.073313 	 36984.132630 	 1810472783.894098 
10177 	 179.639056 	 182.968583 	 40528.393286 	 2389870841.188070 
10178 	 -81.863969 	 132.789046 	 23879.295534 	 1121276684.294438 
10179 	 -213.002595 	 213.002595 	 48008.784661 	 2748867129.718222 
10180 	 3.225924 	 160.488424 	 30242.604453 	 1358898637.285597 
10181 	 202.054640 	 202.054640 	 45508.721853 	 2700940170.349969 
10182 	 154.758958 	 155.456300 	 29441.021633 	 1371076911.910946 
10183 	 88.789121 	 174.381002 	 35848.228961 	 1906080641.657865 
10184 	 -99.267752 	 147.251254 	 28849.914035 	 1497746171.127746 
10185 	 -192.885857 	 194.547345 	 41539.830066 	 2161449099.430430 
10186 	 -184.135310 	 184.783897 	 41067.935966 	 2451780268.832729 
10187 	 -104.605668 	 203.931752 	 45433.382496 	 2549071132.498602 
10188 	 194.634112 	 196.785218 	 44363.681719 	 2660261277.596954 
10189 	 132.204753 	 137.413413 	 26544.630959 	 1398895220.080965 
10190 	 91.266045 	 148.757750 	 26766.564468 	 1129421953.247399 
10191 	 -210.263299 	 210.263299 	 47858.568254 	 2876903128.546839 
10192 	 -95.046043 	 152.946070 	 31320.239704 	 1660271061.011630 
10193 	 121.454816 	 147.693592 	 29217.854295 	 1581050402.798836 
10194 	 73.728451 	 142.325435 	 27559.146641 	 1334582344.763624 
10195 	 -29.725592 	 169.180757 	 32331.076513 	 1420314309.090184 
10196 	 -0.421356 	 151.121673 	 30069.752795 	 1584775763.581431 
10197 	 178.366121 	 187.137566 	 40265.173511 	 2201531178.575140 
10198 	 148.790008 	 185.252205 	 38722.882939 	 1991623060.152353 
10199 	 5.607794 	 181.759663 	 37821.325819 	 2006338002.425023 
10200 	 103.586057 	 171.245016 	 35574.835533 	 1979565820.476777 
10201 	 118.533511 	 199.587580 	 44639.107490 	 2637445608.022736 
10202 	 -181.310710 	 189.037565 	 40832.084856 	 2307687464.274753 
10203 	 -144.874279 	 150.530419 	 28580.598085 	 1391520502.034501 
10204 	 -223.981275 	 223.981275 	 51965.068599 	 3070541945.048391 
10205 	 -188.892208 	 190.262778 	 41081.328190 	 2230835618.348284 
10206 	 -162.178940 	 183.548106 	 38553.569285 	 2014665462.984644 
10207 	 201.170468 	 201.170468 	 44818.421316 	 2664653369.173806 
10208 	 -43.046529 	 150.390698 	 27622.285780 	 1244770942.881485 
10209 	 -178.273862 	 178.411082 	 36905.418504 	 1986760106.979904 
10210 	 -177.364923 	 177.608263 	 36297.182026 	 1821882093.030519 
10211 	 25.511822 	 167.992030 	 35207.298794 	 1981642432.259973 
10212 	 -93.059365 	 161.734568 	 31398.723354 	 1593789118.482050 
10213 	 136.274556 	 173.335161 	 35588.408407 	 1849377349.604314 
10214 	 179.003782 	 179.003782 	 34953.184066 	 1572890442.146780 
10215 	 -145.095674 	 159.402138 	 32834.960512 	 1668799671.059849 
10216 	 -2.967979 	 166.816425 	 33670.515644 	 1770083261.660066 
10217 	 198.491017 	 198.491017 	 42965.135480 	 2369083733.832271 
10218 	 144.860852 	 151.035886 	 29698.661628 	 1477656092.038168 
10219 	 49.219547 	 182.198352 	 37089.630266 	 1838359019.498287 
10220 	 -85.620219 	 169.496133 	 33947.404552 	 1682878817.127629 
10221 	 -5.230754 	 138.891886 	 23785.596623 	 906468284.122384 
10222 	 -182.814389 	 182.814389 	 38107.706555 	 2067530657.430210 
10223 	 130.167317 	 183.875760 	 38528.109197 	 1995588160.734667 
10224 	 -88.084074 	 204.415508 	 45244.685143 	 2563295629.221804 
10225 	 199.149249 	 199.964379 	 45490.063307 	 2767441088.683029 
10226 	 -76.907826 	 177.996916 	 38135.894705 	 2123855789.912250 
10227 	 145.937336 	 166.017162 	 34334.081054 	 1845700497.337445 
10228 	 193.995034 	 194.937704 	 44581.105125 	 2689895299.348876 
10229 	 206.361448 	 206.396198 	 45782.472168 	 2510704910.113398 
10230 	 -34.757142 	 166.551068 	 35279.366958 	 2004053237.340323 
10231 	 -14.484320 	 114.979747 	 20600.254150 	 1002667069.112742 
10232 	 155.743924 	 176.239857 	 36206.968062 	 1814901966.437794 
10233 	 -151.514427 	 157.146574 	 31681.874713 	 1682929846.675471 
10234 	 193.124938 	 205.381500 	 47174.935692 	 2900930031.458291 
10235 	 -161.318739 	 169.837850 	 33182.608021 	 1507272419.373314 
10236 	 -212.894367 	 214.413536 	 49313.841241 	 2947048609.708561 
10237 	 76.673524 	 180.216573 	 36135.789319 	 1768900835.902323 
10238 	 -221.476700 	 221.476700 	 52282.078444 	 3258953818.724077 
10239 	 -150.593533 	 154.597752 	 30971.077044 	 1561483669.015221 
10240 	 146.044966 	 177.794024 	 36608.711290 	 1874643983.048528 
10241 	 80.899103 	 140.041258 	 25990.025991 	 1185660564.702586 
10242 	 -204.397586 	 204.397586 	 45180.760509 	 2565897439.436923 
10243 	 -196.255251 	 196.255251 	 40921.984440 	 2016439638.391709 
10244 	 84.227734 	 131.170154 	 22721.904733 	 984641093.338429 
10245 	 69.018302 	 122.770904 	 22880.574110 	 1194355745.793989 
10246 	 45.337195 	 158.230665 	 30350.788328 	 1422975464.807313 
10247 	 -160.887982 	 160.923663 	 30254.224326 	 1350196447.471786 
10248 	 -14.648211 	 177.197371 	 36677.988292 	 1938310101.509255 
10249 	 -127.021181 	 174.628232 	 36180.623941 	 1829436337.833355 
10250 	 -190.066444 	 190.337522 	 39916.508834 	 2005079675.690656 
10251 	 134.251961 	 192.296790 	 40856.884864 	 2126579275.746306 
10252 	 171.735593 	 171.735593 	 32934.133480 	 1471261378.438600 
10253 	 11.179784 	 178.796947 	 36140.979506 	 1784911231.893198 
10254 	 -139.887790 	 165.375585 	 36581.062666 	 2280038975.390650 
10255 	 -118.825519 	 131.321517 	 26072.568907 	 1425946519.794281 
10256 	 -200.192035 	 204.170895 	 49179.788283 	 3373151277.312227 
10257 	 168.216160 	 168.647631 	 33807.712162 	 1719832964.563248 
10258 	 2.801784 	 169.952609 	 34426.533364 	 1782156610.309573 
10259 	 204.658223 	 204.658223 	 43984.692947 	 2276879138.194438 
10260 	 -25.411729 	 157.731818 	 31429.784786 	 1625922212.579688 
10261 	 -192.441680 	 192.441680 	 40717.524568 	 2183712340.380406 
10262 	 -150.859232 	 155.608420 	 29627.625380 	 1456343631.050960 
10263 	 47.565668 	 133.884256 	 26856.497213 	 1488881397.837049 
10264 	 64.700537 	 165.232772 	 32398.083164 	 1574934537.512245 
10265 	 199.480892 	 199.480892 	 43710.183933 	 2481581988.574200 
10266 	 -52.347735 	 145.870894 	 27364.172543 	 1213305166.061926 
10267 	 -50.910754 	 163.949058 	 32244.314851 	 1512054800.394963 
10268 	 171.535472 	 173.265441 	 34719.545719 	 1655842164.056494 
10269 	 -67.227428 	 169.862287 	 33152.737719 	 1616654376.044722 
10270 	 -83.691935 	 172.823922 	 38580.464356 	 2317168547.066707 
10271 	 186.828613 	 186.828613 	 39301.523269 	 2049044539.744115 
10272 	 217.660181 	 217.687554 	 50868.562177 	 3153596689.563661 
10273 	 68.757692 	 165.400482 	 33964.382414 	 1805597082.129311 
10274 	 -128.494110 	 147.537361 	 28086.274787 	 1311330123.810927 
10275 	 -58.998578 	 129.425708 	 23033.944143 	 996156061.564126 
10276 	 127.304910 	 158.514707 	 32164.323220 	 1693771884.223469 
10277 	 -101.023856 	 122.618991 	 20907.514812 	 838339685.689585 
10278 	 -188.436691 	 189.054350 	 38943.050515 	 1882669865.022936 
10279 	 -209.022631 	 209.022631 	 45887.160806 	 2476879825.996312 
10280 	 18.063553 	 168.595131 	 31745.087169 	 1342297986.319015 
10281 	 220.430786 	 220.430786 	 51366.494160 	 3163131726.502020 
10282 	 -5.326890 	 169.774398 	 33279.162214 	 1558110666.115416 
10283 	 156.268504 	 169.605434 	 33669.425099 	 1680400583.335701 
10284 	 204.808488 	 204.808488 	 46023.736786 	 2824793390.304634 
10285 	 107.966504 	 141.796287 	 27339.673538 	 1398339844.678035 
10286 	 -6.486593 	 192.906930 	 42885.931755 	 2474835686.526779 
10287 	 -234.201159 	 234.201159 	 56835.898146 	 3648433272.632116 
10288 	 -95.036908 	 132.758467 	 24476.194653 	 1118338885.893023 
10289 	 -182.051009 	 183.061680 	 38495.160891 	 2081992119.879761 
10290 	 53.035730 	 123.398451 	 21819.830152 	 966638733.830842 
10291 	 32.574582 	 179.092619 	 36780.873701 	 1875807069.702732 
10292 	 -182.963130 	 182.963130 	 38895.531682 	 2189123778.517547 
10293 	 -161.186925 	 161.186925 	 29183.158006 	 1199844036.859260 
10294 	 -86.370297 	 151.501978 	 28965.125666 	 1348881393.689381 
10295 	 -146.878900 	 156.832455 	 32025.567370 	 1646613938.314892 
10296 	 -60.957539 	 159.622678 	 32140.268225 	 1789600653.754401 
10297 	 187.030357 	 187.407821 	 39348.712991 	 2096718084.200050 
10298 	 -19.892756 	 203.434800 	 45250.249286 	 2558299827.326157 
10299 	 74.574137 	 152.555202 	 29902.974779 	 1448704727.611218 
10300 	 -31.540553 	 164.883154 	 32715.728492 	 1572369590.398310 
10301 	 222.271807 	 222.271807 	 51897.926095 	 3117054102.989568 
10302 	 -52.212260 	 143.850169 	 26832.723548 	 1297975472.810976 
10303 	 -173.542712 	 173.542712 	 33977.216663 	 1590263042.845410 
10304 	 -58.156341 	 150.576991 	 27662.264565 	 1212767805.857666 
10305 	 68.042229 	 159.593721 	 32232.169768 	 1746734066.826265 
10306 	 160.276585 	 160.917960 	 30959.030865 	 1462225872.415582 
10307 	 185.720126 	 186.325253 	 39863.021655 	 2273673347.782377 
10308 	 127.608021 	 150.330318 	 27823.605639 	 1218190135.192975 
10309 	 107.100201 	 130.992636 	 25761.894634 	 1421200537.091361 
10310 	 -182.438946 	 182.530795 	 38745.640830 	 2211170090.025106 
10311 	 -215.180078 	 215.180078 	 48513.862502 	 2731644776.764626 
10312 	 -42.553899 	 184.118062 	 38354.998599 	 1995107116.523957 
10313 	 -28.150586 	 201.119822 	 43698.522129 	 2300885656.822250 
10314 	 -175.147325 	 176.351041 	 36095.661562 	 1839174720.860941 
10315 	 -14.137218 	 148.633692 	 28277.897760 	 1407799603.519918 
10316 	 -54.263512 	 125.325044 	 21441.868405 	 892313220.116036 
10317 	 190.853510 	 190.853510 	 40115.312134 	 2069707492.707704 
10318 	 -42.370450 	 142.713047 	 26751.508037 	 1308204124.317059 
10319 	 -144.128595 	 173.824354 	 36636.772373 	 1941968872.817511 
10320 	 -198.537676 	 199.229056 	 44740.843354 	 2618002707.768891 
10321 	 138.989189 	 161.057945 	 30848.712625 	 1443548574.391026 
10322 	 163.367271 	 169.939717 	 34350.994624 	 1749445972.428448 
10323 	 140.267209 	 167.314289 	 34155.198048 	 1830326614.531413 
10324 	 133.823751 	 148.032772 	 28721.336380 	 1422093385.698652 
10325 	 217.611794 	 217.623311 	 50422.008684 	 3021283960.551079 
10326 	 122.441751 	 150.176012 	 27896.084116 	 1296577035.000552 
10327 	 146.229475 	 212.898021 	 50545.663206 	 3304575737.276365 
10328 	 -32.237332 	 137.935743 	 24924.540400 	 1096260127.638654 
10329 	 204.450419 	 204.556297 	 46082.914668 	 2733185030.167873 
10330 	 61.162544 	 184.945891 	 40828.945732 	 2459724184.975411 
10331 	 -195.213198 	 206.429728 	 46388.873201 	 2692679071.463834 
10332 	 -80.797693 	 183.731354 	 37291.736256 	 1882196846.051716 
10333 	 -41.598414 	 194.284545 	 42256.569464 	 2353548056.931917 
10334 	 183.990989 	 184.483726 	 38338.333682 	 1936692902.006197 
10335 	 109.264199 	 180.992086 	 37391.025366 	 1971542601.234541 
10336 	 187.172392 	 187.190032 	 39053.697668 	 2037962386.310091 
10337 	 208.184992 	 209.197914 	 49333.330211 	 3140264707.632673 
10338 	 150.686575 	 153.705304 	 30191.465001 	 1486858899.104655 
10339 	 109.573421 	 186.924648 	 39250.556472 	 2054809427.482672 
10340 	 -186.770814 	 187.471318 	 39905.776130 	 2139042364.568749 
10341 	 -170.578465 	 183.353124 	 38907.259538 	 2110538867.387025 
10342 	 -214.390405 	 214.425985 	 50351.841483 	 3097698885.241758 
10343 	 152.624602 	 206.420004 	 46357.280184 	 2699160386.637953 
10344 	 195.723475 	 195.723475 	 41682.248283 	 2221978532.921822 
10345 	 94.619068 	 213.194246 	 48156.807726 	 2703300266.321209 
10346 	 -137.196461 	 177.917934 	 38680.862519 	 2230316257.587615 
10347 	 160.644067 	 161.305219 	 31073.974374 	 1439056624.547397 
10348 	 135.769807 	 162.383715 	 32631.696482 	 1630982050.248957 
10349 	 -202.449868 	 202.449868 	 42960.112422 	 2147266180.705425 
10350 	 130.413376 	 153.167110 	 28780.678291 	 1348657926.720493 
10351 	 147.915235 	 163.757211 	 33450.714324 	 1732261722.904370 
10352 	 104.826143 	 139.407308 	 26051.906483 	 1209451467.077384 
10353 	 82.325951 	 188.294517 	 40080.688997 	 2161134459.202948 
10354 	 -45.643688 	 183.457712 	 38719.630761 	 2088631028.013961 
10355 	 -68.082086 	 125.227192 	 20578.542648 	 797502600.499977 
10356 	 -82.939013 	 112.474650 	 17393.996861 	 601664922.463767 
10357 	 64.906123 	 172.996872 	 35059.071848 	 1781805269.925640 
10358 	 133.922093 	 159.244490 	 33262.276359 	 1913012991.382263 
10359 	 -2.466338 	 190.069136 	 42537.542080 	 2570820228.382404 
10360 	 -101.714808 	 180.405257 	 37647.989487 	 1939848185.668496 
10361 	 208.222324 	 208.222324 	 46636.039007 	 2703147044.968256 
10362 	 -84.913839 	 173.290033 	 36237.616510 	 1996208277.423105 
10363 	 3.196752 	 168.578488 	 34078.418539 	 1793501371.171971 
10364 	 -140.504578 	 153.491696 	 31426.363993 	 1722227359.696376 
10365 	 -163.700042 	 165.642213 	 34178.077884 	 1849992054.196039 
10366 	 5.994420 	 127.118157 	 22090.610120 	 963570176.911468 
10367 	 -142.032275 	 154.684059 	 30318.141917 	 1461726127.245242 
10368 	 107.396629 	 153.996820 	 30464.821407 	 1562731432.012807 
10369 	 -91.930268 	 150.635979 	 29167.529358 	 1454386961.549866 
10370 	 -201.761673 	 201.761673 	 42885.057760 	 2178264373.303046 
10371 	 -173.323900 	 180.852435 	 38765.119091 	 2078988340.068691 
10372 	 182.693455 	 184.363794 	 42557.253497 	 2661917698.364846 
10373 	 -130.292158 	 197.942637 	 42735.930004 	 2304643623.103755 
10374 	 -92.970785 	 191.439654 	 40149.004179 	 2006102527.827157 
10375 	 -46.658235 	 150.358594 	 28894.574373 	 1475789888.599705 
10376 	 -175.797730 	 175.872993 	 35069.074998 	 1713060268.661567 
10377 	 -160.017195 	 169.409640 	 34285.256461 	 1793294121.023030 
10378 	 -196.232152 	 196.250452 	 41733.732969 	 2172270287.423701 
10379 	 -204.266751 	 204.442054 	 44560.394194 	 2376850022.392889 
10380 	 19.836672 	 165.245751 	 33413.929707 	 1683146607.320468 
10381 	 42.211849 	 183.069953 	 41104.214762 	 2542212344.802356 
10382 	 -187.352691 	 187.637912 	 39063.945434 	 1958780246.025516 
10383 	 -182.687303 	 188.596116 	 41241.663764 	 2397561329.727486 
10384 	 110.954529 	 135.562376 	 24893.421392 	 1157900097.372748 
10385 	 106.274672 	 172.493634 	 36035.273580 	 1932463890.842005 
10386 	 -196.605895 	 197.322607 	 44591.670288 	 2831082905.860045 
10387 	 -91.440409 	 153.328907 	 29945.744124 	 1531637466.847301 
10388 	 132.362809 	 157.972610 	 29686.545520 	 1286229038.670804 
10389 	 169.336522 	 183.584758 	 38200.490025 	 2010644911.306196 
10390 	 61.966895 	 164.798794 	 31953.492783 	 1498966331.109120 
10391 	 140.805817 	 179.473617 	 37491.820432 	 1989193275.859658 
10392 	 219.013465 	 219.013465 	 50866.909024 	 3046888545.071153 
10393 	 187.619778 	 187.619778 	 39711.161255 	 2171096644.501344 
10394 	 172.586273 	 175.089322 	 37395.520171 	 2134002733.741061 
10395 	 211.411897 	 211.411897 	 47093.230719 	 2637048078.462182 
10396 	 -51.823467 	 180.389301 	 37882.970840 	 1994961895.818129 
10397 	 178.514172 	 178.541500 	 35612.969774 	 1656385871.656175 
10398 	 -24.358202 	 107.124014 	 16956.571080 	 686597057.546247 
10399 	 90.909248 	 172.125505 	 34326.139755 	 1676468210.239152 
10400 	 45.358299 	 173.761770 	 35440.294022 	 1718869001.915507 
10401 	 -180.095589 	 180.236148 	 38089.579083 	 2094440027.302980 
10402 	 -183.632634 	 183.632634 	 37550.105173 	 1892268715.048690 
10403 	 163.386137 	 182.320241 	 36963.328888 	 1827952075.057477 
10404 	 205.727066 	 205.727066 	 45146.995300 	 2510124858.696781 
10405 	 182.227300 	 184.794666 	 40257.872659 	 2359614517.753423 
10406 	 145.878241 	 157.595654 	 31274.897303 	 1707183872.456734 
10407 	 219.776672 	 219.776672 	 51404.907872 	 3155473380.370390 
10408 	 88.456387 	 184.895743 	 40144.052816 	 2363604958.855475 
10409 	 131.402451 	 161.544965 	 32422.452181 	 1644797386.323947 
10410 	 186.569368 	 186.569368 	 39646.742760 	 2218333364.679229 
10411 	 163.686378 	 166.954988 	 34524.254067 	 1864707484.891025 
10412 	 134.284549 	 136.951344 	 24092.427712 	 1024471099.181779 
10413 	 -48.266444 	 149.552460 	 26926.057198 	 1082236956.583419 
10414 	 -10.413610 	 166.349418 	 32755.924821 	 1582132397.575762 
10415 	 149.616225 	 152.421018 	 31083.776991 	 1740390414.017037 
10416 	 128.034759 	 203.491984 	 44811.620767 	 2432041787.443975 
10417 	 -190.906846 	 190.906846 	 40474.101590 	 2196163838.684096 
10418 	 -188.970679 	 191.632624 	 41433.555232 	 2277645596.986283 
10419 	 -154.883303 	 156.079499 	 28994.459444 	 1282243070.420954 
10420 	 153.577400 	 182.048411 	 38130.841906 	 2037707198.359898 
10421 	 133.746486 	 139.711081 	 25419.626110 	 1081052561.371279 
10422 	 188.865365 	 188.884072 	 38947.660067 	 1898247998.947376 
10423 	 161.047750 	 166.949858 	 32122.178983 	 1455909414.268218 
10424 	 -179.598243 	 180.571277 	 42025.804230 	 2722718258.762042 
10425 	 -75.991595 	 150.686723 	 28781.153535 	 1340566949.509897 
10426 	 20.574130 	 161.671172 	 30741.267143 	 1361841132.335403 
10427 	 24.452044 	 140.530152 	 26354.067958 	 1227547614.990854 
10428 	 227.800849 	 227.800849 	 54792.772894 	 3539498200.716188 
10429 	 196.196046 	 196.209741 	 41705.638762 	 2203697102.849598 
10430 	 201.459971 	 201.686196 	 44635.085065 	 2468907719.378029 
10431 	 -55.970701 	 175.533455 	 35419.546386 	 1735978175.518340 
10432 	 -34.990367 	 173.617140 	 36400.782551 	 2027994038.009408 
10433 	 188.494153 	 188.494153 	 37667.147793 	 1735127540.158602 
10434 	 84.210329 	 146.347747 	 28739.194905 	 1479087410.487987 
10435 	 -198.934115 	 198.934115 	 43281.750594 	 2357194974.290630 
10436 	 -207.695301 	 207.695301 	 46615.476585 	 2763715040.414404 
10437 	 -186.285231 	 186.288154 	 38122.473678 	 1864280969.757243 
10438 	 36.330963 	 166.639749 	 33293.122927 	 1715433007.602591 
10439 	 206.137674 	 206.153554 	 47033.469510 	 2782026605.957217 
10440 	 -66.130469 	 181.637111 	 38136.948102 	 1985350616.035781 
10441 	 -194.131739 	 194.131739 	 41378.942937 	 2241575504.026960 
10442 	 -140.878829 	 146.414763 	 28999.305861 	 1559973817.837721 
10443 	 -218.192599 	 218.192599 	 49609.200787 	 2817835297.580851 
10444 	 -195.830445 	 197.323051 	 43709.925919 	 2512606771.278444 
10445 	 -179.481234 	 179.481234 	 36110.732387 	 1768170260.949952 
10446 	 -115.336375 	 142.090500 	 27219.559442 	 1448627401.901835 
10447 	 -197.933583 	 197.933583 	 42946.901215 	 2411696036.861403 
10448 	 -149.804164 	 153.455926 	 28874.116893 	 1289395738.869435 
10449 	 186.012962 	 186.591035 	 39935.021075 	 2257320275.149305 
10450 	 -49.624768 	 194.671160 	 43048.827596 	 2465662127.814766 
10451 	 -24.146138 	 163.441566 	 32902.399728 	 1606448388.993429 
10452 	 203.507540 	 203.507540 	 44717.091260 	 2501188934.736946 
10453 	 68.354570 	 159.255024 	 29477.868156 	 1288387051.047147 
10454 	 88.999682 	 127.112063 	 23647.257732 	 1092106902.739415 
10455 	 -197.916734 	 202.733371 	 44346.127663 	 2394410125.189200 
10456 	 121.139112 	 134.767440 	 25449.236416 	 1287726772.898127 
10457 	 -207.643791 	 207.660986 	 46273.770989 	 2552398664.152131 
10458 	 -192.335305 	 192.335305 	 39974.887502 	 2000766196.949346 
10459 	 128.147173 	 178.524282 	 37026.377733 	 1932509592.675431 
10460 	 44.878058 	 152.500286 	 28068.762956 	 1209159097.578990 
10461 	 -219.001712 	 219.001712 	 50449.022565 	 2958401898.656558 
10462 	 -145.974121 	 151.780387 	 28699.978805 	 1309417389.338739 
10463 	 -226.728882 	 226.728882 	 53388.477976 	 3217850808.155583 
10464 	 -163.770926 	 191.269536 	 42162.483093 	 2455344466.431171 
10465 	 131.024389 	 139.862092 	 24291.279308 	 973158796.141323 
10466 	 -24.220653 	 131.505877 	 22693.746324 	 986848431.056574 
10467 	 5.684563 	 165.696154 	 33569.305138 	 1706712443.057989 
10468 	 -188.861448 	 190.376985 	 41531.149024 	 2331539344.196104 
10469 	 -83.164105 	 144.699777 	 27222.578847 	 1352261088.850905 
10470 	 53.703930 	 170.332669 	 33911.364759 	 1705713327.638715 
10471 	 -39.763248 	 150.901767 	 28569.468816 	 1360312396.278814 
10472 	 -90.718998 	 178.272549 	 37648.299803 	 1966554836.129205 
10473 	 219.654877 	 219.654877 	 51320.047259 	 3213639379.222890 
10474 	 18.184909 	 186.672263 	 41031.874571 	 2404115101.579751 
10475 	 153.360754 	 159.442440 	 32411.999487 	 1676488429.955521 
10476 	 169.372747 	 169.372747 	 32467.040504 	 1467187598.755708 
10477 	 19.334129 	 150.538814 	 28896.858058 	 1467210917.400442 
10478 	 182.175284 	 182.185454 	 38010.386646 	 2035572323.726605 
10479 	 145.559872 	 163.806589 	 33248.521495 	 1791273060.282168 
10480 	 116.789896 	 131.594064 	 24316.832503 	 1140813764.688577 
10481 	 178.567877 	 186.201705 	 40097.667872 	 2257462300.939581 
10482 	 155.642050 	 164.532810 	 31339.768807 	 1395976837.081089 
10483 	 -98.426226 	 165.755098 	 34305.844129 	 1818586717.659050 
10484 	 110.813261 	 154.360954 	 30479.726971 	 1563804649.680616 
10485 	 -62.851774 	 174.818707 	 36504.624128 	 2033536556.762357 
10486 	 55.347489 	 141.184678 	 25473.104381 	 1103700972.043355 
10487 	 41.198650 	 135.141912 	 24568.592647 	 1126570104.825943 
10488 	 142.115070 	 153.791080 	 28418.672679 	 1289828215.528741 
10489 	 225.752066 	 225.752066 	 53293.840686 	 3303371565.048266 
10490 	 194.247773 	 194.875111 	 43221.481420 	 2535582549.189809 
10491 	 183.457648 	 183.673972 	 40121.712954 	 2341116486.499139 
10492 	 192.688255 	 192.688255 	 40882.303300 	 2165864531.858892 
10493 	 -138.510605 	 156.158532 	 30285.809476 	 1444154661.698272 
10494 	 182.220394 	 186.061848 	 40995.361032 	 2389704101.006360 
10495 	 -70.781230 	 155.810316 	 30536.049255 	 1537310549.875060 
10496 	 129.564711 	 171.065030 	 35142.733937 	 1849467405.103841 
10497 	 10.203289 	 164.211628 	 33063.303813 	 1704535788.823606 
10498 	 -8.285609 	 122.382020 	 20482.973134 	 910673337.737076 
10499 	 -151.068260 	 151.089598 	 27427.021678 	 1254924231.741948 
10500 	 -55.051806 	 138.428571 	 26748.790383 	 1407239635.768259 
10501 	 -197.997775 	 197.997775 	 42287.571303 	 2193948289.413243 
10502 	 -84.497823 	 158.122309 	 29994.666639 	 1357530913.731491 
10503 	 199.073887 	 199.073887 	 43181.544774 	 2331373607.506519 
10504 	 206.600929 	 206.600929 	 47641.319121 	 2968671300.983731 
10505 	 75.300899 	 157.040967 	 30548.050091 	 1546766125.311088 
10506 	 -14.741897 	 179.362808 	 36327.049891 	 1797993279.770325 
10507 	 184.385196 	 184.385196 	 37332.803055 	 1835579302.706273 
10508 	 39.206053 	 177.672023 	 37268.940302 	 2085846960.963567 
10509 	 -194.283625 	 194.284669 	 41096.745848 	 2106616805.686332 
10510 	 -173.209894 	 174.380372 	 37225.075270 	 2136682396.251817 
10511 	 -145.874974 	 147.354611 	 28127.817405 	 1316681220.792431 
10512 	 -190.526131 	 190.562477 	 39924.930557 	 2057132336.814357 
10513 	 -195.680479 	 195.680479 	 41564.582270 	 2159425832.123353 
10514 	 136.705857 	 180.309053 	 36613.240571 	 1851752221.886326 
10515 	 214.992840 	 214.992840 	 49237.697419 	 2936638874.473411 
10516 	 236.711382 	 236.711382 	 57533.160136 	 3633646268.422326 
10517 	 75.929831 	 179.859200 	 37968.669304 	 2083831626.644791 
10518 	 35.967048 	 127.803771 	 22791.578598 	 1153769713.038468 
10519 	 205.571127 	 205.571127 	 45172.404001 	 2493361554.592765 
10520 	 216.606830 	 216.606830 	 50103.849744 	 3055998021.310133 
10521 	 199.529006 	 199.566055 	 44231.878118 	 2618607016.734177 
10522 	 125.403663 	 140.977709 	 26754.612273 	 1339264132.596503 
10523 	 -125.631786 	 129.605970 	 23830.907007 	 1194602109.118423 
10524 	 211.536532 	 211.536532 	 47616.196255 	 2719664539.694046 
10525 	 188.453316 	 188.453316 	 38971.147299 	 1947010691.306230 
10526 	 207.490571 	 207.490571 	 45514.172833 	 2473725187.447090 
10527 	 201.173259 	 201.173259 	 43892.583690 	 2436427219.474958 
10528 	 -9.557085 	 152.426697 	 29598.235635 	 1483589885.099071 
10529 	 7.993033 	 135.011168 	 23526.322172 	 972729864.958753 
10530 	 -224.505854 	 224.505854 	 53403.465221 	 3415213620.814080 
10531 	 -213.438505 	 213.438505 	 48155.226851 	 2764474791.770182 
10532 	 127.269975 	 161.401161 	 31009.747087 	 1455186536.165077 
10533 	 -98.783950 	 178.530393 	 35443.711509 	 1683896430.658532 
10534 	 -170.094628 	 172.976903 	 34077.998782 	 1566994488.486429 
10535 	 129.119149 	 163.417038 	 31020.286017 	 1380368162.226037 
10536 	 -201.967408 	 202.154177 	 44843.624597 	 2566156644.823562 
10537 	 -68.271448 	 181.597508 	 39766.069026 	 2389498009.521953 
10538 	 198.301324 	 198.301324 	 43106.733651 	 2431361048.529570 
10539 	 172.109105 	 173.977696 	 37476.455747 	 2203624827.003542 
10540 	 205.165451 	 205.165451 	 47826.525267 	 3162056664.837025 
10541 	 186.874433 	 186.874433 	 39340.481637 	 2179768092.860146 
10542 	 -72.726996 	 138.192050 	 24803.994988 	 1165428337.089151 
10543 	 -204.482921 	 204.482921 	 46091.022649 	 2636892576.306380 
10544 	 -188.141349 	 188.875743 	 41425.254155 	 2358760527.352999 
10545 	 -141.643415 	 161.067650 	 32479.371835 	 1719964366.453652 
10546 	 24.471823 	 148.894990 	 30974.185543 	 1845498182.243030 
10547 	 73.537504 	 176.768767 	 36096.836869 	 1829071644.077685 
10548 	 43.324057 	 170.125881 	 33775.194131 	 1594324808.615704 
10549 	 30.201458 	 168.391687 	 33256.190391 	 1559447159.253805 
10550 	 100.141494 	 157.970048 	 29596.996329 	 1324949605.159266 
10551 	 83.438329 	 132.363031 	 25319.216262 	 1306233553.228563 
10552 	 185.505077 	 190.482265 	 40339.269097 	 2163068929.845193 
10553 	 22.123951 	 173.243920 	 36537.084518 	 1995380813.836943 
10554 	 206.246972 	 206.246972 	 44852.329102 	 2389939365.279112 
10555 	 -132.330041 	 181.063447 	 38482.138137 	 2091743109.731013 
10556 	 -170.013633 	 171.515954 	 35669.124083 	 2000467426.010502 
10557 	 -193.580559 	 193.580559 	 40594.334987 	 2122097509.697685 
10558 	 -188.007162 	 188.420322 	 41386.220694 	 2345470995.878694 
10559 	 -160.754503 	 163.452276 	 30995.025384 	 1398166502.052245 
10560 	 -145.087999 	 147.325803 	 27349.854955 	 1228459464.460303 
10561 	 175.924024 	 180.582053 	 38932.345955 	 2302395140.041468 
10562 	 214.822608 	 214.822608 	 48411.414881 	 2754555685.160582 
10563 	 -37.113063 	 173.189603 	 35997.024070 	 1882326383.601162 
10564 	 154.715391 	 165.324837 	 35064.381380 	 1959485718.074934 
10565 	 -30.393989 	 148.992617 	 27845.945270 	 1311096962.454668 
10566 	 102.764896 	 118.099422 	 20461.876141 	 946871749.538390 
10567 	 -152.339388 	 180.659559 	 36759.928197 	 1791372610.650608 
10568 	 -139.098842 	 148.057149 	 29880.297067 	 1574766765.804723 
10569 	 98.203695 	 145.427067 	 29917.590988 	 1680197031.744536 
10570 	 86.965526 	 186.652565 	 40624.729395 	 2315393150.929222 
10571 	 -206.325949 	 206.325949 	 45765.685594 	 2594184519.276895 
10572 	 -152.658288 	 162.550568 	 33493.329227 	 1751164988.101604 
10573 	 38.574491 	 153.949574 	 29517.891479 	 1377310591.828104 
10574 	 201.416072 	 201.416072 	 43726.619220 	 2373950468.321765 
10575 	 131.357009 	 144.417043 	 26222.929150 	 1091749828.694387 
10576 	 178.425017 	 178.514130 	 35559.903349 	 1742389452.000204 
10577 	 -171.487766 	 174.847752 	 36950.778744 	 2061494853.528069 
10578 	 -156.361496 	 161.028694 	 31152.274881 	 1448513261.286463 
10579 	 -191.448818 	 191.448818 	 39363.245530 	 1942172933.536377 
10580 	 -212.004950 	 212.004950 	 46894.258269 	 2570210978.992908 
10581 	 -182.685248 	 183.646778 	 38510.391320 	 2047036583.189602 
10582 	 -175.894743 	 176.069376 	 36505.135665 	 2011611977.439812 
10583 	 -189.895403 	 203.942489 	 46923.005356 	 2903749422.037545 
10584 	 -176.223219 	 179.172408 	 38005.280034 	 2045141490.137420 
10585 	 195.856173 	 198.542197 	 43035.066907 	 2367691284.870387 
10586 	 -98.431769 	 153.977963 	 30915.538462 	 1674622892.975278 
10587 	 156.079977 	 158.153608 	 30477.020556 	 1494110732.136510 
10588 	 -1.538746 	 148.548431 	 30260.034233 	 1677914148.123291 
10589 	 -188.758503 	 206.319264 	 48524.224609 	 3102937496.538507 
10590 	 -216.806106 	 216.806106 	 49127.373761 	 2805845936.601654 
10591 	 -133.638302 	 144.178461 	 25458.043743 	 1101259241.762880 
10592 	 -104.071183 	 179.369301 	 39131.708962 	 2359097174.354085 
10593 	 88.954387 	 134.816792 	 25880.066143 	 1302957580.610450 
10594 	 204.758783 	 204.758783 	 45126.287459 	 2514579807.299099 
10595 	 -147.592162 	 162.855858 	 31799.911224 	 1528943790.980187 
10596 	 -187.910000 	 187.910000 	 38711.300006 	 2010329866.024961 
10597 	 -191.146393 	 192.024136 	 40516.329309 	 2140133923.072952 
10598 	 -184.249199 	 184.541237 	 40141.606283 	 2305023402.430541 
10599 	 -169.390986 	 169.665251 	 34942.963295 	 1856754574.723866 
10600 	 136.921377 	 159.801910 	 32769.834717 	 1751875923.472659 
10601 	 132.789112 	 161.291844 	 31030.592185 	 1439491678.942416 
10602 	 194.067613 	 194.067613 	 39130.918327 	 1752371774.790546 
10603 	 175.107506 	 175.854897 	 36166.409623 	 1833771872.542780 
10604 	 36.451754 	 151.192076 	 28663.185009 	 1387021889.773615 
10605 	 41.346012 	 133.552241 	 23532.877992 	 1015583358.713998 
10606 	 -132.272111 	 185.036858 	 40474.211046 	 2261423150.157285 
10607 	 -70.435463 	 144.015816 	 26777.394428 	 1309818268.343421 
10608 	 57.709976 	 174.725259 	 35068.994977 	 1678031755.124535 
10609 	 -176.576563 	 181.253124 	 39603.621301 	 2312242064.415168 
10610 	 -193.444875 	 193.574849 	 42155.245163 	 2347569935.894057 
10611 	 147.856564 	 196.414712 	 43460.754984 	 2492819091.947540 
10612 	 140.154634 	 170.536135 	 34350.162580 	 1785435306.112742 
10613 	 -194.030632 	 194.031197 	 41587.969101 	 2257197012.407333 
10614 	 -159.141829 	 159.745519 	 30739.208760 	 1450539247.777529 
10615 	 -17.723156 	 134.279730 	 24404.164129 	 1148018180.458077 
10616 	 201.877393 	 202.390668 	 45241.587079 	 2582485046.182689 
10617 	 -131.976582 	 145.061933 	 27327.536315 	 1268563781.992517 
10618 	 -209.348189 	 209.431451 	 47217.101460 	 2672796702.200379 
10619 	 -99.480872 	 113.350703 	 15918.679979 	 414287713.717240 
10620 	 -183.513572 	 184.603938 	 40195.268363 	 2339446474.972091 
10621 	 -147.967093 	 152.984491 	 29340.957788 	 1470022473.489881 
10622 	 -213.981869 	 214.802298 	 50217.615637 	 3073965645.860577 
10623 	 -93.705228 	 173.297867 	 35883.268374 	 1936912418.743880 
10624 	 -33.572515 	 177.022754 	 36587.061684 	 1924722545.148374 
10625 	 218.525527 	 218.525527 	 50474.036187 	 2962444199.423467 
10626 	 -65.798792 	 222.279457 	 53865.949433 	 3635015402.667497 
10627 	 -212.166319 	 212.360359 	 48346.630248 	 2787578079.877394 
10628 	 154.452046 	 168.569944 	 34574.468724 	 1744772991.045351 
10629 	 -140.935931 	 159.414519 	 33165.208187 	 1748652168.180111 
10630 	 182.602850 	 186.777216 	 40899.130684 	 2340385313.572448 
10631 	 -7.137036 	 179.447856 	 36933.265436 	 1885548332.083665 
10632 	 -201.896787 	 201.896787 	 44265.918555 	 2432763544.104052 
10633 	 -170.407466 	 170.800702 	 34412.034397 	 1756383584.521753 
10634 	 -40.923990 	 134.252406 	 25596.571561 	 1249941457.275412 
10635 	 88.593042 	 125.087778 	 21884.769669 	 978257483.035526 
10636 	 18.607503 	 195.510498 	 43329.853680 	 2514065763.488217 
10637 	 -165.804716 	 168.891637 	 33271.724408 	 1523360884.869558 
10638 	 104.435240 	 191.292728 	 40504.912918 	 2133007931.084651 
10639 	 191.380030 	 191.402891 	 40677.771012 	 2108641926.008402 
10640 	 61.003000 	 168.041746 	 35472.319005 	 1967184446.236537 
10641 	 -120.179786 	 130.910519 	 24573.805626 	 1227381757.090344 
10642 	 -217.583350 	 217.583350 	 50410.269870 	 3087200594.137677 
10643 	 -82.097761 	 148.242846 	 29292.918785 	 1597964834.206742 
10644 	 -187.145103 	 187.180278 	 40157.675287 	 2265486428.842751 
10645 	 -172.313992 	 191.729361 	 43593.737922 	 2626806812.040047 
10646 	 193.489590 	 193.547595 	 41081.208747 	 2137615515.684605 
10647 	 95.619022 	 144.051634 	 25299.381923 	 1038744331.185682 
10648 	 -195.940578 	 196.207276 	 42692.476864 	 2405621975.329411 
10649 	 36.726265 	 153.420852 	 28683.026991 	 1250647283.644126 
10650 	 201.482893 	 201.482893 	 44338.867285 	 2506960151.787723 
10651 	 169.360600 	 169.360600 	 33383.795517 	 1651671318.007242 
10652 	 13.633679 	 111.028454 	 17849.425434 	 737850413.304451 
10653 	 190.661798 	 201.664369 	 46729.878847 	 2889918112.666227 
10654 	 -115.084384 	 138.939917 	 24427.507101 	 1035119620.294152 
10655 	 -81.399238 	 161.275435 	 34265.663384 	 1908165528.228045 
10656 	 -26.663015 	 155.544245 	 28837.987425 	 1253163466.934830 
10657 	 -197.873706 	 197.913180 	 43712.285444 	 2490160155.167696 
10658 	 -223.928587 	 223.928587 	 52132.458738 	 3092793335.989067 
10659 	 -106.200027 	 165.576672 	 33653.559899 	 1731191425.704908 
10660 	 57.421964 	 115.295400 	 18957.750226 	 772488774.361331 
10661 	 28.892433 	 191.249684 	 40203.875896 	 2107470889.190473 
10662 	 149.171996 	 192.329576 	 42545.648045 	 2488740870.778249 
10663 	 212.475291 	 212.475291 	 48101.266739 	 2833371668.266258 
10664 	 -38.985408 	 164.181436 	 32841.364155 	 1661255460.046649 
10665 	 113.055573 	 153.962458 	 29336.074736 	 1359856210.840896 
10666 	 154.215412 	 182.658705 	 39644.298027 	 2288105217.277829 
10667 	 199.955558 	 199.955558 	 43660.233000 	 2431570045.046933 
10668 	 182.796473 	 182.886139 	 36899.821996 	 1772651153.632993 
10669 	 197.619436 	 197.684786 	 44943.456386 	 2767028980.458549 
10670 	 28.298730 	 151.916720 	 28695.415816 	 1289072559.803856 
10671 	 10.629154 	 159.402508 	 31211.270396 	 1549180347.278025 
10672 	 181.023747 	 182.378099 	 38363.734170 	 2096504221.604465 
10673 	 211.987632 	 211.987632 	 47608.130549 	 2723147401.666024 
10674 	 190.569156 	 190.569156 	 40383.281234 	 2156469950.493569 
10675 	 4.307710 	 128.258774 	 24318.209655 	 1315620719.522954 
10676 	 -86.096561 	 163.424720 	 34472.579467 	 1921418869.901613 
10677 	 75.837971 	 162.627031 	 31477.558729 	 1438389611.610439 
10678 	 188.875596 	 188.875596 	 38622.910616 	 1881145449.612949 
10679 	 176.143183 	 185.901568 	 39717.414576 	 2114432909.047487 
10680 	 182.681957 	 182.681957 	 38135.401511 	 2119014005.425633 
10681 	 187.637530 	 195.474440 	 43779.586719 	 2600640493.406400 
10682 	 150.963048 	 151.703591 	 29270.480004 	 1505609474.624167 
10683 	 -39.280482 	 181.623085 	 39219.583669 	 2238354647.044224 
10684 	 -212.869189 	 212.869189 	 48065.392002 	 2747239568.301219 
10685 	 162.812495 	 176.655008 	 35381.719392 	 1693105917.844145 
10686 	 187.318922 	 187.318922 	 38872.528827 	 1998619193.446488 
10687 	 158.749629 	 173.390724 	 37701.192681 	 2140654222.522916 
10688 	 -49.752522 	 130.826282 	 21714.402407 	 781649777.905659 
10689 	 -135.933658 	 165.576176 	 33373.479574 	 1657517047.129596 
10690 	 -89.501837 	 172.307416 	 34908.201215 	 1768025853.594375 
10691 	 -43.601048 	 147.804210 	 28554.488621 	 1428654914.492390 
10692 	 -162.354437 	 167.258273 	 32312.849822 	 1484148645.614228 
10693 	 18.383858 	 205.496304 	 47310.934117 	 2843613321.615838 
10694 	 192.437481 	 192.437481 	 40164.574758 	 2040581222.573688 
10695 	 203.376875 	 203.413841 	 45350.835799 	 2588963319.956267 
10696 	 -115.656695 	 178.562653 	 38796.508690 	 2236289638.686465 
10697 	 -170.372506 	 170.386598 	 33863.538887 	 1667714933.192209 
10698 	 -187.227471 	 187.341789 	 39543.473820 	 2112633307.653755 
10699 	 -186.301485 	 186.301485 	 38120.076072 	 1923086478.492330 
10700 	 -168.534058 	 174.219299 	 35744.613636 	 1840469717.554048 
10701 	 -138.902534 	 140.823061 	 23811.193183 	 898746099.974708 
10702 	 -142.503372 	 147.784340 	 27963.229148 	 1332822963.482548 
10703 	 -214.337640 	 214.516162 	 49779.110578 	 2977833835.577619 
10704 	 -175.452240 	 176.364224 	 37120.488393 	 2075704539.350044 
10705 	 96.203452 	 158.746922 	 30268.603287 	 1456143198.524248 
10706 	 128.777948 	 157.275938 	 31786.775646 	 1685376447.168004 
10707 	 55.151369 	 147.845025 	 28421.774183 	 1375495687.005085 
10708 	 -97.409125 	 139.435647 	 25875.420118 	 1219499853.647058 
10709 	 -198.317657 	 198.317657 	 41953.981231 	 2152344215.805816 
10710 	 75.645019 	 168.328638 	 34545.248025 	 1829250593.442486 
10711 	 -20.080119 	 126.093646 	 19679.896283 	 696557675.363870 
10712 	 81.723295 	 171.127579 	 34378.007581 	 1706746564.704118 
10713 	 48.993658 	 162.630088 	 34568.811656 	 1934974662.583790 
10714 	 -170.320663 	 171.216343 	 35657.133912 	 1886623013.452336 
10715 	 -218.434772 	 218.434772 	 50573.912083 	 3018056996.822679 
10716 	 -154.837295 	 161.786113 	 32006.055426 	 1537143575.408958 
10717 	 191.805654 	 191.805654 	 40794.783836 	 2196901896.085842 
10718 	 98.897532 	 166.918714 	 32830.527107 	 1570568304.268718 
10719 	 120.919585 	 170.021091 	 35151.425033 	 1842780656.139732 
10720 	 174.855028 	 175.145235 	 36640.354737 	 1950909568.877853 
10721 	 191.701422 	 191.701422 	 40123.405089 	 2139976710.967870 
10722 	 103.002811 	 142.564565 	 26154.792398 	 1214956583.472767 
10723 	 -194.291863 	 196.984233 	 45809.550103 	 2936210765.429387 
10724 	 147.158000 	 159.957019 	 32470.108687 	 1731463714.014903 
10725 	 17.631794 	 126.296023 	 22415.965696 	 1047930229.918608 
10726 	 48.544691 	 172.954372 	 35519.555698 	 1821984382.659840 
10727 	 169.273951 	 174.423077 	 35180.027874 	 1772259429.264858 
10728 	 9.979744 	 127.900632 	 22587.090785 	 1096288734.789780 
10729 	 170.183169 	 171.082598 	 33324.128377 	 1567417606.556983 
10730 	 226.408422 	 226.408422 	 53741.701211 	 3352141971.951171 
10731 	 -96.320298 	 148.687844 	 28790.117257 	 1424709125.370635 
10732 	 -79.648153 	 190.314993 	 42433.331721 	 2533377539.167090 
10733 	 -152.179700 	 154.043690 	 32997.839323 	 1994933794.226553 
10734 	 197.071343 	 197.392338 	 43464.753033 	 2448733717.836213 
10735 	 136.061091 	 170.314399 	 33741.223676 	 1648995834.713396 
10736 	 -140.116448 	 179.889975 	 37244.806626 	 1869601289.776627 
10737 	 -178.823363 	 183.548282 	 39561.192034 	 2133651255.783821 
10738 	 -151.753917 	 171.796339 	 35304.849204 	 1845262083.301507 
10739 	 -172.946344 	 173.071328 	 34010.083290 	 1630622089.362682 
10740 	 -210.099225 	 210.099225 	 46317.279594 	 2478529016.733444 
10741 	 -197.650324 	 197.650324 	 43253.294411 	 2488568615.909685 
10742 	 1.009509 	 193.968349 	 42600.096299 	 2443308296.365699 
10743 	 220.834282 	 220.834282 	 50897.136826 	 2965304330.940214 
10744 	 195.378703 	 200.463365 	 45852.886587 	 2802129039.696876 
10745 	 -51.500243 	 182.098019 	 37445.525404 	 1859661151.968909 
10746 	 181.463688 	 181.463688 	 36966.099824 	 1927202403.310957 
10747 	 194.284250 	 194.284250 	 41578.881860 	 2214807044.535161 
10748 	 185.403254 	 185.852233 	 37717.668753 	 1805973522.167046 
10749 	 169.587201 	 171.758886 	 35229.337180 	 1830816193.592639 
10750 	 189.692565 	 189.974671 	 39884.700795 	 2044461307.367356 
10751 	 219.529629 	 219.529629 	 50686.628589 	 2944432130.362813 
10752 	 -17.183743 	 140.631279 	 23707.012253 	 874686704.038231 
10753 	 -162.207950 	 172.166790 	 36430.833093 	 1998744605.488073 
10754 	 -145.688540 	 182.968445 	 39408.760161 	 2211884821.653518 
10755 	 165.069631 	 165.805708 	 33188.714971 	 1591873117.781237 
10756 	 203.595083 	 203.595083 	 43038.992474 	 2099278445.760643 
10757 	 53.372966 	 160.966039 	 32868.890065 	 1771656549.116318 
10758 	 -0.004155 	 133.618531 	 25965.239840 	 1315025913.004224 
10759 	 -127.692991 	 132.810386 	 23856.288754 	 1158589756.115783 
10760 	 -20.424727 	 137.554901 	 26109.881803 	 1279577509.395225 
10761 	 185.906411 	 185.906411 	 39176.990634 	 2134249226.614781 
10762 	 184.347105 	 184.347105 	 37276.352859 	 1857166845.682865 
10763 	 90.497390 	 153.099623 	 28448.168704 	 1269519566.763115 
10764 	 8.075392 	 146.076033 	 28497.735437 	 1408643278.282325 
10765 	 9.937995 	 179.230856 	 38977.637570 	 2347027630.371342 
10766 	 210.200516 	 210.200516 	 46660.245265 	 2618871181.326166 
10767 	 176.063932 	 199.809755 	 46314.103277 	 2925460106.190164 
10768 	 -152.505228 	 160.071686 	 31235.863345 	 1482894054.658871 
10769 	 -75.955419 	 155.717954 	 27913.486889 	 1132590110.740050 
10770 	 -176.040537 	 191.239248 	 42377.561936 	 2404634484.573981 
10771 	 11.537914 	 112.205853 	 19376.506055 	 867102700.834206 
10772 	 110.356727 	 167.916367 	 34491.835278 	 1812635949.293239 
10773 	 -182.827880 	 191.660406 	 40129.345472 	 2063193480.382368 
10774 	 136.705666 	 150.964531 	 27102.694975 	 1131278807.688086 
10775 	 79.765464 	 131.522558 	 22980.246289 	 993077359.543585 
10776 	 108.273449 	 123.052612 	 22416.427842 	 1077969164.654799 
10777 	 189.294092 	 189.294092 	 39566.768574 	 2036381305.574347 
10778 	 184.151367 	 184.151367 	 36966.520505 	 1733186710.423238 
10779 	 -158.844213 	 185.260843 	 38609.876487 	 1913209354.893098 
10780 	 -4.663671 	 137.484503 	 25438.812850 	 1259424926.952033 
10781 	 166.039159 	 166.368716 	 33451.381775 	 1827762023.720179 
10782 	 -57.769363 	 138.011642 	 27248.802549 	 1504216442.106305 
10783 	 162.221986 	 179.055967 	 37704.391062 	 2085510191.463882 
10784 	 172.983482 	 173.138387 	 35460.820578 	 1887272565.568967 
10785 	 193.620637 	 198.458840 	 44680.402332 	 2629739401.733488 
10786 	 -218.818505 	 218.818505 	 50527.217176 	 3036710319.627343 
10787 	 68.798185 	 109.157888 	 16460.058968 	 597933914.923594 
10788 	 159.827450 	 169.858690 	 33749.534231 	 1674560799.138543 
10789 	 170.597553 	 171.775900 	 34399.180558 	 1688975379.342813 
10790 	 207.317983 	 207.317983 	 45427.271883 	 2469223802.273833 
10791 	 109.605345 	 172.144698 	 34084.243470 	 1672717370.760171 
10792 	 19.574442 	 204.341758 	 45003.018738 	 2505774534.080440 
10793 	 -26.857188 	 140.021615 	 26533.113737 	 1349829075.945322 
10794 	 -100.466968 	 144.660066 	 26354.502410 	 1125513903.626142 
10795 	 -66.560708 	 182.209768 	 39810.948702 	 2339342561.800289 
10796 	 -41.714301 	 84.653209 	 11833.115751 	 392854868.103345 
10797 	 205.320921 	 205.320921 	 45324.390951 	 2576141198.916101 
10798 	 155.182293 	 162.930159 	 33046.156034 	 1763163534.326378 
10799 	 -162.745926 	 185.677185 	 39546.754823 	 2155708665.667909 
10800 	 -177.966842 	 177.966842 	 35130.518018 	 1694849141.354338 
10801 	 -186.547954 	 187.917361 	 40681.946070 	 2240101882.222757 
10802 	 -162.725426 	 166.338590 	 33366.478613 	 1676379610.578466 
10803 	 -214.448108 	 218.516766 	 50215.918050 	 2903565010.841692 
10804 	 127.642913 	 143.111039 	 27912.298534 	 1344927977.436860 
10805 	 172.238355 	 174.794095 	 36048.012446 	 1955651321.567032 
10806 	 90.221209 	 111.728474 	 19165.395775 	 861460291.105582 
10807 	 173.098348 	 183.273242 	 40601.233428 	 2413076237.294762 
10808 	 -136.209609 	 163.661241 	 34057.763902 	 1925887045.673571 
10809 	 -80.017158 	 177.293034 	 38443.221493 	 2227583292.157846 
10810 	 161.673154 	 161.711011 	 30548.277681 	 1336305456.262055 
10811 	 -64.675046 	 198.013892 	 43585.230054 	 2388350509.869036 
10812 	 -194.740600 	 194.740600 	 40761.831058 	 2014704312.710030 
10813 	 6.364962 	 138.645670 	 27705.242839 	 1533366014.327807 
10814 	 233.198689 	 233.198689 	 56126.153945 	 3513115166.477080 
10815 	 201.294075 	 201.294075 	 43559.627751 	 2350084065.980290 
10816 	 -46.641837 	 153.547627 	 31345.092644 	 1701303852.632039 
10817 	 -213.708281 	 213.708281 	 48219.698772 	 2762760772.937730 
10818 	 -192.313798 	 193.745026 	 41476.072754 	 2208451396.670733 
10819 	 -103.732479 	 177.998939 	 37352.594026 	 2021519377.212089 
10820 	 180.582800 	 193.399690 	 42487.837095 	 2361734957.384717 
10821 	 175.631108 	 175.694531 	 36167.338146 	 2020610333.655958 
10822 	 116.623852 	 151.278597 	 28301.502932 	 1310584045.352009 
10823 	 -85.881819 	 157.582355 	 30178.507941 	 1440704545.667087 
10824 	 -202.119844 	 202.119844 	 44854.173192 	 2601787830.556978 
10825 	 -9.448339 	 175.499775 	 38434.714064 	 2320758773.737108 
10826 	 -84.839728 	 201.565938 	 45139.390630 	 2636725482.397454 
10827 	 -138.963257 	 185.681150 	 39606.843826 	 2215816577.449256 
10828 	 -198.367915 	 198.384382 	 42864.130915 	 2286101805.075286 
10829 	 203.120119 	 203.222253 	 45273.699187 	 2613729068.147713 
10830 	 184.772360 	 186.940921 	 41883.718803 	 2592610239.049306 
10831 	 37.764653 	 119.390422 	 21319.201736 	 1024979187.387212 
10832 	 -213.629924 	 213.629924 	 47906.598203 	 2691380174.148537 
10833 	 50.221253 	 141.345394 	 25629.855616 	 1142124815.434803 
10834 	 -221.846230 	 221.846230 	 51392.045782 	 3050097917.376133 
10835 	 -127.817673 	 164.159406 	 33970.785124 	 1945306852.918284 
10836 	 150.245784 	 161.532209 	 32930.699593 	 1812859833.514052 
10837 	 195.434085 	 195.434085 	 42667.040434 	 2425036586.943193 
10838 	 10.499792 	 122.295916 	 19751.489453 	 737539311.902903 
10839 	 168.066810 	 170.346231 	 34965.587193 	 1962193267.346682 
10840 	 215.420548 	 215.420548 	 48861.267283 	 2804188328.201233 
10841 	 -166.230909 	 195.235681 	 42004.847595 	 2249377957.784399 
10842 	 -19.368783 	 144.819402 	 28559.758249 	 1441462154.066934 
10843 	 163.202932 	 163.202932 	 30624.127006 	 1372105392.590287 
10844 	 -128.262594 	 154.913971 	 29778.540077 	 1426475491.480814 
10845 	 -213.901814 	 213.901814 	 49453.397477 	 3097236576.117287 
10846 	 -150.930426 	 165.699384 	 35105.082325 	 1971984851.522019 
10847 	 -166.781732 	 168.110034 	 32588.093600 	 1479201291.480590 
10848 	 -208.192345 	 210.927107 	 49792.725417 	 3147481210.932540 
10849 	 -129.832025 	 157.773153 	 31282.388805 	 1596593516.580734 
10850 	 47.887393 	 163.647791 	 34000.547795 	 1854018033.199859 
10851 	 180.923002 	 182.806145 	 38706.451627 	 2066542297.182700 
10852 	 37.638743 	 165.669284 	 33355.526419 	 1780928868.651747 
10853 	 21.131703 	 191.098283 	 39513.964096 	 1959668787.891974 
10854 	 -129.688595 	 145.204221 	 26488.408655 	 1206231768.280621 
10855 	 -0.033441 	 133.625111 	 22969.709188 	 979637460.895497 
10856 	 58.531899 	 149.752418 	 27871.332062 	 1323466103.203006 
10857 	 19.201667 	 152.386690 	 29253.855531 	 1418019453.219254 
10858 	 58.708502 	 147.345749 	 26603.046492 	 1144267289.750603 
10859 	 -193.471408 	 193.471408 	 40998.042964 	 2205795578.670325 
10860 	 -192.463945 	 192.463945 	 41424.007824 	 2318685476.097039 
10861 	 -75.878642 	 174.871857 	 36047.773139 	 1905909120.599186 
10862 	 -156.985202 	 183.359737 	 37401.323810 	 1848458581.819176 
10863 	 -21.217018 	 128.752645 	 21821.630260 	 855354762.282719 
10864 	 165.104704 	 165.104704 	 30855.233752 	 1347254694.508930 
10865 	 -148.895954 	 168.415830 	 34336.221083 	 1712034605.991300 
10866 	 -222.311332 	 222.311332 	 52385.717805 	 3216863466.818343 
10867 	 48.873340 	 158.201804 	 30991.520526 	 1528873851.268343 
10868 	 -114.893846 	 197.236850 	 43861.674570 	 2570609949.412601 
10869 	 -214.957064 	 214.957064 	 50335.547592 	 3098829855.470571 
10870 	 -164.255132 	 167.092510 	 34430.976912 	 1882402915.946538 
10871 	 -159.541439 	 168.596948 	 34523.749160 	 1810108021.491199 
10872 	 190.510113 	 192.430306 	 42861.688419 	 2516546001.500864 
10873 	 8.089486 	 189.692423 	 41010.712911 	 2262556876.237665 
10874 	 -157.190842 	 169.164839 	 34226.084527 	 1698226044.466177 
10875 	 -202.739588 	 202.739588 	 43183.911046 	 2190383137.367901 
10876 	 -150.198133 	 162.872798 	 33266.238866 	 1880647961.579979 
10877 	 55.562223 	 166.711299 	 34304.239686 	 1793778045.059518 
10878 	 202.408016 	 203.045580 	 44606.039666 	 2401570706.267047 
10879 	 141.041424 	 154.903258 	 33015.527027 	 2010189865.670353 
10880 	 188.399475 	 188.848767 	 39271.191042 	 1994613763.036461 
10881 	 23.082756 	 181.094566 	 38177.855816 	 2060916393.803043 
10882 	 142.921233 	 179.564622 	 38809.906311 	 2294450638.617468 
10883 	 74.281641 	 153.458028 	 30020.309255 	 1494682803.104017 
10884 	 31.006732 	 176.958857 	 36913.280932 	 1989129349.276032 
10885 	 -92.958594 	 161.936566 	 31379.993036 	 1434653543.879444 
10886 	 194.434156 	 197.233555 	 44542.989987 	 2645171943.932507 
10887 	 -79.930798 	 153.635417 	 29336.440186 	 1426114693.598063 
10888 	 4.751210 	 180.587196 	 37422.477885 	 1930323925.522174 
10889 	 97.496919 	 180.763524 	 39208.117187 	 2278067159.702760 
10890 	 -150.581504 	 152.518972 	 28830.630398 	 1291641093.583517 
10891 	 38.502960 	 147.709914 	 28745.008699 	 1469357344.295005 
10892 	 -189.584857 	 189.584857 	 39515.374404 	 2047184636.617938 
10893 	 -137.617527 	 160.622630 	 30896.517557 	 1451865562.078661 
10894 	 -167.355052 	 168.395443 	 34863.835588 	 1906689883.281112 
10895 	 91.622869 	 160.827114 	 31711.161630 	 1647916229.290240 
10896 	 134.512231 	 168.504804 	 36068.078080 	 2153743576.703177 
10897 	 -175.666508 	 175.699624 	 33820.063094 	 1469851481.650567 
10898 	 134.849238 	 195.918907 	 42993.979435 	 2473024939.012873 
10899 	 95.941405 	 138.469215 	 25181.769364 	 1183671681.958715 
10900 	 149.491360 	 151.110914 	 27218.659133 	 1132178551.613535 
10901 	 133.118178 	 177.791634 	 34753.763114 	 1587932415.292012 
10902 	 -199.486367 	 199.486367 	 42800.733928 	 2273479837.644833 
10903 	 42.723808 	 181.595339 	 39188.711293 	 2208885006.982319 
10904 	 -166.447182 	 170.604811 	 35287.534242 	 1881459261.574578 
10905 	 -192.691856 	 194.547997 	 42926.585138 	 2407351856.758519 
10906 	 -168.234760 	 175.073639 	 35687.285391 	 1788575281.507174 
10907 	 -190.624753 	 190.637256 	 40453.668466 	 2166301987.790181 
10908 	 -95.120799 	 122.637071 	 21777.286046 	 997462903.512854 
10909 	 -69.620253 	 145.633388 	 27261.673409 	 1261887725.534431 
10910 	 -184.014152 	 187.866557 	 40885.159869 	 2361018036.386807 
10911 	 17.433799 	 108.750943 	 17303.030696 	 691597925.970396 
10912 	 180.356066 	 188.035676 	 40926.846853 	 2217087950.584119 
10913 	 172.999977 	 180.759206 	 37669.816976 	 2010514416.240503 
10914 	 -86.646359 	 168.776621 	 34194.300925 	 1750639628.185618 
10915 	 135.091806 	 183.834933 	 39742.849640 	 2194355082.643791 
10916 	 -190.617243 	 190.617243 	 41129.388913 	 2410733419.743994 
10917 	 -175.427576 	 180.044105 	 38938.703964 	 2180715790.487684 
10918 	 110.469337 	 143.998645 	 27385.616707 	 1355850932.770878 
10919 	 106.077666 	 170.948789 	 34895.996472 	 1807278367.033259 
10920 	 130.636273 	 135.848555 	 23524.803823 	 983794311.635371 
10921 	 126.241227 	 153.938198 	 27900.170144 	 1146152604.619774 
10922 	 -99.915171 	 178.320291 	 38444.950969 	 2238220101.263343 
10923 	 -168.030527 	 168.605029 	 33624.492846 	 1675985781.325351 
10924 	 -101.199548 	 168.873766 	 33223.639401 	 1638139712.010466 
10925 	 231.579720 	 231.579720 	 55526.550683 	 3479553832.438530 
10926 	 48.937776 	 168.923467 	 33789.812691 	 1652553637.965074 
10927 	 47.315340 	 93.939547 	 12907.932494 	 354722151.525966 
10928 	 138.411912 	 177.937649 	 37499.667486 	 2029740489.082004 
10929 	 -55.622535 	 202.115478 	 46438.393871 	 2924827701.791785 
10930 	 -1.483590 	 124.896201 	 22079.611932 	 1014909230.343451 
10931 	 105.708879 	 179.156432 	 36548.573620 	 1877301092.885364 
10932 	 193.333762 	 193.758893 	 41903.163032 	 2312286845.235271 
10933 	 153.939796 	 171.130507 	 36236.554126 	 2039472902.131713 
10934 	 197.205691 	 210.405360 	 48702.437069 	 2972445628.772319 
10935 	 -171.669052 	 173.333212 	 34292.579950 	 1602675168.035043 
10936 	 -176.469979 	 176.489782 	 35521.705592 	 1770690665.915564 
10937 	 151.987657 	 169.602577 	 34143.320870 	 1781209960.307527 
10938 	 27.747150 	 116.411871 	 18034.233882 	 632507170.673180 
10939 	 168.653826 	 185.341614 	 40139.848952 	 2264280389.003414 
10940 	 149.857885 	 175.284714 	 38225.581684 	 2151138874.567178 
10941 	 37.275323 	 167.186969 	 33400.297895 	 1655794019.168917 
10942 	 -223.428945 	 223.428945 	 51792.464003 	 3038804883.807936 
10943 	 -186.276974 	 186.277766 	 39175.466634 	 2111876511.778432 
10944 	 -113.665462 	 178.896865 	 38040.690784 	 2042782975.924768 
10945 	 -60.966948 	 186.462437 	 38332.539127 	 1894359480.559974 
10946 	 184.329693 	 184.361343 	 38352.148192 	 2015110107.791039 
10947 	 -167.341404 	 185.765072 	 38786.939240 	 1986336364.409318 
10948 	 28.838737 	 161.481746 	 33782.735383 	 1864537235.370488 
10949 	 39.578730 	 172.033126 	 36449.746501 	 1996193155.386204 
10950 	 -178.341090 	 178.341090 	 34128.479429 	 1462245049.281758 
10951 	 58.606573 	 190.430039 	 41561.120873 	 2311402965.246750 
10952 	 180.365314 	 180.365314 	 36510.295066 	 1828725925.323022 
10953 	 23.453844 	 124.046481 	 22375.804475 	 1028955299.273598 
10954 	 -209.978026 	 209.978026 	 46801.143202 	 2621765791.241444 
10955 	 -198.870006 	 198.870006 	 42133.279785 	 2201145713.800009 
10956 	 -75.703745 	 166.894859 	 32927.659451 	 1571696698.315584 
10957 	 -125.485676 	 193.825690 	 45336.253963 	 2952499724.064218 
10958 	 158.184467 	 164.087389 	 31512.198811 	 1428782743.977041 
10959 	 -124.037357 	 171.933422 	 34698.215273 	 1741188326.516733 
10960 	 18.118474 	 159.652122 	 30715.801124 	 1410736986.357989 
10961 	 -78.727329 	 150.301050 	 27484.487372 	 1150469450.739523 
10962 	 97.723354 	 190.560641 	 41794.017348 	 2381550078.867560 
10963 	 133.177193 	 148.702488 	 27954.690793 	 1332454011.598227 
10964 	 232.101649 	 232.101649 	 55982.018562 	 3552259320.198685 
10965 	 214.533958 	 214.533958 	 48925.163227 	 2818448201.845925 
10966 	 178.857256 	 180.012482 	 36668.751377 	 1849934710.961642 
10967 	 -80.264630 	 190.628785 	 40308.070500 	 2030223654.176236 
10968 	 -159.167029 	 173.845250 	 36093.677555 	 1931327250.590035 
10969 	 134.897299 	 157.290880 	 33372.892583 	 1949503481.132846 
10970 	 -196.001986 	 196.001986 	 41110.361834 	 2097914453.858091 
10971 	 82.437414 	 170.334589 	 34935.848477 	 1866082973.600533 
10972 	 110.556784 	 136.027157 	 24378.574694 	 1016047768.559411 
10973 	 -167.323046 	 195.080617 	 44872.040627 	 2833590443.745195 
10974 	 -189.427844 	 192.898705 	 42937.252957 	 2530026650.441116 
10975 	 98.547723 	 159.019571 	 31822.075269 	 1633810719.030058 
10976 	 204.498700 	 204.498700 	 44353.377685 	 2373154330.915013 
10977 	 -129.678339 	 155.330336 	 29021.380327 	 1321938722.001113 
10978 	 -220.944990 	 220.944990 	 51712.663812 	 3238248551.286368 
10979 	 -196.731518 	 196.778372 	 42845.239404 	 2380876621.888139 
10980 	 -33.505010 	 180.010894 	 39141.182544 	 2257811352.302714 
10981 	 -59.774726 	 171.967612 	 34339.353996 	 1717721048.348444 
10982 	 -110.982450 	 135.578265 	 22549.721616 	 818803331.824322 
10983 	 91.015921 	 171.916623 	 36048.300876 	 1963788848.323558 
10984 	 -180.979603 	 182.233902 	 39235.858042 	 2163342830.087224 
10985 	 -168.350144 	 170.629628 	 33546.880523 	 1578334176.953379 
10986 	 -210.218704 	 210.344376 	 48380.452894 	 2918172893.935699 
10987 	 62.440163 	 191.145624 	 43149.901503 	 2615120978.999746 
10988 	 -21.425621 	 138.073380 	 26543.967486 	 1301280895.801804 
10989 	 -225.467839 	 225.467839 	 53779.547167 	 3366598525.160305 
10990 	 71.835570 	 181.651164 	 39041.431357 	 2293890736.593379 
10991 	 186.428331 	 186.428331 	 38298.815593 	 1904166069.825027 
10992 	 30.901522 	 159.901892 	 31950.850921 	 1655214733.974252 
10993 	 108.880313 	 165.635223 	 33170.235987 	 1695912868.877124 
10994 	 149.364355 	 152.061706 	 30020.353069 	 1576285297.771223 
10995 	 -24.108391 	 191.706338 	 41639.034129 	 2257383015.272544 
10996 	 107.054897 	 112.028573 	 16970.383230 	 551902046.282115 
10997 	 -45.531324 	 119.550687 	 21077.632368 	 990790618.273016 
10998 	 172.011282 	 172.087173 	 34010.206639 	 1663016780.693104 
10999 	 193.425010 	 194.291314 	 43373.532654 	 2553497550.502731 
11000 	 166.653576 	 188.967304 	 39721.924151 	 2079270051.671257 

%ACCRATE = 0.895159
