%%%%%%%%%%%%%%%%%%%%%%%%%%%%%%%%%%%%%%%%%%%%%%%%%%%%%%%%%%%%%%%%%%%%%%%%%%%
%SIMULAZIONE D = 3, L = 8, V = 512
%NUMERO DI MISURE PER OGNI naccu: T = 1000
%%%%%%%%%%%%%%%%%%%%%%%%%%%%%%%%%%%%%%%%%%%%%%%%%%%%%%%%%%%%%%%%%%%%%%%%%%%
%naccu = 64
%%%%%%%%%%%%%%%%%%%%%%%%%%%%%%%%%%%%%%%%%%%%%%%%%%%%%%%%%%%%%%%%%%%%%%%%%%%

%%%%%%%%%%%%%%%%%%%%%%%%%%%%%%%%%%%%%%%%%%%%%%%%%%%%%%%%%%%%%%%%%%%%%%%%%%%

6001 	 -259.814619 	 259.814619 	 68232.577560 	 4843941769.082792 
6002 	 -174.801746 	 174.801746 	 32099.738911 	 1206704315.436575 
6003 	 -93.626191 	 93.626191 	 10193.583252 	 169740232.291629 
6004 	 -202.171804 	 202.171804 	 44418.101629 	 2563384475.305645 
6005 	 -106.240499 	 106.240499 	 13688.292147 	 336642436.146512 
6006 	 -119.265132 	 120.574665 	 18233.287768 	 519923751.942660 
6007 	 -36.088495 	 49.436031 	 4263.784600 	 50274067.253985 
6008 	 -54.871080 	 70.418770 	 6713.823109 	 85873681.963929 
6009 	 -17.626055 	 43.006948 	 2431.130436 	 12385716.289209 
6010 	 86.133485 	 89.109169 	 10387.873408 	 188163658.710584 
6011 	 156.867998 	 156.867998 	 27645.511309 	 1026943980.880587 
6012 	 164.717469 	 164.717469 	 27601.283501 	 814005983.001716 
6013 	 185.459963 	 185.459963 	 37285.226254 	 1726777621.322779 
6014 	 156.317539 	 156.317539 	 26987.659565 	 950889930.999373 
6015 	 212.796122 	 212.796122 	 48380.545830 	 2851496128.836994 
6016 	 265.232333 	 265.232333 	 71465.559649 	 5419998374.509247 
6017 	 83.971860 	 88.726313 	 10712.986360 	 224506025.840800 
6018 	 187.942180 	 187.942180 	 40254.477349 	 2227601922.491779 
6019 	 254.399745 	 254.399745 	 65365.424244 	 4447569691.174105 
6020 	 220.684134 	 220.684134 	 50395.074331 	 2844230362.834143 
6021 	 235.647426 	 235.647426 	 56700.879403 	 3471271713.290843 
6022 	 195.967553 	 195.967553 	 39631.591575 	 1777432495.066808 
6023 	 108.868879 	 108.868879 	 13364.567903 	 257311320.900015 
6024 	 132.696511 	 132.696511 	 21464.539037 	 782263888.544103 
6025 	 234.950506 	 234.950506 	 56181.104419 	 3373672266.441940 
6026 	 58.192048 	 90.803414 	 10191.514402 	 187941053.496204 
6027 	 -109.224118 	 109.224118 	 12765.621083 	 203101564.817939 
6028 	 -122.153772 	 122.153772 	 17374.703003 	 509968616.267262 
6029 	 -229.220124 	 229.220124 	 54873.990450 	 3498756792.029419 
6030 	 -235.205284 	 235.205284 	 56431.536353 	 3421205244.513280 
6031 	 -237.623136 	 237.623136 	 56954.482908 	 3354951056.524236 
6032 	 -231.457203 	 231.457203 	 54279.144029 	 3084169046.787710 
6033 	 -63.336944 	 66.234609 	 9327.998221 	 273829289.472404 
6034 	 -11.119528 	 31.040102 	 1547.150168 	 6616955.452492 
6035 	 55.619066 	 71.912643 	 8342.349748 	 197788897.001396 
6036 	 188.469713 	 188.469713 	 37100.905307 	 1605683141.724141 
6037 	 164.218968 	 164.218968 	 29168.659600 	 1088226211.511590 
6038 	 184.782854 	 184.782854 	 35519.543741 	 1467117196.599099 
6039 	 280.991422 	 280.991422 	 79442.410726 	 6464217652.846883 
6040 	 150.659430 	 150.659430 	 24327.599847 	 748557797.257705 
6041 	 137.675002 	 137.675002 	 20989.517705 	 614972391.859249 
6042 	 119.816614 	 119.816614 	 15355.647517 	 298350714.445918 
6043 	 164.097268 	 164.097268 	 28419.993947 	 933140800.351200 
6044 	 143.758996 	 143.758996 	 21409.299326 	 517024841.713752 
6045 	 199.088058 	 199.088058 	 41735.699072 	 2077517074.883883 
6046 	 181.661541 	 181.661541 	 35283.673965 	 1585582234.664316 
6047 	 194.021364 	 194.021364 	 41429.220694 	 2273990302.787200 
6048 	 256.711898 	 256.711898 	 66451.765992 	 4557106532.641673 
6049 	 212.374771 	 212.374771 	 47138.301583 	 2597203037.996461 
6050 	 250.623517 	 250.623517 	 63448.965702 	 4190083266.197795 
6051 	 222.864016 	 222.864016 	 50535.862027 	 2723228851.720931 
6052 	 201.604083 	 201.604083 	 41429.610822 	 1843039814.990632 
6053 	 142.570097 	 142.570097 	 20919.255776 	 484467847.327134 
6054 	 186.941492 	 186.941492 	 35384.444455 	 1307698997.540315 
6055 	 213.926253 	 213.926253 	 46419.547932 	 2276162377.422073 
6056 	 254.126257 	 254.126257 	 65047.695407 	 4356363824.181636 
6057 	 253.590444 	 253.590444 	 65763.370121 	 4728833655.631024 
6058 	 209.928474 	 209.928474 	 44793.777593 	 2139296242.239988 
6059 	 150.363254 	 150.363254 	 23631.795640 	 646119304.881125 
6060 	 111.559286 	 111.559286 	 13323.062851 	 221253134.301851 
6061 	 105.038097 	 105.038097 	 11546.302266 	 158660906.672237 
6062 	 129.354805 	 129.354805 	 17336.278058 	 333784820.298168 
6063 	 192.014273 	 192.014273 	 37802.852336 	 1571774960.496314 
6064 	 171.321485 	 171.321485 	 32305.729422 	 1326970562.178206 
6065 	 -1.091617 	 41.901400 	 2368.816302 	 10768355.212084 
6066 	 -36.549064 	 54.854472 	 4912.107060 	 73194630.703374 
6067 	 -89.835691 	 89.835691 	 9018.271262 	 112507985.807299 
6068 	 -199.665475 	 199.665475 	 41910.389437 	 2063732235.175646 
6069 	 -149.587119 	 149.587119 	 25103.318590 	 909875005.916003 
6070 	 -44.664578 	 47.128820 	 3790.886898 	 47335260.595599 
6071 	 -2.806505 	 50.716609 	 3444.331807 	 22507315.136021 
6072 	 52.439989 	 56.909151 	 4738.812822 	 49535374.733066 
6073 	 191.846138 	 191.846138 	 37425.954550 	 1492610803.523014 
6074 	 202.853265 	 202.853265 	 42726.362530 	 2076158117.510252 
6075 	 108.945492 	 108.945492 	 12666.789121 	 205938182.884565 
6076 	 208.527837 	 208.527837 	 44087.601767 	 2050177132.942843 
6077 	 213.218656 	 213.218656 	 46543.289246 	 2371267505.131595 
6078 	 282.214996 	 282.214996 	 80215.304132 	 6617244502.917191 
6079 	 251.039487 	 251.039487 	 63500.080810 	 4155667792.122615 
6080 	 203.139085 	 203.139085 	 41959.151263 	 1879738971.035295 
6081 	 277.997377 	 277.997377 	 77745.389143 	 6184959881.793128 
6082 	 231.935560 	 231.935560 	 55913.172423 	 3566327764.873658 
6083 	 265.686440 	 265.686440 	 71415.091186 	 5331908606.574477 
6084 	 202.094125 	 202.094125 	 41956.002237 	 1944432090.196418 
6085 	 253.023501 	 253.023501 	 64833.528279 	 4403695642.821001 
6086 	 215.031426 	 215.031426 	 47600.065861 	 2518793736.132500 
6087 	 179.742329 	 179.742329 	 33221.702997 	 1223179461.992816 
6088 	 226.300107 	 226.300107 	 52084.611320 	 2901779447.338846 
6089 	 222.741510 	 222.741510 	 51306.321618 	 2923251686.574965 
6090 	 220.516818 	 220.516818 	 49657.707924 	 2678662485.656772 
6091 	 221.391386 	 221.391386 	 49436.456389 	 2523976148.800825 
6092 	 225.825608 	 225.825608 	 53689.909257 	 3446623667.506310 
6093 	 228.890775 	 228.890775 	 54251.014147 	 3376392404.029008 
6094 	 218.926664 	 218.926664 	 48448.866383 	 2447186231.018813 
6095 	 275.087467 	 275.087467 	 76967.669529 	 6317385820.701319 
6096 	 276.280960 	 276.280960 	 77101.555850 	 6174175979.811711 
6097 	 172.893209 	 172.893209 	 35037.151100 	 1847799766.661980 
6098 	 195.023493 	 195.023493 	 45651.549062 	 3238320835.768474 
6099 	 230.016680 	 230.016680 	 53255.537539 	 2908906719.140578 
6100 	 207.704083 	 207.704083 	 44587.599190 	 2205653415.954029 
6101 	 108.384138 	 108.384138 	 13943.332687 	 345948048.683684 
6102 	 115.212375 	 115.212375 	 14428.319365 	 266550612.492754 
6103 	 -40.115051 	 85.604947 	 8755.257224 	 114860892.488569 
6104 	 -189.269877 	 189.269877 	 36989.811242 	 1553024319.414655 
6105 	 -178.945176 	 178.945176 	 38544.530382 	 2416858303.274106 
6106 	 -88.179752 	 88.179752 	 9644.466539 	 154227083.123772 
6107 	 -92.230816 	 92.230816 	 11616.806176 	 286061321.860942 
6108 	 -134.455825 	 134.455825 	 20045.103567 	 585092172.602530 
6109 	 -175.651410 	 175.651410 	 32136.672026 	 1165434729.106598 
6110 	 -10.983832 	 52.857160 	 4170.173430 	 36033828.016630 
6111 	 153.903754 	 153.903754 	 24382.461576 	 656164128.085619 
6112 	 124.246863 	 124.246863 	 16160.732470 	 308694501.975271 
6113 	 40.860446 	 47.457963 	 3466.824225 	 29311886.243052 
6114 	 -55.194995 	 55.194995 	 3794.370894 	 24635370.157476 
6115 	 48.225509 	 58.384670 	 4384.779255 	 36157959.310120 
6116 	 -28.794447 	 58.720072 	 4475.049339 	 34716637.973188 
6117 	 -145.057833 	 145.057833 	 22226.403637 	 597512225.450535 
6118 	 -179.881919 	 179.881919 	 34021.957906 	 1356360804.275312 
6119 	 -199.504022 	 199.504022 	 41329.528139 	 1932933645.812674 
6120 	 -190.152143 	 190.152143 	 38040.707524 	 1696650766.953326 
6121 	 -145.941377 	 145.941377 	 22503.455397 	 611609927.215705 
6122 	 -171.195529 	 171.195529 	 30326.389587 	 1033544506.821709 
6123 	 -144.820139 	 144.820139 	 22354.889591 	 634815761.987519 
6124 	 -259.171345 	 259.171345 	 68094.707830 	 4898198765.517997 
6125 	 -249.450764 	 249.450764 	 63154.168005 	 4220017679.140855 
6126 	 -234.105545 	 234.105545 	 55691.633848 	 3300311995.418532 
6127 	 -239.544476 	 239.544476 	 58389.948895 	 3627680790.054996 
6128 	 -217.604406 	 217.604406 	 48427.166444 	 2543953662.204645 
6129 	 -224.224531 	 224.224531 	 52203.909438 	 3110552646.000374 
6130 	 -234.500881 	 234.500881 	 55794.988076 	 3279621774.333576 
6131 	 -183.186334 	 183.186334 	 35520.098060 	 1528387059.727139 
6132 	 15.863964 	 46.783291 	 2894.021973 	 16499234.638391 
6133 	 31.152128 	 54.008467 	 3657.051379 	 22049464.784917 
6134 	 -115.966577 	 115.966577 	 14898.107868 	 304320044.304838 
6135 	 -219.011890 	 219.011890 	 49677.126345 	 2803663039.485980 
6136 	 -230.075827 	 230.075827 	 54155.055033 	 3207818066.344396 
6137 	 -184.787535 	 184.787535 	 35235.130434 	 1382562512.469391 
6138 	 -224.923236 	 224.923236 	 51956.590263 	 2950794709.202163 
6139 	 -255.777359 	 255.777359 	 65945.141203 	 4488011632.495659 
6140 	 -247.370007 	 247.370007 	 62298.102180 	 4179646123.759545 
6141 	 -212.726272 	 212.726272 	 47761.395867 	 2761541641.714178 
6142 	 -236.418479 	 236.418479 	 56479.858593 	 3324899845.080062 
6143 	 -209.047892 	 209.047892 	 45390.712654 	 2332476779.261991 
6144 	 -102.812763 	 102.812763 	 11064.141065 	 142269415.452800 
6145 	 -97.346399 	 99.206564 	 11085.589558 	 154574428.961838 
6146 	 66.775855 	 74.483677 	 7572.900060 	 97178597.104785 
6147 	 -16.480418 	 73.518066 	 6628.011418 	 71516473.820122 
6148 	 -189.114261 	 189.114261 	 37341.741664 	 1588186978.378064 
6149 	 -260.248244 	 260.248244 	 68333.176826 	 4829428082.029600 
6150 	 -230.925805 	 230.925805 	 55933.670508 	 3656879473.465189 
6151 	 -258.967701 	 258.967701 	 68354.435361 	 5040813299.941446 
6152 	 -285.224026 	 285.224026 	 81743.673331 	 6804588045.857693 
6153 	 -251.563128 	 251.563128 	 66913.451299 	 5296685379.327728 
6154 	 -140.305248 	 140.305248 	 21724.537702 	 736895186.981489 
6155 	 -247.024088 	 247.024088 	 61539.232069 	 3908546631.023934 
6156 	 -232.822332 	 232.822332 	 55605.725581 	 3373896708.059190 
6157 	 -242.861262 	 242.861262 	 61004.932534 	 4198761192.909572 
6158 	 -258.897338 	 258.897338 	 67854.395475 	 4820728148.560943 
6159 	 -236.853079 	 236.853079 	 57026.282493 	 3464079313.784408 
6160 	 -190.130227 	 190.130227 	 37028.758221 	 1493795174.712497 
6161 	 -150.850139 	 150.850139 	 24063.921919 	 689267106.908409 
6162 	 -200.240595 	 200.240595 	 41958.199282 	 2056172868.948642 
6163 	 -197.519474 	 197.519474 	 39570.262491 	 1654180142.167402 
6164 	 -185.375637 	 185.375637 	 35568.260872 	 1416349975.558239 
6165 	 -117.615894 	 117.615894 	 14279.737356 	 229814842.828064 
6166 	 -157.750000 	 157.750000 	 25751.492861 	 745644326.245015 
6167 	 -83.680670 	 83.904955 	 10137.051382 	 211899765.508165 
6168 	 11.606124 	 33.942967 	 1566.927676 	 4844131.052262 
6169 	 -106.915299 	 106.915299 	 12845.794353 	 219692089.152937 
6170 	 84.102631 	 102.291964 	 14242.545942 	 391955240.424547 
6171 	 186.894947 	 186.894947 	 36101.353321 	 1485431098.966269 
6172 	 188.984705 	 188.984705 	 36414.853959 	 1424108340.463845 
6173 	 204.814699 	 204.814699 	 43817.450977 	 2231846429.578337 
6174 	 284.903663 	 284.903663 	 81564.660632 	 6778566514.900445 
6175 	 266.331021 	 266.331021 	 71762.614401 	 5376270164.014206 
6176 	 204.756331 	 204.756331 	 43291.972696 	 2092515736.162945 
6177 	 249.455167 	 249.455167 	 63308.944150 	 4268225953.180075 
6178 	 193.328864 	 193.328864 	 39272.656417 	 1773331647.948797 
6179 	 146.280567 	 146.280567 	 22773.488330 	 658450849.702039 
6180 	 203.546474 	 203.546474 	 42092.524387 	 1868581958.285461 
6181 	 182.256139 	 182.256139 	 34956.017052 	 1455260102.247901 
6182 	 158.104790 	 158.104790 	 26114.621858 	 787572703.561341 
6183 	 173.883581 	 173.883581 	 30659.220471 	 994696835.261122 
6184 	 286.589933 	 286.589933 	 82723.105004 	 7035905652.045237 
6185 	 219.088081 	 219.088081 	 51997.648340 	 3287703039.376115 
6186 	 153.103905 	 153.103905 	 27034.974751 	 1020492051.299097 
6187 	 178.643426 	 178.643426 	 33001.642513 	 1226088290.380554 
6188 	 164.968540 	 164.968540 	 27511.306798 	 790480290.198605 
6189 	 5.757849 	 81.203525 	 7712.014539 	 92848675.137924 
6190 	 -141.051388 	 141.051388 	 20976.962966 	 541404528.763901 
6191 	 -233.879028 	 233.879028 	 55331.525029 	 3210382620.991693 
6192 	 -203.866218 	 203.866218 	 42549.646533 	 1972322422.473465 
6193 	 -155.625537 	 155.625537 	 27001.335597 	 984307927.744375 
6194 	 -173.670107 	 173.670107 	 30895.906501 	 1053337363.195267 
6195 	 -208.882030 	 208.882030 	 44233.249934 	 2055951738.158205 
6196 	 -182.719693 	 182.719693 	 35089.194621 	 1452386261.352724 
6197 	 -132.181972 	 132.181972 	 20239.731587 	 591974784.807585 
6198 	 -162.179177 	 162.179177 	 27503.215965 	 906891550.263551 
6199 	 -258.250042 	 258.250042 	 67310.065716 	 4692113272.013271 
6200 	 -159.343271 	 159.343271 	 26944.569180 	 880233734.868319 
6201 	 -231.436103 	 231.436103 	 54205.829180 	 3077000892.027170 
6202 	 -265.329752 	 265.329752 	 71421.242049 	 5377276469.398242 
6203 	 -172.694854 	 172.694854 	 31089.662434 	 1121074349.624739 
6204 	 -81.874053 	 83.206709 	 11174.535873 	 365948524.147829 
6205 	 -61.226316 	 61.226316 	 4209.740667 	 24899237.927597 
6206 	 -102.985523 	 102.985523 	 12172.863911 	 223490522.375982 
6207 	 -113.533542 	 113.533542 	 14511.086470 	 290576788.409202 
6208 	 -143.561443 	 143.561443 	 22257.391775 	 626729552.414601 
6209 	 -61.569787 	 61.831870 	 5075.888528 	 52371024.415044 
6210 	 62.423139 	 63.756424 	 5350.415049 	 51998573.160160 
6211 	 199.634886 	 199.634886 	 40928.458565 	 1870086732.173481 
6212 	 246.655946 	 246.655946 	 61560.362691 	 3951074074.627007 
6213 	 211.396922 	 211.396922 	 47567.487642 	 2700705048.506651 
6214 	 34.171243 	 66.732396 	 5813.878944 	 61092392.879677 
6215 	 -109.751353 	 109.751353 	 13904.649881 	 285667151.534728 
6216 	 -98.280420 	 98.280420 	 12378.756948 	 264690033.146913 
6217 	 -93.376471 	 93.376471 	 9918.278117 	 136930936.896178 
6218 	 -120.348346 	 120.348346 	 16795.825713 	 410054109.720157 
6219 	 -171.894828 	 171.894828 	 31235.420206 	 1143850644.220084 
6220 	 -145.425558 	 145.726183 	 24046.968844 	 774835404.393296 
6221 	 -112.183706 	 112.545310 	 16498.613409 	 426649345.860111 
6222 	 -210.680471 	 210.680471 	 47435.337807 	 2859827736.924513 
6223 	 -182.801044 	 182.801044 	 34274.830271 	 1285124846.963644 
6224 	 -189.981993 	 189.981993 	 37141.567724 	 1512772642.268720 
6225 	 -176.627482 	 176.627482 	 33037.853909 	 1329178718.755906 
6226 	 -173.218432 	 173.218432 	 30813.720625 	 1049495229.200284 
6227 	 -155.140027 	 155.140027 	 25198.095997 	 765879647.981022 
6228 	 -201.801116 	 201.801116 	 41251.676569 	 1785113216.514961 
6229 	 -240.473394 	 240.473394 	 58325.539520 	 3523731878.696252 
6230 	 -269.706352 	 269.706352 	 73297.777318 	 5533559314.775227 
6231 	 -248.751490 	 248.751490 	 63160.765664 	 4326676310.617374 
6232 	 -216.303950 	 216.303950 	 47918.684156 	 2484059821.691792 
6233 	 -214.602234 	 214.602234 	 48752.747117 	 2856776062.655998 
6234 	 -107.229225 	 116.692062 	 21128.091555 	 933792616.146216 
6235 	 -44.588332 	 45.884405 	 2824.452540 	 16509121.190212 
6236 	 -46.617211 	 51.469426 	 3342.042475 	 18689978.923886 
6237 	 -95.402993 	 95.402993 	 10962.956763 	 203183856.896682 
6238 	 -219.660313 	 219.660313 	 50461.390851 	 2896709054.777846 
6239 	 -241.352305 	 241.352305 	 59402.822065 	 3764023263.427354 
6240 	 -143.760492 	 143.760492 	 22675.422590 	 710926256.292183 
6241 	 -254.634624 	 254.634624 	 66572.621012 	 4852287368.252994 
6242 	 -162.108444 	 162.108444 	 26743.938927 	 765598093.076287 
6243 	 -128.486796 	 128.486796 	 18262.457540 	 447416321.737929 
6244 	 -218.982563 	 218.982563 	 49935.837374 	 2905920201.258989 
6245 	 -131.417371 	 131.417371 	 19180.686554 	 491301611.897877 
6246 	 -114.323014 	 114.323014 	 15884.370302 	 422068786.984875 
6247 	 -87.105371 	 87.105371 	 9021.841026 	 142781376.886401 
6248 	 -2.761693 	 48.601408 	 2808.001821 	 12386649.074230 
6249 	 123.908033 	 124.398929 	 18806.328595 	 548439045.326734 
6250 	 210.519324 	 210.519324 	 45335.305782 	 2247620356.378850 
6251 	 233.789244 	 233.789244 	 55539.049898 	 3264468809.291376 
6252 	 167.035365 	 167.035365 	 30554.695287 	 1205344083.426773 
6253 	 179.386404 	 179.386404 	 36103.676774 	 1790145789.803358 
6254 	 183.510751 	 183.510751 	 35340.506970 	 1513872449.778092 
6255 	 244.056798 	 244.056798 	 61560.582491 	 4261633212.263368 
6256 	 132.612061 	 132.612061 	 21476.146027 	 790253273.435916 
6257 	 43.027844 	 49.980929 	 3533.372408 	 24788055.741923 
6258 	 46.730889 	 49.838076 	 3531.884109 	 28142765.808731 
6259 	 -19.906944 	 45.574284 	 3486.149712 	 30374440.668116 
6260 	 -206.899633 	 206.899633 	 44171.186014 	 2185546085.430712 
6261 	 -213.310954 	 213.310954 	 46625.583978 	 2385040632.906136 
6262 	 -184.695899 	 184.695899 	 34719.338132 	 1291562924.200053 
6263 	 -261.153709 	 261.153709 	 70028.753804 	 5397983291.576105 
6264 	 -242.517908 	 242.517908 	 60238.136064 	 3960845842.112741 
6265 	 -156.656486 	 156.656486 	 27091.956744 	 1112078443.155634 
6266 	 -95.083454 	 95.083454 	 9794.622229 	 120996667.881903 
6267 	 -125.166665 	 125.166665 	 17448.562102 	 410227524.064430 
6268 	 -126.031561 	 126.031561 	 16909.857454 	 351308108.739186 
6269 	 -105.852088 	 105.852088 	 12173.597498 	 188373551.174702 
6270 	 -146.865804 	 146.865804 	 22262.912663 	 555737492.738499 
6271 	 -224.016601 	 224.016601 	 51166.856271 	 2823139368.065777 
6272 	 -215.997333 	 215.997333 	 47119.543849 	 2306172059.751669 
6273 	 -248.163413 	 248.163413 	 62468.816805 	 4117132453.120546 
6274 	 -191.202255 	 191.202255 	 38228.626537 	 1717511450.838718 
6275 	 -146.913595 	 146.913595 	 23873.922616 	 737276270.739301 
6276 	 -198.708879 	 198.708879 	 40095.005556 	 1700033757.602688 
6277 	 -237.218578 	 237.218578 	 57049.632634 	 3423905571.972088 
6278 	 -250.827802 	 250.827802 	 63355.450475 	 4122706220.513010 
6279 	 -210.894974 	 210.894974 	 45582.397778 	 2289191473.425090 
6280 	 -210.133933 	 210.133933 	 44630.402931 	 2075222894.336583 
6281 	 -222.428394 	 222.428394 	 49973.740025 	 2595728704.810215 
6282 	 -143.691484 	 143.691484 	 24833.016997 	 978957228.742714 
6283 	 -180.997687 	 180.997687 	 42412.948807 	 3304187030.950579 
6284 	 -260.185217 	 260.185217 	 68412.038793 	 4879790516.001596 
6285 	 -151.206852 	 151.206852 	 24622.477084 	 769498205.747111 
6286 	 -195.028546 	 195.028546 	 38863.326798 	 1632534944.436226 
6287 	 -239.473808 	 239.473808 	 57676.656386 	 3402488855.705297 
6288 	 -251.859992 	 251.859992 	 64098.422114 	 4285587415.644923 
6289 	 -213.880119 	 213.880119 	 46160.730027 	 2208909195.040157 
6290 	 -215.179612 	 215.179612 	 46993.968063 	 2335691529.845137 
6291 	 -80.595074 	 81.453273 	 9093.531477 	 174501562.270902 
6292 	 51.509847 	 56.340666 	 4185.485972 	 32146007.589138 
6293 	 168.299983 	 168.299983 	 31275.745321 	 1307521629.131502 
6294 	 246.949900 	 246.949900 	 61807.911195 	 4026323792.805629 
6295 	 220.883019 	 220.883019 	 49523.728450 	 2596467610.004058 
6296 	 239.659274 	 239.659274 	 57781.969389 	 3415656937.203446 
6297 	 155.198819 	 155.198819 	 25235.399109 	 758547530.927556 
6298 	 221.066658 	 221.066658 	 49936.452776 	 2688995665.902419 
6299 	 199.536905 	 199.536905 	 42252.088364 	 2105994458.869018 
6300 	 156.042119 	 156.042119 	 29811.053342 	 1552516070.401186 
6301 	 111.055097 	 111.055097 	 13991.906888 	 274578787.595814 
6302 	 102.671245 	 102.671245 	 11445.117948 	 166122839.639616 
6303 	 5.108905 	 34.186191 	 1766.835970 	 7951071.010113 
6304 	 152.672345 	 152.672345 	 31821.582925 	 1832005723.195298 
6305 	 262.805915 	 262.805915 	 69908.213157 	 5111271472.152151 
6306 	 188.892500 	 188.892500 	 37513.930189 	 1685237503.383745 
6307 	 238.796878 	 238.796878 	 58250.842933 	 3681975443.159678 
6308 	 245.315831 	 245.315831 	 61800.045474 	 4225368403.839727 
6309 	 207.805977 	 207.805977 	 44024.529026 	 2081208318.921754 
6310 	 130.421267 	 130.421267 	 20699.477236 	 755879229.530466 
6311 	 178.259389 	 178.259389 	 34834.389421 	 1565866576.155234 
6312 	 123.043840 	 123.043840 	 17372.561945 	 440773041.596232 
6313 	 56.236620 	 69.642021 	 7681.328759 	 155800251.405884 
6314 	 -158.761230 	 158.761230 	 32768.943931 	 1835507728.505152 
6315 	 -122.382845 	 125.595108 	 22816.383831 	 931385184.551851 
6316 	 161.286367 	 161.286367 	 28889.116585 	 1042599050.619346 
6317 	 216.072055 	 216.072055 	 47123.566989 	 2299402649.376777 
6318 	 180.871521 	 180.871521 	 33400.620804 	 1223865617.634224 
6319 	 145.080232 	 145.080232 	 24046.014223 	 839019763.165521 
6320 	 140.532763 	 140.532763 	 20333.377221 	 458809618.221387 
6321 	 73.069002 	 73.069002 	 6663.822683 	 72359469.712953 
6322 	 21.452251 	 45.014168 	 2771.979239 	 17232175.841884 
6323 	 -25.857015 	 54.607036 	 4538.006669 	 49063040.983538 
6324 	 -121.245858 	 121.245858 	 16780.618273 	 417754128.901429 
6325 	 -102.414634 	 102.414634 	 12069.222140 	 220834543.611327 
6326 	 -92.477726 	 92.477726 	 9604.166724 	 127457393.593067 
6327 	 88.865030 	 111.906704 	 16249.444219 	 452836666.388940 
6328 	 213.052236 	 213.052236 	 46248.917953 	 2288747987.286075 
6329 	 244.289701 	 244.289701 	 61187.460222 	 4116491678.252711 
6330 	 199.338210 	 199.338210 	 40563.552055 	 1789423393.202945 
6331 	 233.105734 	 233.105734 	 57055.297644 	 3878200728.846888 
6332 	 270.243117 	 270.243117 	 73240.033172 	 5426160280.465117 
6333 	 141.507689 	 148.910661 	 31189.014313 	 1878243697.787925 
6334 	 -59.101201 	 59.101201 	 3959.810113 	 24849761.935141 
6335 	 -95.126116 	 99.235503 	 12719.633302 	 263264699.916509 
6336 	 -4.036927 	 44.792496 	 3053.635971 	 22007273.993601 
6337 	 71.474783 	 83.108721 	 9084.038518 	 145356795.762656 
6338 	 53.669770 	 55.116700 	 3977.610641 	 31034280.678599 
6339 	 213.217917 	 213.217917 	 46550.132409 	 2364723383.768605 
6340 	 175.404026 	 175.404026 	 31429.579731 	 1075731489.746415 
6341 	 252.410599 	 252.410599 	 64929.385473 	 4499172689.083330 
6342 	 173.412379 	 173.412379 	 32092.030701 	 1253710233.635626 
6343 	 243.228148 	 243.228148 	 60196.379497 	 3870690520.228020 
6344 	 212.630160 	 212.630160 	 47207.674115 	 2597893646.520296 
6345 	 235.107843 	 235.107843 	 55956.175919 	 3288561785.832806 
6346 	 203.323695 	 203.323695 	 44520.611309 	 2588510589.226554 
6347 	 228.487674 	 228.487674 	 54321.818458 	 3379599762.701235 
6348 	 217.245792 	 217.245792 	 48737.744208 	 2681883652.716273 
6349 	 268.745635 	 268.745635 	 72759.101606 	 5446665063.882066 
6350 	 273.006115 	 273.006115 	 75224.977902 	 5870487888.205924 
6351 	 223.395372 	 223.395372 	 51925.617635 	 3060166498.179128 
6352 	 172.782176 	 172.782176 	 31879.167891 	 1298569386.267140 
6353 	 213.945595 	 213.945595 	 47218.705141 	 2504828944.694886 
6354 	 224.439044 	 224.439044 	 51144.781681 	 2774681502.944027 
6355 	 243.446736 	 243.446736 	 59619.094783 	 3638495308.292574 
6356 	 164.778799 	 164.778799 	 30465.490141 	 1327550049.503172 
6357 	 176.462816 	 176.462816 	 31856.989763 	 1100203965.716922 
6358 	 224.965168 	 224.965168 	 51402.909654 	 2796139360.294488 
6359 	 256.224054 	 256.224054 	 66498.634383 	 4647470713.268412 
6360 	 259.986315 	 259.986315 	 70013.431117 	 5530975815.149998 
6361 	 73.604595 	 76.363698 	 10179.538536 	 305843456.061230 
6362 	 8.190076 	 28.168016 	 1518.464272 	 10982750.480319 
6363 	 17.141090 	 68.615656 	 6719.765055 	 91285935.439569 
6364 	 55.578982 	 79.432896 	 9184.892440 	 196047496.395552 
6365 	 219.501133 	 219.501133 	 48596.134453 	 2438676145.254987 
6366 	 235.956224 	 235.956224 	 56926.677694 	 3500864219.871858 
6367 	 229.450097 	 229.450097 	 53277.963934 	 2967557949.929058 
6368 	 253.985007 	 253.985007 	 66638.357376 	 4935493625.119614 
6369 	 255.171245 	 255.171245 	 66190.605167 	 4670825598.879617 
6370 	 193.225462 	 193.225462 	 40762.618644 	 2188449377.537229 
6371 	 268.544017 	 268.544017 	 73452.392134 	 5781548507.992056 
6372 	 223.545407 	 223.545407 	 51471.521029 	 2999752927.905744 
6373 	 245.891097 	 245.891097 	 61208.606833 	 3926629335.220738 
6374 	 211.084332 	 211.084332 	 45502.565738 	 2236371440.384993 
6375 	 194.487763 	 194.487763 	 39801.763116 	 1898105461.786805 
6376 	 270.332739 	 270.332739 	 73991.747674 	 5761127100.641114 
6377 	 250.562618 	 250.562618 	 63386.957257 	 4176738055.791268 
6378 	 204.771172 	 204.771172 	 42537.755155 	 1917581462.216409 
6379 	 182.226078 	 182.226078 	 35306.227842 	 1510054676.948771 
6380 	 205.940679 	 205.940679 	 43054.350991 	 1963933968.949330 
6381 	 222.086382 	 222.086382 	 50854.240289 	 2892722548.378438 
6382 	 258.435768 	 258.435768 	 67135.478494 	 4600201328.931354 
6383 	 253.083183 	 253.083183 	 66874.640568 	 5051002902.624520 
6384 	 109.869076 	 109.869076 	 13474.994466 	 271430277.113647 
6385 	 103.511569 	 103.750501 	 15039.588037 	 428035592.265729 
6386 	 153.619901 	 153.619901 	 26017.903377 	 902024961.605509 
6387 	 252.686374 	 252.686374 	 64929.684150 	 4478726927.918649 
6388 	 74.686634 	 74.686634 	 6823.919041 	 73178520.782226 
6389 	 79.211950 	 79.788670 	 8504.331243 	 123816038.399788 
6390 	 59.416977 	 63.687667 	 6487.403243 	 113407232.988978 
6391 	 196.203497 	 196.203497 	 40830.829278 	 2047661587.509801 
6392 	 250.296952 	 250.296952 	 63646.292249 	 4311711278.414661 
6393 	 266.806859 	 266.806859 	 72152.830755 	 5464670023.852769 
6394 	 216.829848 	 216.829848 	 47567.568093 	 2369526684.049272 
6395 	 202.878594 	 202.878594 	 42111.932599 	 1920183851.545112 
6396 	 257.779481 	 257.779481 	 67403.527076 	 4789446824.849231 
6397 	 246.706295 	 246.706295 	 62334.845262 	 4207698807.987535 
6398 	 251.505818 	 251.505818 	 64955.816612 	 4683356735.575887 
6399 	 249.072334 	 249.072334 	 62978.311021 	 4200587605.042021 
6400 	 286.741450 	 286.741450 	 82536.647023 	 6917568571.157325 
6401 	 231.564768 	 231.564768 	 54176.966641 	 3054088586.346934 
6402 	 161.876861 	 161.876861 	 26865.023623 	 786364300.689102 
6403 	 203.708886 	 203.708886 	 42293.408435 	 1912722121.816437 
6404 	 199.384399 	 199.384399 	 40521.906066 	 1761932341.192554 
6405 	 221.417591 	 221.417591 	 50350.585481 	 2799220575.010928 
6406 	 256.571013 	 256.571013 	 66468.360871 	 4585512846.255147 
6407 	 215.958031 	 215.958031 	 47388.536761 	 2396214791.648129 
6408 	 234.489179 	 234.489179 	 57353.082238 	 3848226228.945277 
6409 	 243.172910 	 243.172910 	 60040.798999 	 3812677372.601816 
6410 	 183.909305 	 183.909305 	 36218.509174 	 1573578613.957281 
6411 	 223.607701 	 223.607701 	 50612.172246 	 2684082951.843221 
6412 	 247.904230 	 247.904230 	 62826.990252 	 4255261006.057584 
6413 	 229.436844 	 229.436844 	 53605.681494 	 3086697161.255413 
6414 	 207.706717 	 207.706717 	 44050.235904 	 2089234404.382244 
6415 	 204.294473 	 204.294473 	 44964.193615 	 2508117622.687572 
6416 	 228.945197 	 228.945197 	 52918.283331 	 2904886263.645547 
6417 	 211.551380 	 211.551380 	 47249.630227 	 2728085870.414175 
6418 	 223.162776 	 223.162776 	 50927.540950 	 2842731198.848187 
6419 	 249.296430 	 249.296430 	 63303.838341 	 4275099522.626475 
6420 	 167.526244 	 167.526244 	 30368.837362 	 1173936158.596807 
6421 	 140.299804 	 140.299804 	 21981.996901 	 685865648.218938 
6422 	 45.635560 	 46.557374 	 3012.170526 	 19659140.047623 
6423 	 -55.126331 	 59.607340 	 4697.901349 	 41049070.992225 
6424 	 -120.529003 	 120.529003 	 15690.353400 	 317566447.235516 
6425 	 -94.879740 	 94.879740 	 11330.046928 	 226935535.447479 
6426 	 4.870822 	 28.891129 	 1210.734491 	 3145457.344316 
6427 	 117.165576 	 118.226204 	 16495.203752 	 380716374.488584 
6428 	 123.401933 	 123.401933 	 18210.956321 	 578603205.743346 
6429 	 142.002986 	 142.002986 	 21121.324175 	 524200453.280174 
6430 	 176.743531 	 176.743531 	 31917.896137 	 1102747593.659220 
6431 	 227.854146 	 227.854146 	 53262.020450 	 3113776816.304578 
6432 	 178.789974 	 178.789974 	 33282.455996 	 1280082402.143366 
6433 	 182.580705 	 182.580705 	 34429.558604 	 1320211523.695396 
6434 	 232.056911 	 232.056911 	 55281.003153 	 3335703418.074672 
6435 	 197.880630 	 197.880630 	 41229.540343 	 2044782069.292979 
6436 	 212.866892 	 212.866892 	 47661.506843 	 2740043343.227593 
6437 	 230.819693 	 230.819693 	 54465.917955 	 3221554505.155136 
6438 	 238.631278 	 238.631278 	 58119.508750 	 3656223506.330613 
6439 	 217.551125 	 217.551125 	 47955.323749 	 2423884071.202883 
6440 	 213.861022 	 213.861022 	 46496.212060 	 2296902850.014493 
6441 	 212.207829 	 212.207829 	 48081.722531 	 2802649343.132882 
6442 	 148.774165 	 148.774165 	 27013.278753 	 1135743624.721231 
6443 	 173.859535 	 173.859535 	 32221.591107 	 1281558589.229265 
6444 	 148.332869 	 148.332869 	 23521.365871 	 690721263.886738 
6445 	 63.171959 	 89.746801 	 12620.737951 	 370663072.606305 
6446 	 -86.969309 	 91.321774 	 11278.492397 	 216847592.556621 
6447 	 -135.918970 	 135.918970 	 18988.936179 	 398348507.680818 
6448 	 -149.073357 	 149.073357 	 22639.644478 	 550032147.040733 
6449 	 -142.579553 	 142.579553 	 21224.834718 	 524609107.497560 
6450 	 -151.106208 	 151.106208 	 26416.791510 	 1052596450.429255 
6451 	 -242.951161 	 242.951161 	 59648.821821 	 3704735331.854799 
6452 	 -245.739576 	 245.739576 	 60818.668613 	 3804877379.903497 
6453 	 -268.124013 	 268.124013 	 72819.004877 	 5564781981.024707 
6454 	 -213.526092 	 213.526092 	 46536.993012 	 2339677679.321069 
6455 	 -239.743379 	 239.743379 	 60245.849126 	 4200292646.906298 
6456 	 -287.320731 	 287.320731 	 83724.664700 	 7409165416.779937 
6457 	 -255.322910 	 255.322910 	 65942.336018 	 4538357729.321995 
6458 	 -241.234844 	 241.234844 	 59055.666233 	 3690452763.353904 
6459 	 -219.442175 	 219.442175 	 48744.427536 	 2492155261.514037 
6460 	 -237.986294 	 237.986294 	 57162.180715 	 3393505506.674332 
6461 	 -173.761094 	 173.761094 	 31176.847193 	 1083422081.249624 
6462 	 -186.578889 	 186.578889 	 35948.688666 	 1459668147.919687 
6463 	 -253.276371 	 253.276371 	 65127.771918 	 4468522259.773190 
6464 	 -230.715939 	 230.715939 	 54261.586764 	 3160852877.786613 
6465 	 -183.597207 	 183.597207 	 34973.096220 	 1420090302.063310 
6466 	 -213.272542 	 213.272542 	 47018.076594 	 2464734365.033574 
6467 	 -182.847676 	 182.847676 	 34531.893443 	 1338233571.548720 
6468 	 -241.803566 	 241.803566 	 59077.564466 	 3633476007.602877 
6469 	 -257.326964 	 257.326964 	 67290.863581 	 4819382011.716898 
6470 	 -251.860227 	 251.860227 	 65020.273865 	 4626307843.227130 
6471 	 -144.020403 	 144.020403 	 25867.230970 	 1090257179.150494 
6472 	 -58.756770 	 62.533194 	 5802.237866 	 85683313.114883 
6473 	 -118.569198 	 118.569198 	 15816.114982 	 356173342.605399 
6474 	 -204.823673 	 204.823673 	 44874.369168 	 2488968495.930674 
6475 	 -216.236789 	 216.236789 	 47721.593148 	 2461508156.425010 
6476 	 -228.931425 	 228.931425 	 52890.427987 	 2905732313.400952 
6477 	 -270.195958 	 270.195958 	 74335.909175 	 5902094810.607914 
6478 	 -276.732567 	 276.732567 	 77847.471919 	 6428970247.682805 
6479 	 -117.792634 	 117.792634 	 16763.473594 	 577001647.810856 
6480 	 81.406536 	 112.498528 	 17516.474720 	 548449824.736576 
6481 	 199.167461 	 199.167461 	 40024.119530 	 1659858769.809025 
6482 	 158.353822 	 158.353822 	 26446.520054 	 845109248.478894 
6483 	 145.860063 	 145.860063 	 22837.811983 	 694405996.141824 
6484 	 251.797025 	 251.797025 	 64315.945504 	 4387256178.210055 
6485 	 275.647318 	 275.647318 	 76595.777593 	 6072047890.768512 
6486 	 230.946021 	 230.946021 	 53824.385145 	 2998172609.578528 
6487 	 264.923937 	 264.923937 	 71149.004182 	 5310953956.218952 
6488 	 242.399877 	 242.399877 	 59828.271924 	 3836232948.790058 
6489 	 260.263201 	 260.263201 	 68474.951649 	 4882872757.660773 
6490 	 266.243511 	 266.243511 	 71673.799820 	 5352300994.833649 
6491 	 253.229854 	 253.229854 	 65137.002201 	 4516843091.273410 
6492 	 265.772946 	 265.772946 	 71308.790144 	 5267063958.192201 
6493 	 261.315481 	 261.315481 	 69027.524164 	 4963039073.910154 
6494 	 275.369876 	 275.369876 	 76462.811962 	 6044956051.058163 
6495 	 216.408806 	 216.408806 	 47732.459401 	 2454354316.637209 
6496 	 206.785446 	 206.785446 	 44216.176415 	 2230437112.700825 
6497 	 80.529700 	 82.954636 	 11561.837476 	 303057761.748536 
6498 	 227.422611 	 227.422611 	 53399.425736 	 3198726317.177214 
6499 	 235.089547 	 235.089547 	 60582.797323 	 4633670830.523764 
6500 	 140.794152 	 140.794152 	 25425.028131 	 1493789086.606312 
6501 	 159.809536 	 159.809536 	 29887.679979 	 1273758324.918429 
6502 	 67.796950 	 80.315489 	 10011.527944 	 254712182.008475 
6503 	 139.845098 	 139.845098 	 20633.889529 	 536497000.035453 
6504 	 66.285569 	 66.405396 	 5665.272566 	 57253199.573659 
6505 	 -21.151089 	 24.545965 	 973.835142 	 2810032.012122 
6506 	 112.762547 	 114.441798 	 17570.891264 	 563684315.972446 
6507 	 232.776361 	 232.776361 	 54956.338331 	 3175890094.239679 
6508 	 226.222999 	 226.222999 	 52052.275772 	 2886835667.414565 
6509 	 232.705941 	 232.705941 	 54698.886521 	 3112530345.598891 
6510 	 139.288160 	 139.288160 	 21650.849263 	 678940170.516571 
6511 	 97.585847 	 97.585847 	 10703.730192 	 158353580.562424 
6512 	 172.562679 	 172.562679 	 30529.605953 	 1012565617.893125 
6513 	 158.207414 	 158.207414 	 26552.088878 	 846355772.614161 
6514 	 115.257447 	 115.257447 	 17895.761933 	 622329461.713902 
6515 	 262.505219 	 262.505219 	 69867.527840 	 5152431912.211972 
6516 	 123.477345 	 124.076804 	 19933.065580 	 668802342.149141 
6517 	 107.012208 	 107.560933 	 15021.195338 	 395856698.607821 
6518 	 197.799643 	 197.799643 	 43399.833582 	 2607135307.827764 
6519 	 210.830973 	 210.830973 	 46296.576003 	 2489971922.569108 
6520 	 220.573470 	 220.573470 	 49675.991862 	 2667149662.457371 
6521 	 212.640163 	 212.640163 	 46032.634721 	 2270120002.428748 
6522 	 200.771813 	 200.771813 	 41011.575233 	 1799375037.739894 
6523 	 227.216737 	 227.216737 	 52687.761389 	 3006436192.432171 
6524 	 172.990315 	 172.990315 	 33274.470358 	 1569549907.162801 
6525 	 237.063465 	 237.063465 	 57859.497663 	 3766196937.590900 
6526 	 222.492222 	 222.492222 	 49849.716353 	 2553543597.959005 
6527 	 236.809139 	 236.809139 	 57324.055988 	 3567183433.077213 
6528 	 217.821078 	 217.821078 	 47889.779471 	 2378578209.535074 
6529 	 181.224712 	 181.224712 	 34010.479463 	 1301093122.900789 
6530 	 118.428636 	 118.428636 	 16368.172204 	 475105619.396625 
6531 	 165.473290 	 165.473290 	 29078.680937 	 1023801504.242154 
6532 	 147.455802 	 147.455802 	 22522.721054 	 573378323.610060 
6533 	 135.454066 	 135.454066 	 18949.088961 	 403197800.009886 
6534 	 133.277727 	 133.277727 	 18429.017229 	 387319378.160197 
6535 	 140.012203 	 140.012203 	 19971.443217 	 426522785.442933 
6536 	 99.834913 	 99.834913 	 12411.093144 	 237739457.580069 
6537 	 56.350423 	 62.159438 	 5921.876619 	 80003769.375851 
6538 	 12.371749 	 24.366637 	 837.402847 	 1560938.135248 
6539 	 29.969504 	 41.355146 	 2451.976231 	 13853714.465578 
6540 	 137.654351 	 137.654351 	 21974.010627 	 757016324.038311 
6541 	 109.965610 	 109.965610 	 14841.960134 	 354914170.732736 
6542 	 82.603416 	 89.317643 	 14144.445943 	 492344511.007286 
6543 	 170.428560 	 170.428560 	 29692.450455 	 959751324.145346 
6544 	 203.409081 	 203.409081 	 42236.382155 	 1909297921.376245 
6545 	 226.265852 	 226.265852 	 52461.993347 	 2990684677.732248 
6546 	 252.572803 	 252.572803 	 64199.621174 	 4228240023.346937 
6547 	 163.643936 	 163.643936 	 28210.312259 	 959762440.455534 
6548 	 138.874695 	 138.874695 	 20244.393331 	 495037438.481407 
6549 	 178.332752 	 178.332752 	 34262.800267 	 1493170138.126510 
6550 	 170.978783 	 170.978783 	 30563.214535 	 1107224805.206496 
6551 	 219.168670 	 219.168670 	 48751.690122 	 2512845233.340254 
6552 	 253.371396 	 253.371396 	 64733.687761 	 4329321456.801897 
6553 	 251.700834 	 251.700834 	 64039.347030 	 4277957679.616595 
6554 	 227.690558 	 227.690558 	 52631.403373 	 2941675984.937766 
6555 	 244.135786 	 244.135786 	 60450.538936 	 3850743134.311872 
6556 	 235.501378 	 235.501378 	 56490.992432 	 3420831880.742957 
6557 	 182.988154 	 182.988154 	 34907.510636 	 1416719252.198435 
6558 	 203.593632 	 203.593632 	 42631.219879 	 1992305485.877716 
6559 	 164.342384 	 164.342384 	 27780.786258 	 852041438.576117 
6560 	 190.510682 	 190.510682 	 40050.141830 	 1985673342.481692 
6561 	 179.153331 	 179.153331 	 36126.466818 	 1752368681.518713 
6562 	 220.003301 	 220.003301 	 49016.655119 	 2518074626.701216 
6563 	 217.839919 	 217.839919 	 48379.038482 	 2516139649.997274 
6564 	 232.746059 	 232.746059 	 55138.119337 	 3254852491.307549 
6565 	 246.490625 	 246.490625 	 61302.628998 	 3890883901.991593 
6566 	 226.259445 	 226.259445 	 51749.645770 	 2793538180.344589 
6567 	 175.581853 	 175.581853 	 31607.670436 	 1093979293.074987 
6568 	 198.290544 	 198.290544 	 40152.080598 	 1742345336.732793 
6569 	 278.877784 	 278.877784 	 78411.802915 	 6334362497.689721 
6570 	 248.916893 	 248.916893 	 63312.341038 	 4315085869.744615 
6571 	 175.680967 	 175.680967 	 32201.441487 	 1205901965.056996 
6572 	 103.187384 	 104.546389 	 14907.368990 	 429247352.673634 
6573 	 -52.893324 	 57.423803 	 5529.001836 	 82694066.576558 
6574 	 56.653580 	 79.859890 	 9977.838590 	 213106490.060739 
6575 	 178.751991 	 178.751991 	 33976.509329 	 1357420678.651320 
6576 	 48.165926 	 50.962291 	 3890.461401 	 35820812.872806 
6577 	 196.021792 	 196.021792 	 41436.908331 	 2062734582.321054 
6578 	 229.935773 	 229.935773 	 53668.965403 	 3042980141.837321 
6579 	 268.743660 	 268.743660 	 73024.690758 	 5563360575.306203 
6580 	 228.360479 	 228.360479 	 52880.511858 	 2942611984.837151 
6581 	 223.696846 	 223.696846 	 50489.083380 	 2640372623.786956 
6582 	 150.830967 	 150.830967 	 29257.309895 	 1425564575.809369 
6583 	 61.595634 	 62.486522 	 4766.601612 	 34796108.971472 
6584 	 8.485652 	 36.348995 	 2323.977578 	 18502045.762843 
6585 	 111.045140 	 111.045140 	 13095.535386 	 212168804.679654 
6586 	 39.394995 	 65.393482 	 5814.065099 	 62289421.470388 
6587 	 3.888042 	 34.731571 	 1732.070652 	 6990929.280106 
6588 	 80.500564 	 80.661612 	 7482.548961 	 82114789.528404 
6589 	 44.983378 	 46.298337 	 2879.344616 	 15623333.859420 
6590 	 95.041806 	 95.041806 	 11499.121294 	 229646101.322009 
6591 	 137.025450 	 137.025450 	 20347.558042 	 535801744.954330 
6592 	 124.142815 	 124.142815 	 17284.812217 	 405588378.597846 
6593 	 -52.064789 	 63.110944 	 5153.685330 	 49740131.118606 
6594 	 29.103273 	 70.018204 	 6260.109609 	 74141054.985727 
6595 	 49.998121 	 50.449859 	 3521.908023 	 26870046.917845 
6596 	 37.318050 	 48.963660 	 3354.555955 	 26882169.288499 
6597 	 45.240818 	 49.943012 	 4083.031839 	 47480621.207139 
6598 	 132.415007 	 132.415007 	 18378.666512 	 396783710.698896 
6599 	 205.928135 	 205.928135 	 43576.357601 	 2083578817.063994 
6600 	 199.012032 	 199.012032 	 43883.539409 	 2575444886.089784 
6601 	 97.124358 	 97.124358 	 10489.680971 	 175120005.752362 
6602 	 233.354304 	 233.354304 	 55361.543343 	 3255462162.795278 
6603 	 243.627214 	 243.627214 	 62574.916733 	 4630792847.222193 
6604 	 87.868169 	 102.774554 	 15411.230122 	 562465777.827734 
6605 	 -27.821415 	 41.202085 	 2448.489530 	 13169308.471697 
6606 	 66.787193 	 70.345904 	 6913.901643 	 96560195.943631 
6607 	 -91.003778 	 91.003778 	 10618.783872 	 189776465.948709 
6608 	 -12.012694 	 52.495747 	 3586.715476 	 23230975.576941 
6609 	 35.859409 	 41.253991 	 2262.967096 	 12358526.855053 
6610 	 133.166239 	 133.166239 	 20966.632890 	 625838199.232063 
6611 	 232.648589 	 232.648589 	 56634.297413 	 3686640049.854795 
6612 	 56.619612 	 59.067848 	 5980.041675 	 107453511.469718 
6613 	 178.631227 	 178.631227 	 35121.574148 	 1609684206.977024 
6614 	 187.041826 	 187.041826 	 38655.156099 	 1821093758.688752 
6615 	 4.519428 	 23.631080 	 927.139524 	 2808860.259913 
6616 	 26.381615 	 34.755435 	 1780.353299 	 6739321.026180 
6617 	 125.838682 	 125.838682 	 17717.527869 	 419889389.787656 
6618 	 208.551127 	 208.551127 	 44382.395655 	 2114002999.831104 
6619 	 147.257986 	 147.257986 	 24767.379324 	 858458930.784929 
6620 	 211.718619 	 211.718619 	 49099.638337 	 3304543431.993386 
6621 	 200.193572 	 200.193572 	 42418.832973 	 2124029788.439533 
6622 	 163.750913 	 163.750913 	 27518.665039 	 834888792.933135 
6623 	 164.087094 	 164.087094 	 27963.366615 	 892510321.857533 
6624 	 105.844954 	 106.085472 	 15015.451078 	 443250787.671704 
6625 	 107.212525 	 107.212525 	 14182.182502 	 318724890.391023 
6626 	 163.734609 	 163.734609 	 27984.226879 	 899344711.425467 
6627 	 249.453648 	 249.453648 	 63705.723832 	 4415564553.229383 
6628 	 221.367718 	 221.367718 	 50828.917957 	 2918671679.435433 
6629 	 263.530402 	 263.530402 	 69964.413758 	 5034953597.940573 
6630 	 222.450138 	 222.450138 	 49960.209857 	 2590247447.699465 
6631 	 229.352939 	 229.352939 	 54324.481966 	 3304903714.144359 
6632 	 145.856188 	 145.856188 	 23829.682530 	 786814226.697795 
6633 	 210.630161 	 210.630161 	 47243.570787 	 2714332428.273209 
6634 	 177.828455 	 177.828455 	 33509.055816 	 1411233637.904433 
6635 	 78.180216 	 78.180216 	 6838.549304 	 65470898.394656 
6636 	 -66.918879 	 82.486711 	 9700.809040 	 199219933.984033 
6637 	 -154.604206 	 154.604206 	 24951.581129 	 713278962.166022 
6638 	 -78.646415 	 78.646415 	 7868.814609 	 124549403.744872 
6639 	 -161.961763 	 161.961763 	 27229.564885 	 848922680.340704 
6640 	 -197.100523 	 197.100523 	 41006.344256 	 2017269784.615878 
6641 	 -252.451683 	 252.451683 	 64827.226285 	 4461333527.712337 
6642 	 -131.982919 	 131.982919 	 22479.301564 	 961047083.859520 
6643 	 136.328692 	 141.012708 	 27993.451199 	 1510906604.735180 
6644 	 240.142490 	 240.142490 	 58294.550815 	 3545859449.393203 
6645 	 169.836772 	 169.836772 	 29573.570965 	 951516396.257845 
6646 	 118.669790 	 119.397708 	 18466.615257 	 519153354.536505 
6647 	 182.422133 	 182.422133 	 36619.331837 	 1771184072.396792 
6648 	 265.435585 	 265.435585 	 70777.710371 	 5100861918.830983 
6649 	 207.403671 	 207.403671 	 44032.030960 	 2105626956.027754 
6650 	 197.202660 	 197.202660 	 42684.092844 	 2404688846.133150 
6651 	 149.877356 	 149.877356 	 23743.396000 	 700727845.127194 
6652 	 225.577971 	 225.577971 	 52958.109941 	 3138028175.906777 
6653 	 218.931161 	 218.931161 	 48511.094889 	 2463222551.421661 
6654 	 258.978248 	 258.978248 	 67324.749067 	 4600240646.814732 
6655 	 274.721682 	 274.721682 	 77047.711401 	 6425261556.889349 
6656 	 280.908599 	 280.908599 	 79343.126719 	 6431117834.332760 
6657 	 299.831316 	 299.831316 	 90245.277564 	 8267644076.472085 
6658 	 284.812979 	 284.812979 	 81697.551789 	 6859362676.123531 
6659 	 238.268432 	 238.268432 	 57162.643925 	 3359383979.659743 
6660 	 235.848266 	 235.848266 	 57859.117225 	 3841833231.010890 
6661 	 236.256263 	 236.256263 	 57691.492575 	 3725842258.059024 
6662 	 196.952948 	 196.952948 	 40083.111935 	 1820105923.405904 
6663 	 230.132736 	 230.132736 	 54389.478504 	 3250424862.993456 
6664 	 231.700764 	 231.700764 	 54164.342500 	 3033725246.660089 
6665 	 193.866412 	 193.866412 	 39408.212269 	 1837684927.233944 
6666 	 210.743340 	 210.743340 	 47841.589760 	 2851943372.646817 
6667 	 249.899665 	 249.899665 	 63845.375041 	 4404003435.047953 
6668 	 195.735905 	 195.735905 	 38793.306301 	 1573874003.902405 
6669 	 243.805832 	 243.805832 	 60026.762116 	 3744109300.916327 
6670 	 261.007034 	 261.007034 	 68952.996133 	 4974705735.349834 
6671 	 144.324609 	 144.324609 	 21392.834347 	 505592876.849705 
6672 	 163.839042 	 163.839042 	 28037.133132 	 919398493.839555 
6673 	 285.261634 	 285.261634 	 82226.205254 	 7045790049.623839 
6674 	 259.262621 	 259.262621 	 67832.665961 	 4764218267.175786 
6675 	 167.884665 	 167.884665 	 30789.285763 	 1228433127.339931 
6676 	 177.014706 	 177.014706 	 33925.454408 	 1439779986.582151 
6677 	 173.803666 	 173.803666 	 33463.048758 	 1517152063.474510 
6678 	 291.079623 	 291.079623 	 85549.264384 	 7592074317.743215 
6679 	 213.413393 	 213.413393 	 46701.372302 	 2398645741.904521 
6680 	 181.130864 	 181.130864 	 34931.616944 	 1451095045.152802 
6681 	 -9.824566 	 55.909096 	 4978.210899 	 57972298.597777 
6682 	 82.854953 	 85.690813 	 8836.258374 	 112137690.282371 
6683 	 170.037996 	 170.037996 	 32790.251985 	 1418050237.462565 
6684 	 222.739890 	 222.739890 	 50175.222916 	 2630541114.534819 
6685 	 280.514016 	 280.514016 	 79743.772990 	 6684986127.371172 
6686 	 248.726965 	 248.726965 	 63848.990068 	 4509438643.917949 
6687 	 172.340772 	 172.340772 	 31652.471507 	 1239775249.856448 
6688 	 237.958091 	 237.958091 	 57461.938020 	 3498414718.076002 
6689 	 175.829154 	 175.829154 	 31958.324842 	 1131469080.876813 
6690 	 116.207139 	 116.207139 	 15497.939790 	 339945669.350379 
6691 	 151.519429 	 152.240779 	 31451.729771 	 1641263594.048647 
6692 	 226.971663 	 226.971663 	 52803.884159 	 3018506304.008970 
6693 	 180.188975 	 180.188975 	 38181.990222 	 2216106560.563341 
6694 	 122.398976 	 122.398976 	 15562.699343 	 276419726.665717 
6695 	 167.129849 	 167.129849 	 28792.266721 	 911702061.992659 
6696 	 107.490379 	 107.490379 	 12711.704281 	 238671835.956574 
6697 	 169.418729 	 169.418729 	 29434.080770 	 947931041.014332 
6698 	 227.310934 	 227.310934 	 54913.371405 	 3692918005.673397 
6699 	 265.477636 	 265.477636 	 71597.830527 	 5444792757.831954 
6700 	 168.887780 	 168.887780 	 32128.858215 	 1412261744.127769 
6701 	 180.670397 	 180.670397 	 33234.934064 	 1185162395.339503 
6702 	 194.642941 	 194.642941 	 38489.313056 	 1567037569.162070 
6703 	 180.034837 	 180.034837 	 34200.945267 	 1387056282.809651 
6704 	 123.644675 	 123.644675 	 16716.338351 	 401789660.574846 
6705 	 123.688190 	 123.688190 	 16332.930949 	 328515098.162237 
6706 	 37.506541 	 37.837057 	 2023.712867 	 9191703.524565 
6707 	 88.354367 	 92.812750 	 11875.503087 	 256629311.142992 
6708 	 227.020127 	 227.020127 	 52423.961048 	 2934928648.945406 
6709 	 284.386402 	 284.386402 	 82191.951929 	 7154581456.488226 
6710 	 230.529912 	 230.529912 	 53583.064881 	 2958570342.879774 
6711 	 186.268631 	 186.268631 	 35681.346016 	 1415107585.843727 
6712 	 239.049590 	 239.049590 	 58491.410292 	 3715208477.011126 
6713 	 180.335828 	 180.335828 	 37831.091697 	 2143321195.336485 
6714 	 92.051661 	 92.051661 	 10711.992298 	 178767722.155538 
6715 	 -84.691923 	 95.051921 	 10598.668621 	 162151592.910033 
6716 	 -179.067904 	 179.067904 	 32970.003994 	 1191951837.234181 
6717 	 -218.386245 	 218.386245 	 49647.886385 	 2847516087.568157 
6718 	 -249.058545 	 249.058545 	 62574.289664 	 4050187813.695547 
6719 	 -272.448964 	 272.448964 	 75457.710021 	 6060629646.066069 
6720 	 -261.844513 	 261.844513 	 69491.223488 	 5090003516.892879 
6721 	 -150.376641 	 150.376641 	 27265.277191 	 1286130286.808001 
6722 	 -81.861073 	 81.861073 	 9493.842858 	 190745274.954402 
6723 	 -137.715790 	 137.715790 	 20543.309509 	 549971551.679205 
6724 	 -53.460224 	 101.330716 	 12131.560998 	 219025281.152977 
6725 	 37.590517 	 84.240204 	 8700.425177 	 116640863.727775 
6726 	 -147.348126 	 147.348126 	 23695.763446 	 731815448.091070 
6727 	 -90.420132 	 90.420132 	 10026.101448 	 171727193.062066 
6728 	 -3.778167 	 23.630611 	 1191.255940 	 7464698.693809 
6729 	 -58.340023 	 66.695751 	 5647.242364 	 50667481.722888 
6730 	 -54.294430 	 54.855016 	 4086.030256 	 32672255.515410 
6731 	 39.913063 	 49.080030 	 4730.307802 	 72709755.816655 
6732 	 86.417912 	 86.417912 	 8096.496663 	 86525627.142783 
6733 	 72.311606 	 72.311606 	 5634.868714 	 41717974.448336 
6734 	 151.146398 	 151.146398 	 24461.528788 	 740730084.053324 
6735 	 4.358825 	 67.086397 	 5634.091064 	 52877402.921960 
6736 	 -121.217340 	 121.217340 	 16650.747774 	 388432954.115562 
6737 	 -182.882785 	 182.882785 	 35585.314861 	 1496797131.811137 
6738 	 -86.362566 	 86.430214 	 9767.446649 	 171956524.292759 
6739 	 -89.905535 	 89.905535 	 8846.927652 	 103543140.222456 
6740 	 -249.831240 	 249.831240 	 63234.082274 	 4188668049.771172 
6741 	 -224.854129 	 224.854129 	 51556.857151 	 2845601201.509108 
6742 	 -137.433993 	 137.433993 	 20069.443129 	 490145517.434609 
6743 	 -181.122164 	 181.122164 	 33806.924081 	 1278635240.769625 
6744 	 -160.059927 	 160.059927 	 28427.110114 	 1074653852.959630 
6745 	 -151.781218 	 151.781218 	 24009.823270 	 669042279.507691 
6746 	 -139.069378 	 139.069378 	 20150.511824 	 470449404.784469 
6747 	 -121.462321 	 121.462321 	 15985.303059 	 327952612.920946 
6748 	 -69.385882 	 69.385882 	 5957.969536 	 62762740.032628 
6749 	 -162.772784 	 162.772784 	 29505.575029 	 1156845169.842637 
6750 	 -215.014826 	 215.014826 	 47418.170480 	 2453553331.221682 
6751 	 -232.761309 	 232.761309 	 54977.491636 	 3194419798.763843 
6752 	 -217.047004 	 217.047004 	 50367.763813 	 3151453900.748529 
6753 	 -151.424795 	 151.424795 	 24519.868402 	 737793206.516890 
6754 	 31.238000 	 64.778931 	 6263.406584 	 95033788.736276 
6755 	 -5.438488 	 56.280516 	 4566.992039 	 42481540.583251 
6756 	 -219.450769 	 219.450769 	 50687.744822 	 3052846092.632437 
6757 	 -200.867062 	 200.867062 	 41576.270691 	 1930127511.431099 
6758 	 -195.053921 	 195.053921 	 38519.443076 	 1558401978.417856 
6759 	 -199.230601 	 199.230601 	 40984.675022 	 1878247020.732040 
6760 	 -211.597182 	 211.597182 	 45558.187467 	 2210324885.723031 
6761 	 -154.174180 	 154.174180 	 24876.196447 	 730452800.182732 
6762 	 -156.979180 	 156.979180 	 25615.253429 	 750967314.513162 
6763 	 -141.019857 	 141.019857 	 21950.242247 	 634395840.597761 
6764 	 -143.456393 	 143.456393 	 21166.601502 	 493831517.072619 
6765 	 -175.936368 	 175.936368 	 32785.095285 	 1324027628.362767 
6766 	 -209.324810 	 209.324810 	 44577.254576 	 2103678998.035383 
6767 	 -165.013927 	 165.013927 	 28345.738845 	 927674541.419889 
6768 	 -235.739127 	 235.739127 	 56737.030609 	 3465618955.155093 
6769 	 -263.444899 	 263.444899 	 70250.118801 	 5160644080.192501 
6770 	 -210.177159 	 210.177159 	 45127.167192 	 2207095506.538926 
6771 	 -132.734210 	 132.734210 	 18451.540183 	 400833799.678361 
6772 	 -223.399531 	 223.399531 	 51056.928252 	 2841608278.457152 
6773 	 -145.560623 	 145.560623 	 22457.054297 	 602272171.498659 
6774 	 -182.036960 	 182.036960 	 34610.566236 	 1377663834.157028 
6775 	 -264.000701 	 264.000701 	 72190.855979 	 5793365374.423462 
6776 	 -239.704176 	 239.704176 	 58399.818046 	 3634547613.333841 
6777 	 -294.537833 	 294.537833 	 87830.899606 	 8083668565.553244 
6778 	 -209.605075 	 209.605075 	 45606.054995 	 2357723036.654262 
6779 	 -152.577287 	 152.577287 	 24838.821354 	 800725865.003714 
6780 	 -133.163647 	 133.163647 	 18383.863571 	 383623456.747910 
6781 	 -191.816209 	 191.816209 	 38082.937151 	 1628978428.652230 
6782 	 -70.956019 	 70.956019 	 5436.300577 	 38662124.233309 
6783 	 -38.273779 	 93.937822 	 10316.178437 	 161963661.229908 
6784 	 152.700537 	 152.700537 	 26025.361386 	 1008074191.670097 
6785 	 239.819255 	 239.819255 	 58048.743619 	 3499755647.497035 
6786 	 275.700328 	 275.700328 	 76505.715012 	 6005490143.807957 
6787 	 266.163811 	 266.163811 	 71419.470124 	 5257640229.780429 
6788 	 214.907089 	 214.907089 	 49232.156788 	 3096806155.035258 
6789 	 133.000730 	 133.000730 	 18911.329694 	 449241682.702555 
6790 	 29.196614 	 44.106123 	 2592.930305 	 12913817.339292 
6791 	 -15.803945 	 34.973797 	 2295.699735 	 19353128.587928 
6792 	 -96.745925 	 96.840575 	 12235.925084 	 268738343.997232 
6793 	 21.601756 	 38.085220 	 2310.061826 	 13779695.449019 
6794 	 -20.596665 	 59.728147 	 5789.576431 	 87485192.385216 
6795 	 -68.043172 	 68.043172 	 5723.687842 	 62148260.074856 
6796 	 -43.915815 	 61.605887 	 8305.672734 	 228449215.243933 
6797 	 -39.087075 	 41.359441 	 2612.251939 	 16017841.640427 
6798 	 -78.923526 	 79.055931 	 8693.751739 	 150998908.930974 
6799 	 -180.182284 	 180.182284 	 32932.030810 	 1143523509.911152 
6800 	 -195.339864 	 195.339864 	 39736.903997 	 1813776317.811335 
6801 	 -261.176236 	 261.176236 	 69104.799127 	 5017177476.980248 
6802 	 -257.356122 	 257.356122 	 68866.694766 	 5254912600.321630 
6803 	 -1.744762 	 101.153127 	 12725.281748 	 253920346.355941 
6804 	 181.447728 	 181.447728 	 33733.604966 	 1241991221.877044 
6805 	 178.180174 	 178.180174 	 32343.573346 	 1124384068.317261 
6806 	 207.858298 	 207.858298 	 43936.018695 	 2053520273.786049 
6807 	 146.457317 	 146.457317 	 23537.751511 	 790561916.660086 
6808 	 224.001242 	 224.001242 	 50845.890475 	 2722739976.666852 
6809 	 179.075623 	 179.075623 	 32916.540493 	 1184116436.825352 
6810 	 111.019949 	 111.019949 	 13153.997422 	 220545233.764234 
6811 	 145.120116 	 145.120116 	 21406.130050 	 487224621.423733 
6812 	 199.917508 	 199.917508 	 41420.051352 	 1968451705.589171 
6813 	 279.219608 	 279.219608 	 79019.016312 	 6565230442.648464 
6814 	 220.285117 	 220.285117 	 50314.181006 	 2939646621.055125 
6815 	 173.001863 	 173.001863 	 30391.033113 	 977181464.685961 
6816 	 202.472624 	 202.472624 	 41945.716025 	 1914556412.951552 
6817 	 262.746497 	 262.746497 	 69809.802451 	 5101606799.654572 
6818 	 214.600677 	 214.600677 	 46623.918761 	 2278228975.652225 
6819 	 191.348576 	 191.348576 	 37294.506097 	 1490797091.461891 
6820 	 184.907073 	 184.907073 	 35150.720017 	 1367135962.376326 
6821 	 235.118189 	 235.118189 	 57122.387669 	 3595771193.343421 
6822 	 216.979559 	 216.979559 	 48353.549755 	 2570533234.234631 
6823 	 118.248365 	 118.248365 	 14897.464083 	 283383821.105368 
6824 	 128.876058 	 128.876058 	 17481.002585 	 366320941.860886 
6825 	 167.158270 	 167.158270 	 28649.587775 	 904113716.873618 
6826 	 152.361635 	 152.361635 	 26732.427273 	 1031089205.627054 
6827 	 -22.628236 	 36.807790 	 2467.776854 	 24922918.210940 
6828 	 -122.964386 	 122.964386 	 17841.156741 	 528120636.150731 
6829 	 -114.022675 	 114.022675 	 15567.929620 	 355780846.051262 
6830 	 -161.675645 	 162.539191 	 31479.935802 	 1331527428.201479 
6831 	 -217.915597 	 217.915597 	 48518.869483 	 2546093621.170565 
6832 	 -86.447701 	 88.204361 	 12051.599770 	 363464791.161053 
6833 	 13.993137 	 34.511159 	 1626.860317 	 4811471.268118 
6834 	 164.642234 	 164.922230 	 33602.394930 	 1698195572.335654 
6835 	 248.302771 	 248.302771 	 62872.152361 	 4264232275.098108 
6836 	 244.305803 	 244.305803 	 61020.803045 	 4021266628.322512 
6837 	 221.751545 	 221.751545 	 49827.486729 	 2600997335.356498 
6838 	 196.897149 	 196.897149 	 39629.283112 	 1686288152.182905 
6839 	 221.284222 	 221.284222 	 50507.215123 	 2847045857.545804 
6840 	 192.777264 	 192.777264 	 38131.324383 	 1590353701.774114 
6841 	 136.703161 	 136.703161 	 20465.981267 	 570996886.146016 
6842 	 112.357819 	 112.357819 	 13264.091777 	 212499720.506795 
6843 	 46.307023 	 50.620588 	 3674.528870 	 28127306.123297 
6844 	 -161.500080 	 163.528477 	 33662.411663 	 1724113577.013217 
6845 	 -281.976707 	 281.976707 	 80313.718120 	 6700829373.640284 
6846 	 -208.583200 	 208.583200 	 46505.474483 	 2682552766.348318 
6847 	 -256.375105 	 256.375105 	 67011.406052 	 4804317673.923643 
6848 	 -244.240940 	 244.240940 	 62312.038225 	 4572786710.629731 
6849 	 -112.240989 	 112.240989 	 14240.261449 	 297348442.287099 
6850 	 -84.416998 	 84.416998 	 9117.775137 	 172471510.212720 
6851 	 -218.052988 	 218.052988 	 48627.224426 	 2558029567.513053 
6852 	 -194.918463 	 194.918463 	 46586.311333 	 3125249249.580122 
6853 	 -107.367111 	 107.367111 	 12411.976804 	 199106961.927598 
6854 	 -62.012862 	 63.701363 	 5275.739366 	 49636742.011339 
6855 	 -60.482149 	 60.872699 	 4468.221007 	 32536235.402513 
6856 	 -144.253489 	 144.253489 	 22887.852246 	 674945998.994014 
6857 	 -196.279979 	 196.279979 	 39676.612115 	 1764188395.885906 
6858 	 -195.587387 	 195.587387 	 39032.151963 	 1645497523.505188 
6859 	 -62.599787 	 77.245666 	 8984.962568 	 176455395.283899 
6860 	 108.945244 	 108.945244 	 14951.096844 	 392863393.141947 
6861 	 249.481209 	 249.481209 	 63190.417466 	 4227965598.443398 
6862 	 189.137773 	 189.137773 	 36341.748995 	 1399639523.888782 
6863 	 164.793157 	 164.793157 	 28634.805880 	 972722603.440131 
6864 	 191.766094 	 191.766094 	 38432.356893 	 1696065842.690716 
6865 	 182.561440 	 182.561440 	 34581.069956 	 1356954167.137553 
6866 	 172.909702 	 172.909702 	 30608.805828 	 1018127931.321380 
6867 	 183.475646 	 183.475646 	 35055.430969 	 1437706572.212698 
6868 	 161.142531 	 161.142531 	 26826.039354 	 805694877.670381 
6869 	 167.345182 	 167.345182 	 28814.943673 	 916353346.312013 
6870 	 176.041675 	 176.041675 	 32013.076480 	 1137358595.498295 
6871 	 116.357555 	 116.357555 	 14365.210247 	 256104260.723141 
6872 	 85.471460 	 85.600771 	 8399.937227 	 98562829.055814 
6873 	 -82.132565 	 84.007562 	 9147.556678 	 139465346.196045 
6874 	 -93.508204 	 93.508204 	 10974.587966 	 208513550.208923 
6875 	 -206.862742 	 206.862742 	 43279.910950 	 1961762147.926202 
6876 	 -161.413742 	 161.413742 	 27175.765514 	 862443463.595326 
6877 	 -217.899656 	 217.899656 	 50841.558405 	 3207622867.414600 
6878 	 -176.616505 	 176.616505 	 34034.247107 	 1479457429.530191 
6879 	 -204.626549 	 204.626549 	 42524.349458 	 1922236501.597824 
6880 	 -201.447762 	 201.447762 	 41946.162809 	 1984078103.908990 
6881 	 -88.782087 	 106.238329 	 14579.432382 	 336748777.076834 
6882 	 141.305674 	 141.305674 	 21454.465194 	 549623857.923550 
6883 	 144.151059 	 144.151059 	 22704.418604 	 696552995.360001 
6884 	 44.783062 	 51.313493 	 4107.705164 	 44484215.888054 
6885 	 209.698724 	 209.698724 	 47360.525781 	 2792705724.357528 
6886 	 100.941367 	 102.480957 	 12744.572843 	 254481528.892530 
6887 	 1.528174 	 14.912037 	 345.898102 	 300429.735260 
6888 	 104.716672 	 106.260905 	 13878.597025 	 341288400.731677 
6889 	 218.723526 	 218.723526 	 48950.747972 	 2600437491.005139 
6890 	 170.817290 	 170.817290 	 29971.229681 	 991557845.705899 
6891 	 5.788051 	 35.337413 	 2097.437687 	 12736956.861990 
6892 	 -98.070920 	 98.070920 	 11693.548317 	 228502586.966185 
6893 	 -213.929299 	 213.929299 	 48744.241176 	 2838269455.087096 
6894 	 -159.892023 	 159.892023 	 26664.771590 	 811865173.371143 
6895 	 -210.664346 	 210.664346 	 44971.536734 	 2128555508.079705 
6896 	 -216.277618 	 216.277618 	 47152.188570 	 2296141752.174399 
6897 	 -205.496170 	 205.496170 	 42686.943868 	 1895294840.282353 
6898 	 -194.606164 	 194.606164 	 38825.454164 	 1658944662.184192 
6899 	 -236.615641 	 236.615641 	 57933.370829 	 3794532745.470476 
6900 	 -215.930895 	 215.930895 	 47515.849223 	 2434640958.612140 
6901 	 -199.014676 	 199.014676 	 40291.358634 	 1729670152.366184 
6902 	 -185.877246 	 185.877246 	 35216.396737 	 1325028228.601927 
6903 	 -220.779285 	 220.779285 	 49772.608871 	 2663426062.493258 
6904 	 -134.248040 	 137.082406 	 25645.935140 	 1156431207.600539 
6905 	 -119.140266 	 122.350321 	 17569.189094 	 438741629.736299 
6906 	 -144.255834 	 144.255834 	 21428.294965 	 511520865.176759 
6907 	 -234.014848 	 234.014848 	 57660.931780 	 3940346354.299307 
6908 	 -237.470812 	 237.470812 	 57398.731107 	 3526842582.814233 
6909 	 -142.135770 	 142.135770 	 21699.949385 	 593166625.425639 
6910 	 -150.430207 	 150.430207 	 23811.051650 	 675274412.065531 
6911 	 -17.684077 	 56.207615 	 4147.006612 	 30882754.485695 
6912 	 154.743029 	 154.743029 	 25845.046912 	 863359186.637922 
6913 	 146.611744 	 146.611744 	 26192.420716 	 1058058923.381163 
6914 	 101.669307 	 101.669307 	 11335.286185 	 170211582.206841 
6915 	 71.990912 	 76.633321 	 7921.915770 	 122057335.604146 
6916 	 144.637157 	 144.637157 	 26069.115652 	 1247187760.332840 
6917 	 225.172250 	 225.172250 	 51208.575860 	 2727874946.555339 
6918 	 155.231252 	 155.231252 	 24786.586850 	 683618609.402745 
6919 	 170.517622 	 170.517622 	 30237.074640 	 1056791354.334902 
6920 	 180.448437 	 180.448437 	 33323.984346 	 1196747319.967124 
6921 	 155.300576 	 155.300576 	 29258.519233 	 1337214627.030492 
6922 	 -71.645799 	 96.324797 	 11558.476068 	 218252342.208020 
6923 	 -85.093631 	 85.093631 	 7895.662592 	 82126145.859454 
6924 	 -154.149141 	 154.149141 	 28930.209238 	 1291765929.312794 
6925 	 -212.572981 	 212.572981 	 45987.754887 	 2258527153.343884 
6926 	 -216.361209 	 216.361209 	 48024.102991 	 2553778722.305266 
6927 	 -160.164751 	 160.164751 	 26731.393497 	 836072640.915353 
6928 	 -209.992169 	 209.992169 	 46023.727817 	 2478681401.094720 
6929 	 -251.517190 	 251.517190 	 63852.007126 	 4230191856.776644 
6930 	 -137.005579 	 137.129714 	 23177.636927 	 837625019.627547 
6931 	 31.601650 	 35.535043 	 1863.830949 	 8033962.805660 
6932 	 154.480585 	 154.480585 	 25868.745787 	 855232886.621696 
6933 	 204.471981 	 204.471981 	 42201.389502 	 1853002933.531414 
6934 	 243.986698 	 243.986698 	 60142.652927 	 3762977935.149868 
6935 	 204.035306 	 204.035306 	 42538.765157 	 1961811537.487145 
6936 	 218.444769 	 218.444769 	 48512.515633 	 2506280050.007820 
6937 	 214.429789 	 214.429789 	 46748.957518 	 2320255383.195877 
6938 	 214.836154 	 214.836154 	 46557.544652 	 2238089667.841686 
6939 	 107.394694 	 125.752188 	 23186.565214 	 1098913622.633724 
6940 	 -7.031254 	 33.877260 	 2062.292223 	 14359105.347019 
6941 	 -24.799449 	 31.356340 	 1531.574782 	 5972447.023248 
6942 	 -196.701603 	 196.701603 	 40088.413142 	 1771843920.574364 
6943 	 -195.081416 	 195.081416 	 38680.116862 	 1583558136.401676 
6944 	 -224.161313 	 224.161313 	 51153.061443 	 2800403014.956104 
6945 	 -174.038442 	 174.038442 	 31998.161886 	 1227893779.407338 
6946 	 -200.894432 	 200.894432 	 42353.931382 	 2143754392.193864 
6947 	 -170.872043 	 170.872043 	 30350.662581 	 1038291513.359907 
6948 	 83.425792 	 87.818343 	 12190.578806 	 342962822.728349 
6949 	 211.854787 	 211.854787 	 45397.725240 	 2150174041.158027 
6950 	 218.511477 	 218.511477 	 49797.260918 	 2866848763.661626 
6951 	 256.191539 	 256.191539 	 67562.288279 	 5072163137.638047 
6952 	 198.268256 	 198.268256 	 41635.561635 	 2167232112.530638 
6953 	 160.519568 	 160.519568 	 26404.590573 	 767160982.322842 
6954 	 147.823519 	 147.823519 	 22647.714350 	 582901531.263613 
6955 	 259.450976 	 259.450976 	 68243.551655 	 4888834500.498021 
6956 	 223.453617 	 223.453617 	 50614.173630 	 2710042872.813471 
6957 	 276.523022 	 276.523022 	 77480.109315 	 6321966782.362560 
6958 	 222.620404 	 222.620404 	 52519.353610 	 3283483175.933569 
6959 	 118.684749 	 118.684749 	 14720.418242 	 251881263.441743 
6960 	 45.247482 	 48.082436 	 3340.347704 	 29619727.462618 
6961 	 74.951432 	 75.115706 	 8263.057635 	 181280380.437970 
6962 	 239.082679 	 239.082679 	 58110.797093 	 3575590284.447206 
6963 	 250.093063 	 250.093063 	 63065.816844 	 4106984812.129412 
6964 	 203.529072 	 203.529072 	 42906.389164 	 2098602481.918978 
6965 	 210.200517 	 210.200517 	 45669.551016 	 2347930179.322653 
6966 	 264.070681 	 264.070681 	 70383.765039 	 5133919873.820100 
6967 	 204.657757 	 204.657757 	 43111.775052 	 2072599275.027973 
6968 	 196.074674 	 196.074674 	 39330.430298 	 1668580979.917156 
6969 	 206.273393 	 206.273393 	 44406.229443 	 2321158661.959067 
6970 	 168.965683 	 168.965683 	 30125.723083 	 1093533506.323177 
6971 	 170.041597 	 170.041597 	 29603.730497 	 956943736.481535 
6972 	 206.510453 	 206.510453 	 44021.813980 	 2177155541.395704 
6973 	 216.385753 	 216.385753 	 47821.072093 	 2477638278.951221 
6974 	 242.854987 	 242.854987 	 60336.878574 	 3960152464.488463 
6975 	 167.871622 	 167.871622 	 31246.341357 	 1271390899.996136 
6976 	 265.219705 	 265.219705 	 71126.807036 	 5271445128.300737 
6977 	 235.621060 	 235.621060 	 59869.928534 	 4527946812.209946 
6978 	 210.476793 	 210.476793 	 46048.417002 	 2460246052.454200 
6979 	 205.956905 	 205.956905 	 44885.855424 	 2372484228.126244 
6980 	 155.861163 	 155.861163 	 28027.689210 	 1170942447.673872 
6981 	 158.199987 	 158.199987 	 27524.798699 	 1017505787.047441 
6982 	 9.438361 	 35.308032 	 2030.000516 	 12072822.883479 
6983 	 -14.319114 	 25.169725 	 1146.149858 	 4570017.114274 
6984 	 159.555286 	 159.555286 	 27181.787444 	 876414412.888137 
6985 	 25.608207 	 71.848600 	 6941.080198 	 95144320.118175 
6986 	 -82.880665 	 82.937178 	 9363.087269 	 163399249.452561 
6987 	 -167.530337 	 167.530337 	 29642.962776 	 1052432766.624607 
6988 	 -220.970395 	 220.970395 	 51389.815566 	 3107882768.425972 
6989 	 -232.292717 	 232.292717 	 57216.148099 	 3942403968.462490 
6990 	 -99.230613 	 99.230613 	 12386.871555 	 270414772.428781 
6991 	 -153.979818 	 153.979818 	 24724.502526 	 703678915.376411 
6992 	 -213.970675 	 213.970675 	 47064.931309 	 2459415889.182022 
6993 	 -188.526838 	 188.526838 	 38904.529617 	 1972223755.430641 
6994 	 -29.835551 	 90.548705 	 10197.122168 	 165441465.522908 
6995 	 127.354911 	 127.354911 	 17707.778744 	 439373952.762902 
6996 	 196.133044 	 196.133044 	 39433.974652 	 1727726833.007236 
6997 	 281.195942 	 281.195942 	 79590.489634 	 6491955556.461673 
6998 	 211.416622 	 211.416622 	 50019.351205 	 3283263965.688321 
6999 	 77.838610 	 93.161504 	 12420.226488 	 330421501.388959 
7000 	 -154.521526 	 154.521526 	 28458.056227 	 1231041632.287386 

%ACCRATE = 0.895125
