%%%%%%%%%%%%%%%%%%%%%%%%%%%%%%%%%%%%%%%%%%%%%%%%%%%%%%%%%%%%%%%%%%%%%%%%%%%
%SIMULAZIONE D = 3, L = 8, V = 512
%NUMERO DI MISURE PER OGNI naccu: T = 1000
%%%%%%%%%%%%%%%%%%%%%%%%%%%%%%%%%%%%%%%%%%%%%%%%%%%%%%%%%%%%%%%%%%%%%%%%%%%
%naccu = 2048
%%%%%%%%%%%%%%%%%%%%%%%%%%%%%%%%%%%%%%%%%%%%%%%%%%%%%%%%%%%%%%%%%%%%%%%%%%%

%%%%%%%%%%%%%%%%%%%%%%%%%%%%%%%%%%%%%%%%%%%%%%%%%%%%%%%%%%%%%%%%%%%%%%%%%%%

11001 	 -65.459319 	 165.080588 	 34037.419792 	 1828508351.447995 
11002 	 -34.250270 	 141.173604 	 26169.943896 	 1205728436.393075 
11003 	 82.115110 	 183.265152 	 38240.980029 	 1980128989.496443 
11004 	 13.886836 	 164.861632 	 31757.044153 	 1515519987.581988 
11005 	 37.327611 	 174.375936 	 35820.035864 	 1901515591.701527 
11006 	 62.978577 	 160.403622 	 31576.130221 	 1583244552.319423 
11007 	 171.376311 	 173.833309 	 35912.655060 	 1920868952.699820 
11008 	 94.100283 	 165.627039 	 33586.687786 	 1716828800.963884 
11009 	 -52.359739 	 188.891147 	 42903.438670 	 2664872921.983674 
11010 	 -52.789652 	 183.202389 	 38539.828578 	 2103417616.228362 
11011 	 -73.538039 	 152.045664 	 28191.848411 	 1227534408.577286 
11012 	 -64.623734 	 160.345953 	 30177.390008 	 1343499359.799343 
11013 	 46.980355 	 193.394699 	 41605.419613 	 2275028443.273539 
11014 	 156.637818 	 166.683344 	 35644.261179 	 2093707565.978207 
11015 	 35.971725 	 176.829388 	 36065.024203 	 1844334552.041366 
11016 	 174.102018 	 185.963382 	 40163.877569 	 2308297851.327891 
11017 	 -107.858763 	 125.963171 	 23659.235150 	 1219817218.283892 
11018 	 -22.463146 	 165.043739 	 34068.783372 	 1810911372.389413 
11019 	 88.257688 	 161.690576 	 31783.453549 	 1586480520.055146 
11020 	 86.555221 	 183.287702 	 39006.136588 	 2126307667.334074 
11021 	 14.854176 	 124.430142 	 20360.601838 	 796873662.182164 
11022 	 -183.300214 	 199.725724 	 43783.806323 	 2436606860.549542 
11023 	 -110.863821 	 180.506953 	 38520.443343 	 2128624806.067051 
11024 	 0.971942 	 168.430174 	 34740.025931 	 1851284506.208698 
11025 	 -18.666724 	 194.886117 	 42135.115088 	 2304605018.424247 
11026 	 -39.907065 	 183.365679 	 39504.761706 	 2212247022.275425 
11027 	 -40.899958 	 164.122349 	 33269.526234 	 1754816255.736659 
11028 	 34.920640 	 176.163906 	 35897.251870 	 1810483999.867515 
11029 	 126.119580 	 170.725776 	 34810.706812 	 1793599414.353973 
11030 	 3.734770 	 162.869267 	 32162.742357 	 1602850896.971588 
11031 	 -189.371511 	 190.187001 	 42446.283175 	 2536573752.435071 
11032 	 -204.251487 	 204.410228 	 45774.438283 	 2634405379.987599 
11033 	 -105.445723 	 153.168400 	 28984.625339 	 1309591204.632939 
11034 	 30.205267 	 149.003173 	 29559.462638 	 1524724424.398835 
11035 	 -91.515695 	 192.227324 	 42889.875315 	 2531315567.238739 
11036 	 -60.275550 	 171.331545 	 33942.490116 	 1636463947.302206 
11037 	 -140.448388 	 157.195559 	 31965.185484 	 1728126947.814297 
11038 	 -148.137111 	 166.350357 	 34797.471402 	 1937132243.109220 
11039 	 -17.566382 	 156.633526 	 30762.232387 	 1546840193.778335 
11040 	 -2.575192 	 168.734157 	 34618.808587 	 1800598294.481882 
11041 	 1.597134 	 168.898154 	 36278.341867 	 2131120292.086976 
11042 	 -160.508541 	 161.692035 	 32546.655442 	 1784098941.937368 
11043 	 -45.419867 	 177.620738 	 37631.151545 	 2067825758.778182 
11044 	 90.566380 	 194.031340 	 42655.942587 	 2410619696.028305 
11045 	 34.637924 	 123.230792 	 23782.672373 	 1363792182.093158 
11046 	 69.064558 	 184.310885 	 38758.695390 	 2018240080.038108 
11047 	 -184.101777 	 186.749771 	 38997.983098 	 2023398737.292741 
11048 	 -65.092641 	 186.538814 	 39345.957380 	 2101969578.978677 
11049 	 150.811491 	 179.984866 	 38284.806656 	 2139034641.284912 
11050 	 -29.123028 	 182.589097 	 37399.145695 	 1865938809.138206 
11051 	 -202.265267 	 202.265267 	 44265.369082 	 2427454327.913081 
11052 	 154.035523 	 170.575716 	 34403.334279 	 1702621745.840000 
11053 	 -48.717311 	 149.562175 	 28224.680416 	 1400090496.057788 
11054 	 141.266686 	 167.826273 	 35205.382721 	 1925035319.020460 
11055 	 159.072127 	 170.411871 	 36395.020056 	 2008210471.556930 
11056 	 -60.562603 	 188.871226 	 39675.068617 	 2042925412.360622 
11057 	 23.606722 	 191.980136 	 40916.469856 	 2169452631.761938 
11058 	 -64.351717 	 158.464031 	 31664.059025 	 1627699116.226664 
11059 	 -83.641667 	 186.121089 	 40313.599381 	 2259308495.286770 
11060 	 -11.982479 	 175.173625 	 35442.414013 	 1858305169.693885 
11061 	 205.863302 	 205.863302 	 45919.775137 	 2614259444.321812 
11062 	 115.237508 	 125.694282 	 22549.096211 	 1044333148.474697 
11063 	 -48.545222 	 161.603212 	 30994.626790 	 1413843819.744663 
11064 	 109.954159 	 196.173825 	 43597.318877 	 2514196166.829694 
11065 	 -0.894164 	 146.825831 	 27857.712693 	 1313534385.462868 
11066 	 188.249678 	 190.288006 	 41748.004765 	 2405950610.184856 
11067 	 -171.417752 	 195.547651 	 41758.101180 	 2227142128.460853 
11068 	 50.519729 	 156.656047 	 31523.530268 	 1674848262.436435 
11069 	 154.490588 	 173.804910 	 35519.876260 	 1829974464.550156 
11070 	 115.250856 	 182.454878 	 38453.309977 	 2065381725.191267 
11071 	 91.088834 	 187.839773 	 38874.411666 	 1997142834.966513 
11072 	 -2.222583 	 135.943823 	 24507.258114 	 1091146977.070675 
11073 	 166.560563 	 170.887485 	 35468.112873 	 1847972340.254933 
11074 	 156.097405 	 176.153336 	 37024.286191 	 2027953281.704428 
11075 	 12.965918 	 182.141307 	 38016.738359 	 1964357209.211282 
11076 	 -129.979334 	 159.553611 	 31056.921383 	 1522926249.110443 
11077 	 88.988051 	 180.066192 	 38086.986742 	 2080556147.117114 
11078 	 77.272549 	 169.477283 	 34446.499393 	 1736552892.765566 
11079 	 82.816860 	 127.515148 	 21126.943711 	 794908476.837016 
11080 	 79.563456 	 182.753468 	 38684.023826 	 2052980867.036970 
11081 	 21.202162 	 151.543649 	 29569.787358 	 1471276893.760856 
11082 	 185.639200 	 195.536675 	 42777.163355 	 2374179320.529114 
11083 	 57.257075 	 127.276656 	 21950.228202 	 916988847.963502 
11084 	 30.353700 	 148.895501 	 28059.141499 	 1314133999.595105 
11085 	 77.142311 	 195.887966 	 42902.671250 	 2460115247.351772 
11086 	 144.471509 	 147.400048 	 27334.574599 	 1266658437.354497 
11087 	 205.065410 	 205.116237 	 46883.976714 	 2863056266.549190 
11088 	 31.902007 	 164.485834 	 32003.237050 	 1474603770.682612 
11089 	 39.606584 	 164.353915 	 33545.152082 	 1849823830.619528 
11090 	 -30.289464 	 180.096407 	 36979.314094 	 1870217213.417208 
11091 	 -58.044141 	 154.100188 	 30629.583153 	 1580748248.364704 
11092 	 75.149770 	 194.521235 	 41299.676570 	 2192745284.042453 
11093 	 -135.721657 	 187.524234 	 41288.613636 	 2374713558.555533 
11094 	 -89.762304 	 157.665451 	 30280.717087 	 1433743519.804863 
11095 	 178.734105 	 180.674562 	 38008.434110 	 2023829629.571757 
11096 	 163.815728 	 193.803086 	 43000.617869 	 2477165236.813274 
11097 	 29.667580 	 185.354868 	 39695.572418 	 2174909302.762808 
11098 	 64.147386 	 167.166325 	 33507.637525 	 1685084394.152880 
11099 	 170.762831 	 171.095190 	 33333.178727 	 1536211373.921895 
11100 	 -67.679000 	 195.459004 	 43991.186424 	 2587801007.315074 
11101 	 87.151867 	 196.880095 	 42641.664013 	 2345485790.844191 
11102 	 -85.070044 	 163.920775 	 33271.372976 	 1725662827.552485 
11103 	 -95.102787 	 175.854473 	 37269.589263 	 2059580826.622922 
11104 	 -190.415175 	 190.426725 	 40208.642082 	 2113346119.964006 
11105 	 -95.566031 	 176.710440 	 36364.211326 	 1843623714.027295 
11106 	 -205.304117 	 205.648055 	 46584.858096 	 2777138811.680823 
11107 	 18.162509 	 160.150496 	 31184.199681 	 1525665973.345263 
11108 	 -168.356289 	 182.022303 	 37831.028209 	 1967131104.692323 
11109 	 173.560457 	 174.147946 	 36254.711333 	 1994261998.976537 
11110 	 161.716302 	 176.885041 	 35870.966152 	 1782590793.697828 
11111 	 112.710547 	 170.273335 	 34179.365845 	 1711625044.878092 
11112 	 95.902166 	 171.559139 	 35043.696144 	 1820368650.978788 
11113 	 -148.191847 	 175.009629 	 34919.751213 	 1709788892.426107 
11114 	 -173.700264 	 175.678396 	 36183.313273 	 1846699272.635480 
11115 	 -205.715187 	 205.715187 	 45133.434354 	 2463687631.577492 
11116 	 -93.262153 	 150.148314 	 30935.770977 	 1750149132.706949 
11117 	 -32.561123 	 166.102700 	 33309.926067 	 1739119473.741587 
11118 	 35.333622 	 190.908598 	 41611.776361 	 2414436694.945632 
11119 	 32.535932 	 155.625584 	 29802.564249 	 1389663298.136634 
11120 	 14.927076 	 151.903093 	 29555.686069 	 1481753687.374354 
11121 	 -9.552633 	 186.755067 	 39184.517885 	 2061586302.759481 
11122 	 182.707956 	 183.781264 	 37663.442801 	 1880383971.026545 
11123 	 -19.269221 	 169.854921 	 35098.231042 	 1887610987.643440 
11124 	 118.797901 	 185.881849 	 38952.681562 	 2013407511.427993 
11125 	 88.830993 	 164.660850 	 32630.369813 	 1603922235.099786 
11126 	 -138.304889 	 151.807235 	 30047.023400 	 1518290481.157137 
11127 	 -68.077025 	 157.069526 	 30045.320389 	 1388472026.008541 
11128 	 -144.116258 	 157.636489 	 30685.224984 	 1480354841.988617 
11129 	 -110.277280 	 149.396138 	 27414.930181 	 1216821654.666917 
11130 	 135.051310 	 151.016253 	 28356.433866 	 1306465556.510314 
11131 	 210.570690 	 210.591906 	 48351.931418 	 2923111574.567748 
11132 	 132.251586 	 168.832348 	 33928.842802 	 1702003855.122408 
11133 	 -115.454578 	 185.650708 	 39236.853943 	 2127307555.717725 
11134 	 89.338319 	 165.791773 	 32625.560107 	 1559568694.294929 
11135 	 -185.995910 	 188.020309 	 40532.131754 	 2195695006.250025 
11136 	 -211.267943 	 211.267943 	 47840.626404 	 2807038131.745841 
11137 	 -175.530804 	 181.910938 	 38347.773998 	 2101312195.918436 
11138 	 99.105367 	 157.953444 	 31015.992230 	 1547611412.553273 
11139 	 225.804007 	 225.804007 	 54520.317915 	 3559504667.112237 
11140 	 175.549395 	 175.853072 	 36664.221156 	 1990367964.862406 
11141 	 101.852079 	 173.010547 	 33735.518119 	 1554727812.145074 
11142 	 -106.759981 	 171.901081 	 34309.837895 	 1691200601.469625 
11143 	 -147.052067 	 160.912518 	 33047.744755 	 1788358634.028587 
11144 	 -22.703716 	 155.125622 	 31578.293436 	 1686476753.774187 
11145 	 42.088014 	 181.624468 	 39139.548147 	 2187277891.560786 
11146 	 -204.003694 	 204.003694 	 44977.580325 	 2545315165.988223 
11147 	 -98.208244 	 160.579416 	 31735.530271 	 1570547684.648040 
11148 	 191.348261 	 193.556465 	 42682.872839 	 2465180547.488257 
11149 	 131.205700 	 180.076920 	 39032.755617 	 2257381035.274519 
11150 	 -174.678477 	 180.701651 	 39017.867182 	 2246320605.136123 
11151 	 -52.445566 	 171.234517 	 35748.928965 	 1942332300.981313 
11152 	 13.861185 	 160.179984 	 32696.507715 	 1731107085.952631 
11153 	 128.162154 	 148.890371 	 28531.214490 	 1414576342.296197 
11154 	 192.465903 	 197.966925 	 44043.386344 	 2557803711.215444 
11155 	 194.007173 	 194.536067 	 42485.380103 	 2436078355.381814 
11156 	 206.348923 	 206.348923 	 45476.141933 	 2539096753.989912 
11157 	 14.866794 	 151.391806 	 28915.299796 	 1418479780.481518 
11158 	 25.414604 	 172.241476 	 34156.894100 	 1650703822.232987 
11159 	 -72.380492 	 161.435536 	 32647.106475 	 1711660966.995217 
11160 	 124.237827 	 188.855921 	 39634.971112 	 2052116950.175653 
11161 	 -7.774135 	 202.904647 	 45384.032469 	 2616254684.474091 
11162 	 -82.894083 	 139.907565 	 26069.818824 	 1259981830.691777 
11163 	 -55.018120 	 150.499606 	 28326.251160 	 1354698195.204962 
11164 	 192.159706 	 194.101069 	 44243.554581 	 2709238228.682770 
11165 	 -93.900800 	 177.921918 	 37323.322060 	 1993853307.907448 
11166 	 45.458213 	 165.090966 	 32465.211727 	 1551979056.404077 
11167 	 -41.971055 	 171.716027 	 34297.439579 	 1709697239.877443 
11168 	 -56.267828 	 196.190333 	 43556.134338 	 2548226336.886280 
11169 	 -165.628748 	 171.168613 	 36058.112847 	 2020924192.572364 
11170 	 120.811565 	 189.161594 	 40455.989387 	 2199094510.626116 
11171 	 -49.158621 	 188.783781 	 40977.965830 	 2359418171.864048 
11172 	 113.583683 	 185.583278 	 40306.362299 	 2304613861.053637 
11173 	 104.186806 	 138.521550 	 26042.622708 	 1308738936.524450 
11174 	 139.667444 	 168.864019 	 33465.445010 	 1675158711.845085 
11175 	 -179.917074 	 186.624160 	 40794.483333 	 2330454333.070253 
11176 	 160.872196 	 170.942259 	 37403.060825 	 2262405632.531593 
11177 	 44.286828 	 213.200081 	 49089.959684 	 2927693946.877064 
11178 	 -128.805883 	 169.989878 	 34549.599463 	 1794249470.396662 
11179 	 -49.047537 	 166.230430 	 32084.517279 	 1454876294.393402 
11180 	 -105.896557 	 169.127992 	 34225.250072 	 1702943422.392354 
11181 	 -87.213710 	 185.144358 	 38648.330037 	 2065517984.342717 
11182 	 -71.740237 	 183.270517 	 40615.952193 	 2422746625.524121 
11183 	 -176.253240 	 183.976870 	 38768.694830 	 2055596912.837940 
11184 	 -115.479430 	 142.293117 	 27490.245177 	 1394294492.056499 
11185 	 92.168778 	 199.513989 	 44048.128617 	 2455813891.839888 
11186 	 -197.902184 	 199.579085 	 44266.210736 	 2510252447.690180 
11187 	 -75.522622 	 175.172590 	 36137.079661 	 1873500524.654998 
11188 	 160.842254 	 162.405733 	 31558.410300 	 1508825155.562729 
11189 	 -88.434390 	 180.709414 	 39358.337558 	 2240438686.172347 
11190 	 -198.215097 	 198.719989 	 43346.808434 	 2409952543.246405 
11191 	 3.994756 	 176.782650 	 37113.817160 	 2008679982.787656 
11192 	 -8.986859 	 184.554685 	 38912.352657 	 2121098257.243269 
11193 	 43.524532 	 178.532451 	 38085.165206 	 2183204159.354700 
11194 	 -194.691357 	 196.041118 	 43905.215701 	 2552566865.703001 
11195 	 -169.181343 	 201.760503 	 46678.830533 	 2817266658.584221 
11196 	 105.167517 	 193.005539 	 41578.077339 	 2255375941.845313 
11197 	 102.677250 	 185.108384 	 38819.458440 	 2057021764.820799 
11198 	 83.948124 	 179.211665 	 38294.265808 	 2088771489.798640 
11199 	 -74.916168 	 133.469427 	 23887.136987 	 1059727195.681642 
11200 	 -139.473919 	 170.978182 	 36194.074515 	 2060985921.859651 
11201 	 -33.693474 	 179.567132 	 38330.799018 	 2112837993.239588 
11202 	 -15.013431 	 138.828489 	 24259.928078 	 1046143500.801842 
11203 	 -65.442162 	 163.428345 	 31935.975159 	 1570408302.863341 
11204 	 -66.472491 	 180.334782 	 37469.612205 	 1924119746.489768 
11205 	 -37.831425 	 195.667921 	 41817.448323 	 2224432489.168062 
11206 	 206.157410 	 206.186657 	 45674.947949 	 2573256710.229017 
11207 	 -76.652308 	 159.613875 	 31458.827873 	 1546712026.245145 
11208 	 -124.843071 	 169.064710 	 34283.688046 	 1769035081.153752 
11209 	 -92.423171 	 194.048361 	 42049.749093 	 2322558237.910521 
11210 	 71.894977 	 154.869938 	 29291.129439 	 1355697285.004588 
11211 	 -167.076141 	 207.497755 	 47093.013963 	 2784309889.882175 
11212 	 -218.584797 	 218.644951 	 51080.876540 	 3090136544.732766 
11213 	 39.904495 	 184.443134 	 38626.146742 	 2069106708.288970 
11214 	 179.463495 	 179.876677 	 36826.780600 	 1830559249.293795 
11215 	 -148.935482 	 185.600386 	 39953.182259 	 2219554897.563711 
11216 	 -171.527479 	 183.772489 	 38656.756040 	 2044514414.607702 
11217 	 -162.226429 	 163.407338 	 32606.655682 	 1652710807.972323 
11218 	 -26.198280 	 156.504703 	 30414.044830 	 1448518883.190787 
11219 	 67.101368 	 185.297453 	 39039.336525 	 2137246587.627798 
11220 	 79.722207 	 157.562367 	 30442.803038 	 1445313920.267290 
11221 	 -47.486324 	 131.931565 	 25031.749816 	 1280010415.036771 
11222 	 56.393720 	 144.507037 	 27472.060392 	 1363469863.716156 
11223 	 86.090656 	 174.816393 	 36393.108104 	 1867456140.691416 
11224 	 28.134782 	 188.731681 	 40562.234767 	 2266385340.994662 
11225 	 58.127866 	 137.419872 	 26865.023419 	 1394228491.110348 
11226 	 61.306390 	 175.569716 	 35962.569199 	 1837165697.684005 
11227 	 -82.817581 	 157.233277 	 32431.801306 	 1803521473.886583 
11228 	 194.500572 	 194.725993 	 42697.050746 	 2461085367.159353 
11229 	 202.173269 	 202.173269 	 43259.942484 	 2233298063.125013 
11230 	 45.648478 	 160.451216 	 30341.176304 	 1409970128.673776 
11231 	 -10.727355 	 142.927056 	 27679.523425 	 1417894808.571455 
11232 	 27.289753 	 119.476684 	 19490.104843 	 762975563.574497 
11233 	 -117.567057 	 173.357042 	 33806.647086 	 1593617792.529780 
11234 	 164.394341 	 185.722148 	 39598.194409 	 2234399136.167741 
11235 	 71.826514 	 211.260265 	 48750.400689 	 2964084878.176345 
11236 	 -198.285364 	 198.285364 	 42396.639061 	 2257213390.679953 
11237 	 -185.766204 	 194.971060 	 43893.957752 	 2632924101.164270 
11238 	 82.446276 	 179.233750 	 38557.772714 	 2158439607.999480 
11239 	 -11.954990 	 195.395160 	 42907.591973 	 2453059914.555204 
11240 	 -145.754215 	 200.907481 	 43913.735933 	 2417853876.823093 
11241 	 -179.773891 	 189.313947 	 39284.726658 	 1983822337.248338 
11242 	 -106.248596 	 167.336628 	 34086.937941 	 1790925250.822496 
11243 	 -52.563657 	 181.770004 	 39577.901640 	 2293945495.907321 
11244 	 -136.752195 	 159.975443 	 31044.995540 	 1468706304.228751 
11245 	 -55.602135 	 179.832006 	 38227.281482 	 2109213646.515492 
11246 	 -53.726431 	 190.250278 	 40955.345427 	 2318118206.950809 
11247 	 -75.498399 	 159.958068 	 31635.142521 	 1615800106.758573 
11248 	 -50.282793 	 180.876301 	 38936.348029 	 2232810430.610777 
11249 	 32.626621 	 187.728366 	 39774.348443 	 2158819094.828351 
11250 	 27.397761 	 183.371869 	 38436.316123 	 2009152435.311386 
11251 	 135.277529 	 148.694395 	 28229.542953 	 1354927264.751228 
11252 	 55.835595 	 198.712722 	 43894.261036 	 2521151219.466104 
11253 	 110.520972 	 150.171372 	 30402.016196 	 1649718291.503378 
11254 	 159.843173 	 163.466396 	 32994.087965 	 1700189607.678429 
11255 	 -85.076442 	 179.057068 	 37431.655597 	 1973072128.645641 
11256 	 191.679665 	 192.086940 	 41116.744989 	 2269820214.270640 
11257 	 -182.479774 	 190.143054 	 40019.473805 	 2082848006.601913 
11258 	 -215.211697 	 215.211697 	 49684.743954 	 2996593303.073370 
11259 	 -125.277064 	 179.885639 	 39061.625040 	 2208791488.892376 
11260 	 130.629943 	 146.351983 	 29495.027670 	 1570608663.882416 
11261 	 120.828614 	 185.308113 	 41070.558063 	 2414266536.030035 
11262 	 -172.657484 	 175.362346 	 35620.523645 	 1753198474.592820 
11263 	 -175.846695 	 177.609051 	 36339.322080 	 1850154938.428671 
11264 	 -143.645364 	 180.230687 	 38360.071331 	 2129517991.481972 
11265 	 127.092895 	 165.044093 	 32496.376736 	 1577961359.097189 
11266 	 -184.544354 	 190.250332 	 40303.910940 	 2124718873.521505 
11267 	 -188.913965 	 190.587354 	 40048.132284 	 2033809100.799916 
11268 	 -89.545627 	 188.712881 	 41972.891720 	 2425703837.441043 
11269 	 35.764191 	 130.955899 	 22332.417303 	 954257571.593753 
11270 	 -54.522994 	 195.812046 	 43900.242111 	 2605910335.351944 
11271 	 -52.275754 	 146.784237 	 29066.414043 	 1521948547.088797 
11272 	 158.039388 	 168.453540 	 35416.313556 	 1954516805.072080 
11273 	 183.573331 	 184.250944 	 39627.313477 	 2273272394.943661 
11274 	 -77.103103 	 165.007675 	 33066.132566 	 1693005994.372907 
11275 	 -4.225211 	 184.886485 	 39657.910883 	 2181494725.382605 
11276 	 -192.739769 	 192.753197 	 41480.484713 	 2330538075.966936 
11277 	 -171.730870 	 184.544849 	 39513.970750 	 2169185798.476986 
11278 	 -75.381045 	 170.205398 	 33732.547767 	 1640252373.164486 
11279 	 56.974999 	 173.956699 	 36328.636134 	 1955127893.272702 
11280 	 170.520162 	 203.947618 	 45298.372800 	 2555817600.445606 
11281 	 51.015777 	 155.173143 	 30629.461650 	 1543650386.088551 
11282 	 146.872432 	 171.053148 	 36784.555846 	 2142239542.084745 
11283 	 45.665354 	 147.100254 	 28025.804283 	 1342877481.579969 
11284 	 193.094102 	 199.468965 	 42804.417720 	 2264212924.284881 
11285 	 130.730824 	 175.180281 	 36895.642529 	 2028677296.895753 
11286 	 -27.161312 	 165.842620 	 34137.082077 	 1819499291.743316 
11287 	 -87.901071 	 149.948118 	 29697.866166 	 1546322855.284676 
11288 	 -68.599588 	 172.585134 	 34730.469880 	 1767378172.009343 
11289 	 88.809632 	 182.834584 	 37419.870672 	 1899080377.488718 
11290 	 -208.698510 	 208.698510 	 46363.099514 	 2630961000.326405 
11291 	 -93.698434 	 179.639814 	 37647.752096 	 1981644319.060237 
11292 	 190.983789 	 190.983789 	 40180.269705 	 2119160557.705530 
11293 	 204.965622 	 204.986141 	 45015.788411 	 2477619645.715845 
11294 	 -136.100373 	 158.718319 	 30723.182531 	 1470705667.874350 
11295 	 -107.155424 	 150.472987 	 28666.206578 	 1356008635.412494 
11296 	 51.333541 	 187.863041 	 41298.469478 	 2416290837.557783 
11297 	 141.115859 	 180.806596 	 38816.841638 	 2201176008.632253 
11298 	 -116.555546 	 172.025876 	 36061.576551 	 2002361026.836520 
11299 	 156.096547 	 162.059478 	 31896.068025 	 1568154222.432637 
11300 	 137.118683 	 190.060237 	 40407.783467 	 2177848053.928666 
11301 	 172.795432 	 183.612924 	 37727.282713 	 1878785317.022734 
11302 	 102.465730 	 131.384359 	 23589.480705 	 1043468589.923402 
11303 	 -105.136190 	 188.080368 	 40346.600836 	 2209379284.809077 
11304 	 -211.701929 	 211.701929 	 47785.817956 	 2761888661.450584 
11305 	 -4.393539 	 159.570583 	 31423.515367 	 1598526111.448644 
11306 	 144.908834 	 174.192204 	 36907.189525 	 2069664401.584392 
11307 	 1.371311 	 155.448048 	 30970.559521 	 1616600166.284803 
11308 	 49.815934 	 185.653086 	 39197.136666 	 2154749405.390779 
11309 	 100.552629 	 164.310816 	 32932.597381 	 1615865836.171944 
11310 	 -91.004833 	 167.470651 	 33719.488124 	 1679309209.019052 
11311 	 189.840813 	 192.107306 	 42287.749423 	 2416767097.835438 
11312 	 -2.716470 	 131.793918 	 23760.482494 	 1074348260.662231 
11313 	 214.565721 	 214.854761 	 50403.705386 	 3145181563.829579 
11314 	 -60.946669 	 150.540963 	 28669.090276 	 1352742314.874934 
11315 	 102.070931 	 165.543121 	 33010.555745 	 1668750902.463306 
11316 	 89.306069 	 183.749172 	 37878.518394 	 1905466649.630840 
11317 	 199.047528 	 199.047528 	 43392.591926 	 2416573270.759439 
11318 	 208.724657 	 208.724657 	 46466.400087 	 2636989151.689762 
11319 	 165.623027 	 175.892366 	 35693.993547 	 1770560620.627862 
11320 	 109.058392 	 177.685765 	 38005.342548 	 2088828454.970335 
11321 	 30.692908 	 152.575433 	 28652.730224 	 1321999729.263449 
11322 	 7.251510 	 160.773932 	 33392.368119 	 1816868670.309534 
11323 	 115.515456 	 174.533667 	 37349.759658 	 2134839116.213986 
11324 	 -67.677923 	 139.730923 	 24340.289934 	 1005804900.663123 
11325 	 58.277845 	 183.597444 	 39879.208832 	 2296366184.842354 
11326 	 118.725015 	 192.488252 	 41441.854941 	 2296580696.041245 
11327 	 -187.432052 	 187.936987 	 40067.326753 	 2123353207.414926 
11328 	 -78.084637 	 163.254136 	 31363.833036 	 1437383880.991864 
11329 	 64.371359 	 148.849091 	 30430.918691 	 1676914901.341036 
11330 	 -44.530515 	 150.889965 	 28775.334041 	 1391670225.281806 
11331 	 -215.328906 	 215.328906 	 49468.147526 	 2964702003.416188 
11332 	 60.346669 	 149.362985 	 29270.988405 	 1517885741.536556 
11333 	 -130.396147 	 164.180992 	 33864.679656 	 1778210114.748925 
11334 	 -53.467904 	 187.232549 	 40862.581421 	 2359192476.262672 
11335 	 -127.653091 	 169.316108 	 33735.465267 	 1663498856.619478 
11336 	 -127.319898 	 143.161487 	 27926.680472 	 1422527735.470033 
11337 	 103.754799 	 195.121270 	 43857.941910 	 2630259308.335641 
11338 	 -58.429146 	 198.405469 	 43444.253480 	 2411887623.854918 
11339 	 -177.785786 	 179.967396 	 37518.160889 	 1992490913.811616 
11340 	 -21.407845 	 189.846640 	 41130.555888 	 2305988432.971041 
11341 	 121.207214 	 169.793924 	 34645.218976 	 1836926902.168372 
11342 	 -157.907476 	 162.312179 	 32316.170992 	 1600586667.306657 
11343 	 -164.286438 	 170.226896 	 34645.141437 	 1758987804.540606 
11344 	 3.450093 	 155.214472 	 30443.878504 	 1496293569.676961 
11345 	 73.768038 	 163.360275 	 32227.570788 	 1555636642.734574 
11346 	 98.246342 	 164.405055 	 32864.422098 	 1668799681.751047 
11347 	 182.899221 	 188.874002 	 40446.529621 	 2243821486.221779 
11348 	 52.212882 	 182.143648 	 37535.815930 	 1926953416.412887 
11349 	 -107.939119 	 141.682757 	 26835.173965 	 1314672590.665342 
11350 	 174.909898 	 189.747246 	 40611.043752 	 2277082835.141253 
11351 	 82.476667 	 189.219943 	 40614.030600 	 2211529317.855147 
11352 	 -60.862719 	 152.162997 	 28539.620029 	 1337444818.350774 
11353 	 -106.391494 	 124.089294 	 23089.440840 	 1172418969.687744 
11354 	 -74.956007 	 178.758791 	 38311.967810 	 2138522885.860790 
11355 	 152.306383 	 171.227671 	 35021.444572 	 1820953044.750465 
11356 	 105.338748 	 154.556042 	 29850.962176 	 1462150795.840433 
11357 	 -200.143926 	 207.832437 	 46747.517059 	 2731860400.190330 
11358 	 -98.466164 	 179.779675 	 38107.181134 	 2053302636.094489 
11359 	 184.059604 	 184.136244 	 38421.244088 	 2010115616.408693 
11360 	 88.092820 	 162.696626 	 33297.441300 	 1805593670.532074 
11361 	 -26.029398 	 184.900871 	 38447.667659 	 2006104023.337692 
11362 	 -38.716474 	 179.080772 	 37022.756213 	 1929072774.238023 
11363 	 -71.123500 	 159.438136 	 32476.792014 	 1745249512.466442 
11364 	 182.692590 	 183.061640 	 38567.278105 	 2042891773.017910 
11365 	 145.549041 	 154.998982 	 30082.884068 	 1461372748.700143 
11366 	 -145.824962 	 165.207919 	 33464.501538 	 1752354114.289643 
11367 	 103.372357 	 158.513640 	 30918.249171 	 1526284828.789672 
11368 	 -148.478945 	 175.487554 	 37099.274153 	 2072663022.648133 
11369 	 -90.277950 	 177.058398 	 37715.945744 	 2078533383.357941 
11370 	 -122.332987 	 177.273107 	 37245.906870 	 2026122397.656006 
11371 	 -97.706564 	 141.141659 	 26507.055798 	 1285220411.955410 
11372 	 -91.118536 	 177.250981 	 37193.023032 	 2053021399.508177 
11373 	 152.470217 	 183.111678 	 38783.438844 	 2113464930.620939 
11374 	 -58.258023 	 173.912037 	 35916.043227 	 1920399835.890814 
11375 	 180.724274 	 182.489711 	 37013.088261 	 1825816780.036726 
11376 	 190.422759 	 190.738112 	 41936.949425 	 2399055038.436938 
11377 	 -14.629579 	 160.333514 	 33088.401388 	 1796529885.086581 
11378 	 -192.657778 	 192.659329 	 40520.607192 	 2108964958.371888 
11379 	 79.233522 	 174.106673 	 37379.536585 	 2111548308.970382 
11380 	 34.458655 	 187.583354 	 41050.007580 	 2384280878.306046 
11381 	 35.732578 	 176.038593 	 36170.558927 	 1874937753.682132 
11382 	 -108.615855 	 206.404726 	 46081.855375 	 2644628909.597057 
11383 	 -45.334400 	 165.275370 	 33694.668876 	 1776247966.931173 
11384 	 -64.840122 	 182.577838 	 38557.965501 	 2063704687.842565 
11385 	 180.003340 	 188.774576 	 40847.777355 	 2279530666.538468 
11386 	 118.720485 	 191.126017 	 41381.257913 	 2283627342.088941 
11387 	 196.991012 	 198.166580 	 44688.627283 	 2661140547.536019 
11388 	 -81.521347 	 177.984299 	 37902.877862 	 2127254386.577234 
11389 	 -79.146175 	 180.666011 	 37166.409529 	 1946561631.134872 
11390 	 211.941226 	 211.941226 	 47833.287427 	 2781881330.552375 
11391 	 175.507772 	 177.058914 	 36337.513623 	 1835075610.585682 
11392 	 -18.512945 	 160.221753 	 32214.919609 	 1636084995.596303 
11393 	 -46.648066 	 191.603009 	 41116.136268 	 2250950934.160356 
11394 	 -44.351296 	 149.968611 	 28995.032859 	 1452361067.431958 
11395 	 203.675059 	 203.675059 	 44704.780244 	 2499452782.378281 
11396 	 -70.935279 	 183.088809 	 40262.574331 	 2338165166.758128 
11397 	 55.948915 	 150.799171 	 29078.523954 	 1425646232.277378 
11398 	 -118.499089 	 142.735304 	 27374.931089 	 1341474704.779356 
11399 	 44.168843 	 171.251419 	 34409.418377 	 1667575170.001764 
11400 	 -162.517255 	 172.250163 	 36784.768355 	 2046840135.797152 
11401 	 -70.492399 	 170.005755 	 33961.365207 	 1639849586.891637 
11402 	 58.478899 	 168.569171 	 34535.729565 	 1848080569.362145 
11403 	 77.530874 	 166.868009 	 34537.607470 	 1868204362.555532 
11404 	 -109.737111 	 162.394243 	 32254.723290 	 1610238918.292632 
11405 	 25.000679 	 186.052357 	 40020.415804 	 2220008816.759599 
11406 	 167.155992 	 167.779903 	 33047.090544 	 1581313904.947155 
11407 	 161.496569 	 164.419001 	 32956.950054 	 1678769875.055133 
11408 	 69.947602 	 184.650868 	 39366.990668 	 2183038222.852984 
11409 	 114.285279 	 162.518014 	 32686.509078 	 1731058300.323790 
11410 	 -195.823317 	 195.998608 	 42974.772977 	 2439274284.186282 
11411 	 91.070840 	 174.871795 	 36075.904470 	 1869235118.286961 
11412 	 125.549438 	 139.629814 	 25965.365412 	 1173438875.905691 
11413 	 -120.956851 	 144.831643 	 28122.222065 	 1449477345.271675 
11414 	 -148.133230 	 158.749164 	 30752.850841 	 1451895864.149587 
11415 	 -157.851464 	 164.365361 	 31819.386222 	 1467285044.639722 
11416 	 -163.375498 	 178.821814 	 37063.199790 	 1918988770.138522 
11417 	 111.862872 	 183.794558 	 39568.656298 	 2249637371.881234 
11418 	 -49.530515 	 191.319408 	 42356.827427 	 2485449450.489332 
11419 	 -8.327387 	 151.222156 	 29209.175817 	 1404798120.946670 
11420 	 -9.277167 	 182.615720 	 40694.785308 	 2441899140.960180 
11421 	 22.143775 	 176.332054 	 38214.048225 	 2241217632.836471 
11422 	 -138.912428 	 199.714713 	 42739.344933 	 2237064651.291791 
11423 	 76.627461 	 163.095794 	 33030.152841 	 1799559553.314207 
11424 	 -158.154543 	 198.260770 	 43419.965599 	 2434940449.568851 
11425 	 -114.312216 	 164.314188 	 31700.962778 	 1437941950.453803 
11426 	 49.558225 	 157.079675 	 31021.018223 	 1613412899.267291 
11427 	 88.783747 	 179.603984 	 37370.189079 	 1954748793.071774 
11428 	 -24.793586 	 193.383107 	 40916.332741 	 2146281437.224523 
11429 	 112.233774 	 165.764306 	 34181.774977 	 1778134655.821425 
11430 	 49.317155 	 159.061955 	 30923.104006 	 1474867501.989558 
11431 	 100.132582 	 159.577392 	 30609.909517 	 1494014148.003438 
11432 	 187.070445 	 187.097961 	 38107.258721 	 1880968226.265892 
11433 	 191.611352 	 191.706721 	 41450.372110 	 2310937236.941260 
11434 	 165.893930 	 170.078837 	 35390.346513 	 1937323139.871625 
11435 	 185.377490 	 189.413269 	 41608.038235 	 2426902559.753850 
11436 	 -101.453335 	 170.892750 	 33271.434999 	 1556864202.447648 
11437 	 -127.320442 	 182.267772 	 38149.639571 	 2029792024.377555 
11438 	 26.497498 	 170.864129 	 35180.725234 	 1852323643.473280 
11439 	 -118.894629 	 175.616242 	 37880.888771 	 2148499382.736645 
11440 	 21.076536 	 201.044868 	 45678.677130 	 2757087880.947598 
11441 	 -112.031938 	 194.364695 	 42632.441860 	 2381855158.194205 
11442 	 163.358922 	 195.187559 	 41212.400866 	 2133217990.943772 
11443 	 -110.243065 	 152.537167 	 31045.978274 	 1657939122.634704 
11444 	 196.819277 	 196.834830 	 42217.168188 	 2264824169.482131 
11445 	 -32.014040 	 145.693176 	 28654.645358 	 1517370080.005275 
11446 	 34.430263 	 199.034612 	 44140.722284 	 2567595381.174034 
11447 	 18.352872 	 166.055971 	 33730.787418 	 1733698746.568017 
11448 	 -19.170306 	 173.988734 	 36606.401368 	 1986440464.233359 
11449 	 -93.291829 	 199.601352 	 43413.064877 	 2387463546.474042 
11450 	 54.771639 	 158.568528 	 32128.708444 	 1737524513.380660 
11451 	 20.177654 	 195.774719 	 42111.105452 	 2236699254.464853 
11452 	 -169.089746 	 169.400501 	 33746.643187 	 1667874523.529701 
11453 	 -166.354995 	 193.174296 	 42161.172613 	 2378903700.167539 
11454 	 -83.329006 	 170.692987 	 35401.222165 	 1883671740.756880 
11455 	 175.573562 	 181.373371 	 37637.541638 	 1965847460.353820 
11456 	 86.146570 	 170.503013 	 35184.514593 	 1838054288.495106 
11457 	 -206.414432 	 206.414432 	 45411.561977 	 2506115058.246575 
11458 	 -208.172818 	 208.181405 	 46530.105965 	 2649306672.417926 
11459 	 -132.939569 	 192.106433 	 42371.010901 	 2471427428.221480 
11460 	 -113.551642 	 157.513986 	 30304.643649 	 1471071860.534795 
11461 	 115.510979 	 152.969337 	 30682.112751 	 1630862602.572352 
11462 	 -125.089102 	 200.801967 	 44298.351135 	 2500209834.876871 
11463 	 10.802759 	 159.330180 	 32044.819861 	 1697108447.654434 
11464 	 95.874120 	 163.096636 	 32129.436186 	 1584682513.388772 
11465 	 -19.129274 	 203.594314 	 46500.638167 	 2800348924.238177 
11466 	 8.894659 	 189.706199 	 41053.258675 	 2285687966.001682 
11467 	 -28.950823 	 154.312407 	 31225.293744 	 1703734663.809815 
11468 	 73.851802 	 178.791059 	 36940.680813 	 1929521802.961616 
11469 	 -179.821680 	 180.724828 	 36803.376843 	 1804970295.342840 
11470 	 46.006633 	 181.164091 	 37764.342774 	 2001569381.269063 
11471 	 18.728569 	 175.049258 	 36245.627161 	 1902859437.580846 
11472 	 179.618394 	 182.298237 	 37734.368300 	 1985610497.279227 
11473 	 51.640004 	 164.719564 	 33759.024608 	 1808242607.429920 
11474 	 -199.609465 	 199.609465 	 42199.309226 	 2156803658.205966 
11475 	 -189.099637 	 189.748614 	 40440.034751 	 2233066098.289280 
11476 	 -183.081604 	 186.376691 	 39424.815221 	 2100154846.900733 
11477 	 -15.298131 	 161.960793 	 33066.923277 	 1772991184.465079 
11478 	 71.933095 	 193.880532 	 43109.451627 	 2485821065.240761 
11479 	 -13.498176 	 130.974140 	 23501.337535 	 1127092035.935264 
11480 	 106.613394 	 162.556211 	 32617.765287 	 1692071958.001122 
11481 	 195.196852 	 195.246956 	 42292.902370 	 2387789675.886293 
11482 	 53.680336 	 166.345227 	 33689.266372 	 1739226398.040880 
11483 	 -83.371004 	 172.257654 	 34322.602552 	 1668873614.184386 
11484 	 -48.512905 	 177.693471 	 36115.211842 	 1790778288.512577 
11485 	 37.745204 	 153.463751 	 29481.072846 	 1405717147.410582 
11486 	 163.596970 	 164.216047 	 33036.927182 	 1722106199.264721 
11487 	 173.375909 	 175.198017 	 35733.281616 	 1756245585.511911 
11488 	 88.414101 	 168.469409 	 35445.522559 	 1980663387.970276 
11489 	 -107.359606 	 167.508952 	 33746.730421 	 1738975152.449674 
11490 	 -68.706228 	 178.096043 	 35345.276697 	 1695559778.334985 
11491 	 105.287736 	 157.046200 	 31510.756080 	 1652333594.603404 
11492 	 -144.157690 	 187.744652 	 40188.867599 	 2217391410.810684 
11493 	 -90.603032 	 170.746350 	 35652.259618 	 1888411623.471763 
11494 	 15.804482 	 158.659194 	 31395.997198 	 1570126442.831817 
11495 	 179.735992 	 182.310095 	 37734.158109 	 1936959908.676579 
11496 	 103.180423 	 172.407252 	 34662.693096 	 1682187042.611535 
11497 	 76.114173 	 180.869550 	 36715.491480 	 1804375236.431843 
11498 	 -136.398491 	 170.881015 	 37319.768812 	 2193004379.760054 
11499 	 135.315818 	 193.140198 	 42438.892958 	 2381996257.244508 
11500 	 -93.269064 	 187.216340 	 42127.879072 	 2582521335.444144 
11501 	 39.601826 	 188.870233 	 41083.707377 	 2359325934.652020 
11502 	 194.512201 	 203.166586 	 45229.547087 	 2638922498.180076 
11503 	 -51.972164 	 149.307537 	 28742.533981 	 1391958207.043737 
11504 	 72.195315 	 184.299876 	 39383.132584 	 2115612295.852513 
11505 	 -140.427617 	 158.563791 	 31694.449595 	 1652313705.565086 
11506 	 -8.069409 	 161.950925 	 31454.859386 	 1486162699.780339 
11507 	 49.137562 	 174.520212 	 35661.219453 	 1818523641.565322 
11508 	 -25.585374 	 138.496947 	 25781.201246 	 1223004286.419960 
11509 	 -58.772108 	 172.844647 	 36299.090631 	 1902952543.586790 
11510 	 145.390333 	 193.223066 	 41884.570899 	 2357388893.758276 
11511 	 170.336399 	 172.387889 	 34674.759370 	 1773335069.209085 
11512 	 -20.964110 	 182.016089 	 38258.792929 	 2079124686.034336 
11513 	 -145.587613 	 147.736181 	 26995.150136 	 1202300151.786609 
11514 	 57.487055 	 181.641289 	 38602.974926 	 2140558526.717180 
11515 	 -73.249112 	 166.057098 	 34182.950495 	 1817296655.086856 
11516 	 74.354768 	 190.029286 	 40532.596177 	 2174857299.642389 
11517 	 12.380225 	 188.706462 	 39844.324044 	 2121410289.727234 
11518 	 -42.211900 	 162.878596 	 32027.091005 	 1555090414.185416 
11519 	 -216.548263 	 216.548263 	 49337.800654 	 2862250802.788145 
11520 	 66.349941 	 157.947348 	 31356.638088 	 1507588297.866254 
11521 	 175.618033 	 203.928876 	 45148.262839 	 2542650275.716923 
11522 	 101.375179 	 188.756081 	 41123.192052 	 2278823301.816053 
11523 	 -179.213921 	 201.457671 	 44739.696998 	 2531549618.979962 
11524 	 -197.815074 	 197.815074 	 42654.183768 	 2367407828.985438 
11525 	 9.716175 	 181.806868 	 37568.120720 	 1957364752.956070 
11526 	 217.692550 	 217.692550 	 49507.766243 	 2824780382.567048 
11527 	 26.088677 	 171.445698 	 34671.469424 	 1769011017.953822 
11528 	 -177.233291 	 177.233291 	 34748.363911 	 1648937687.010926 
11529 	 -178.301548 	 180.467810 	 37493.571751 	 2005677240.469048 
11530 	 55.089048 	 171.924803 	 36016.141780 	 1936693313.476281 
11531 	 -90.073393 	 173.273721 	 35687.284799 	 1898764429.300288 
11532 	 11.762796 	 195.692770 	 42381.428150 	 2359273543.096582 
11533 	 -132.189922 	 157.046886 	 30666.159282 	 1537532181.113029 
11534 	 -54.324313 	 169.613224 	 34945.181559 	 1830599279.778539 
11535 	 -176.131151 	 190.882851 	 41820.615345 	 2372717948.348600 
11536 	 32.608313 	 200.966164 	 44389.958274 	 2551311144.132429 
11537 	 -118.611200 	 179.759875 	 37645.164903 	 2060774093.212437 
11538 	 -137.599541 	 145.916008 	 26590.054888 	 1192187183.052361 
11539 	 -125.589881 	 161.557857 	 30885.028338 	 1417430580.306950 
11540 	 -165.308848 	 190.334103 	 42409.751122 	 2606636344.465014 
11541 	 117.006725 	 162.221728 	 33335.852128 	 1817888757.736271 
11542 	 131.705429 	 172.555977 	 35395.940497 	 1821158640.080786 
11543 	 -168.544100 	 183.573447 	 39120.829173 	 2143869932.148901 
11544 	 141.043551 	 201.055141 	 43886.423061 	 2417263437.862536 
11545 	 -160.289167 	 183.970800 	 39287.924413 	 2204847082.089170 
11546 	 74.640881 	 169.890868 	 34014.295637 	 1688872632.667841 
11547 	 -74.619776 	 184.216141 	 39318.183648 	 2163923977.425519 
11548 	 -169.461508 	 176.104068 	 35936.817210 	 1854591757.199885 
11549 	 34.708075 	 157.906026 	 31129.558259 	 1545068061.885615 
11550 	 -134.750447 	 163.149848 	 31203.459253 	 1478714061.156366 
11551 	 57.756023 	 176.569089 	 36125.207323 	 1876838000.610345 
11552 	 190.017054 	 190.850369 	 41240.491478 	 2266599214.428843 
11553 	 -56.723247 	 185.365067 	 40482.000639 	 2386567904.638569 
11554 	 -64.993161 	 161.548769 	 33425.048364 	 1806693424.541847 
11555 	 -70.768899 	 129.387517 	 22714.766779 	 977537965.286561 
11556 	 190.583894 	 190.684721 	 40080.572283 	 2044465543.000459 
11557 	 196.038412 	 196.038412 	 41782.709556 	 2209812799.738720 
11558 	 94.519536 	 166.721119 	 34616.745314 	 1948859389.184397 
11559 	 -17.461913 	 142.521262 	 25926.956543 	 1154057132.702794 
11560 	 -95.598254 	 161.814364 	 32723.136150 	 1697496042.946676 
11561 	 108.816204 	 204.382987 	 45747.037645 	 2630609479.398114 
11562 	 -81.407713 	 168.113576 	 34785.852958 	 1843764574.133121 
11563 	 -212.202478 	 212.579058 	 48017.089262 	 2749357822.266714 
11564 	 -154.778545 	 168.586924 	 34666.736046 	 1829719091.519819 
11565 	 -183.757542 	 192.257705 	 42162.137116 	 2390765793.241388 
11566 	 -129.703721 	 198.101663 	 43235.509592 	 2424712435.485862 
11567 	 -83.272081 	 168.036758 	 34112.045815 	 1803415952.514849 
11568 	 -7.021563 	 144.616421 	 25517.780864 	 1057809695.393698 
11569 	 -89.382861 	 155.034349 	 29691.074350 	 1435519405.225216 
11570 	 -43.095726 	 147.543593 	 28659.565521 	 1435136469.590652 
11571 	 8.094027 	 162.347912 	 32272.439192 	 1657968447.319048 
11572 	 -81.589417 	 183.335544 	 37842.836215 	 1918212469.796659 
11573 	 194.826650 	 194.871952 	 42028.105916 	 2296971418.953961 
11574 	 27.903263 	 166.056311 	 34544.647368 	 1895148554.952599 
11575 	 -168.396340 	 172.707443 	 36318.777206 	 1978962321.959781 
11576 	 97.077187 	 162.597075 	 32456.979357 	 1634331865.738725 
11577 	 34.615331 	 170.659706 	 34934.280495 	 1782508354.507174 
11578 	 -222.550458 	 222.550458 	 53018.713120 	 3392632428.728620 
11579 	 -171.166230 	 172.028490 	 34682.972396 	 1758897298.493952 
11580 	 -144.439307 	 184.188982 	 38083.775868 	 1912600839.386470 
11581 	 -27.906034 	 142.754276 	 26190.885101 	 1171027891.674773 
11582 	 199.057779 	 199.057779 	 42889.972744 	 2328344466.076792 
11583 	 -70.755949 	 159.765063 	 30983.699947 	 1504832838.646529 
11584 	 120.655609 	 153.660559 	 29682.570237 	 1443185841.689553 
11585 	 88.628878 	 151.601702 	 28419.966671 	 1278911507.600370 
11586 	 18.322254 	 176.554644 	 36458.466293 	 1888322617.414633 
11587 	 -60.304190 	 172.587981 	 35087.302721 	 1824909090.843620 
11588 	 79.295860 	 172.990580 	 36928.385068 	 2079510668.823829 
11589 	 206.908294 	 207.281147 	 46397.672013 	 2618082153.521168 
11590 	 185.326039 	 186.638958 	 39846.442637 	 2144394462.843691 
11591 	 72.402902 	 181.130450 	 37679.827050 	 2003432998.851201 
11592 	 -148.056091 	 157.590832 	 32963.491907 	 1867740078.201201 
11593 	 -162.443343 	 188.790330 	 41089.827599 	 2312914368.447297 
11594 	 -22.759018 	 190.990427 	 41725.345033 	 2421594625.943841 
11595 	 107.615514 	 188.891106 	 40748.197169 	 2251395430.015306 
11596 	 -25.191568 	 185.716284 	 39206.771838 	 2049013883.646235 
11597 	 -65.613670 	 185.740066 	 38581.949550 	 1959431742.857385 
11598 	 5.792036 	 165.086018 	 33695.048621 	 1822922431.529233 
11599 	 -58.628056 	 197.337907 	 42583.617746 	 2289482348.425898 
11600 	 19.981608 	 116.253965 	 18984.581929 	 752411359.159073 
11601 	 51.276586 	 157.822880 	 30535.526615 	 1525326346.957899 
11602 	 172.795100 	 183.798539 	 38945.016323 	 2140934154.270896 
11603 	 71.643155 	 173.505462 	 35339.946471 	 1814642552.183508 
11604 	 -65.628257 	 147.358421 	 27760.602310 	 1293776590.418802 
11605 	 69.929708 	 204.529871 	 44943.065107 	 2464800640.850176 
11606 	 -66.712798 	 190.672871 	 42639.607612 	 2536483271.310337 
11607 	 -173.073507 	 173.599158 	 35193.400213 	 1796572503.635449 
11608 	 -9.625651 	 178.390315 	 38517.882629 	 2201304531.024817 
11609 	 -71.345629 	 166.465677 	 32996.497812 	 1686987680.133383 
11610 	 -178.105694 	 180.341227 	 38225.901349 	 2083037793.932033 
11611 	 -54.032199 	 182.709840 	 38204.809177 	 2033047500.995850 
11612 	 -64.318060 	 182.027588 	 36750.291591 	 1750259590.994066 
11613 	 15.835632 	 144.242816 	 26629.750363 	 1227027140.903476 
11614 	 201.404763 	 201.715918 	 44338.131352 	 2494542226.380809 
11615 	 -94.518426 	 180.768551 	 39213.965632 	 2233393519.099811 
11616 	 99.456778 	 186.319600 	 39905.580532 	 2212482935.737743 
11617 	 41.181072 	 216.671389 	 49886.736707 	 2960405077.405410 
11618 	 187.070497 	 187.226975 	 39238.515990 	 2048760533.297792 
11619 	 11.536211 	 164.343180 	 34452.648191 	 1953948530.330005 
11620 	 76.342355 	 155.175945 	 30967.783039 	 1666892797.317551 
11621 	 109.360836 	 170.023111 	 35406.478857 	 1942842232.773144 
11622 	 166.104824 	 171.192834 	 33706.210475 	 1625251667.465595 
11623 	 -113.779386 	 176.398656 	 36861.585167 	 1967371879.538707 
11624 	 86.371681 	 186.999197 	 40085.333338 	 2198887166.482347 
11625 	 97.338449 	 158.722988 	 31134.692212 	 1511936048.374393 
11626 	 207.959137 	 207.959137 	 46614.898950 	 2698481307.521554 
11627 	 38.915864 	 167.838609 	 34736.174585 	 1869478994.406983 
11628 	 46.518221 	 187.226169 	 39817.959918 	 2178048500.667443 
11629 	 -121.404056 	 205.958850 	 45861.880929 	 2657204856.756765 
11630 	 173.323742 	 176.565170 	 35928.258052 	 1788282952.298137 
11631 	 180.547771 	 181.329258 	 37520.108601 	 1923989613.928612 
11632 	 -108.669193 	 156.985889 	 30326.550998 	 1470571187.199519 
11633 	 -177.177513 	 186.541193 	 41179.943050 	 2372944034.988526 
11634 	 -131.730206 	 165.149156 	 34541.889154 	 1952072981.874075 
11635 	 -170.325900 	 173.660703 	 35724.932447 	 1848605004.198732 
11636 	 9.554235 	 177.748425 	 37468.905164 	 2050902087.654394 
11637 	 -4.431774 	 190.366370 	 41203.651142 	 2263144446.807328 
11638 	 -145.077016 	 158.084623 	 31705.898476 	 1627922484.479274 
11639 	 89.212363 	 148.939960 	 28371.958123 	 1414558244.523141 
11640 	 -68.734068 	 178.777370 	 38254.749669 	 2111387581.360791 
11641 	 200.307250 	 202.751230 	 45833.407327 	 2678425671.204043 
11642 	 -18.546216 	 138.955848 	 25775.498119 	 1229446624.368430 
11643 	 15.262255 	 154.215417 	 30350.901350 	 1529389340.737262 
11644 	 -105.533220 	 167.410732 	 33410.202788 	 1694941114.298220 
11645 	 167.607817 	 173.347641 	 36645.673171 	 2005462819.401144 
11646 	 -77.707123 	 148.599460 	 29040.056345 	 1489980888.484456 
11647 	 51.163965 	 177.854689 	 36502.156585 	 1888416640.518986 
11648 	 181.505794 	 184.303027 	 40105.625059 	 2260503044.039734 
11649 	 38.625833 	 157.521647 	 29951.896240 	 1445120339.871605 
11650 	 -156.471714 	 160.489015 	 32379.591237 	 1708239383.749208 
11651 	 -81.405251 	 171.958557 	 35101.786577 	 1776283572.972237 
11652 	 35.757951 	 179.804447 	 38649.872136 	 2181978663.277083 
11653 	 -18.589916 	 180.563985 	 38338.239154 	 2045158408.490309 
11654 	 -8.016308 	 146.118870 	 29386.569775 	 1588371427.159504 
11655 	 28.061242 	 181.333438 	 37596.766282 	 1994894164.883990 
11656 	 -2.146061 	 162.036516 	 31700.491639 	 1490477914.123569 
11657 	 173.551616 	 173.755995 	 35387.889976 	 1863138940.347886 
11658 	 153.465906 	 175.239621 	 37365.464945 	 2121730619.145840 
11659 	 -56.234095 	 175.028617 	 35448.625377 	 1801517969.003930 
11660 	 -83.111637 	 145.513442 	 27972.620702 	 1391388959.354878 
11661 	 2.754950 	 155.268460 	 30690.013153 	 1544949589.344874 
11662 	 -44.979735 	 185.018436 	 39021.508762 	 2085222343.900721 
11663 	 -17.403575 	 173.101728 	 35164.112283 	 1791167971.256946 
11664 	 126.553760 	 169.246333 	 35163.580942 	 1849039120.698872 
11665 	 205.422902 	 205.422902 	 44762.961152 	 2409168519.450525 
11666 	 -54.753476 	 195.264868 	 42731.388651 	 2397454848.450149 
11667 	 -5.959876 	 177.220318 	 37917.060501 	 2156829664.638422 
11668 	 166.697685 	 170.878917 	 35227.832003 	 1881339599.839503 
11669 	 176.366215 	 183.499428 	 38523.327286 	 2012298581.717193 
11670 	 -80.332334 	 179.271344 	 36307.520281 	 1866960488.382586 
11671 	 -106.961973 	 164.961804 	 34298.114708 	 1869029977.712720 
11672 	 36.946777 	 158.886981 	 30731.460012 	 1472195901.627499 
11673 	 -140.961544 	 180.762628 	 39001.690068 	 2230639473.173787 
11674 	 186.177437 	 195.069227 	 41528.304189 	 2163421069.589664 
11675 	 124.251025 	 190.420133 	 41064.945125 	 2299084387.381563 
11676 	 61.602090 	 172.629429 	 33534.517210 	 1543026512.947367 
11677 	 -186.303535 	 186.437218 	 40462.499730 	 2294288259.860829 
11678 	 102.829771 	 184.909204 	 40154.535828 	 2339101202.589326 
11679 	 -142.807202 	 190.555069 	 39781.164132 	 2022568013.107474 
11680 	 175.345045 	 182.279487 	 39742.605275 	 2230512817.107258 
11681 	 -195.473129 	 195.646942 	 41799.784569 	 2189861839.552120 
11682 	 99.716993 	 178.862382 	 37218.839869 	 2010670030.741903 
11683 	 -109.832176 	 173.157812 	 35071.909619 	 1839958148.599000 
11684 	 23.190635 	 155.277071 	 29214.405345 	 1328398768.319360 
11685 	 -134.568658 	 155.520673 	 30870.769268 	 1605606849.966220 
11686 	 -49.778705 	 137.830263 	 27139.172685 	 1466758760.980592 
11687 	 -156.888853 	 187.958254 	 40914.236787 	 2338207551.616948 
11688 	 -88.561273 	 160.190002 	 29842.114672 	 1310703042.951652 
11689 	 176.024762 	 183.180966 	 38623.317204 	 2143748442.171605 
11690 	 -75.072591 	 184.574912 	 40210.909414 	 2270362600.944735 
11691 	 -131.115745 	 148.192451 	 27946.168859 	 1281307856.707103 
11692 	 -16.465456 	 135.321956 	 25574.149269 	 1271125267.795578 
11693 	 86.191121 	 170.031993 	 35086.014058 	 1846159156.785175 
11694 	 77.487768 	 193.833014 	 43238.092959 	 2545038061.648532 
11695 	 135.888677 	 205.150182 	 47230.021756 	 2923851009.497705 
11696 	 -84.214739 	 175.458995 	 35615.547301 	 1764527738.643164 
11697 	 -89.508245 	 152.435904 	 28798.434232 	 1365419566.518580 
11698 	 -82.886531 	 164.721237 	 32349.980925 	 1581694516.905761 
11699 	 -188.877651 	 197.523904 	 43834.100974 	 2592784797.296315 
11700 	 52.259243 	 190.311069 	 41394.111019 	 2315498551.649712 
11701 	 112.596182 	 183.317198 	 38092.042499 	 1973863374.787221 
11702 	 146.685725 	 190.864447 	 39891.823482 	 2012229207.647879 
11703 	 83.536448 	 162.865084 	 33023.089460 	 1680283668.986232 
11704 	 -65.641526 	 178.950482 	 37805.428186 	 1979418664.507931 
11705 	 119.578305 	 144.814173 	 29042.219140 	 1596076273.413182 
11706 	 155.543904 	 162.830875 	 33490.212739 	 1787932022.916456 
11707 	 -40.210314 	 150.028441 	 28414.427267 	 1370671097.740656 
11708 	 153.689588 	 162.387976 	 33146.814148 	 1809045791.122468 
11709 	 108.272918 	 187.247771 	 41181.433318 	 2309961415.081395 
11710 	 -60.634168 	 178.855137 	 37135.634710 	 1949207378.712237 
11711 	 -58.177460 	 179.051180 	 37597.603674 	 2000025836.944890 
11712 	 -164.276804 	 170.321431 	 35838.947465 	 2012454478.660709 
11713 	 -4.993470 	 170.130606 	 37297.388564 	 2212199576.675601 
11714 	 130.865227 	 207.064092 	 47499.716338 	 2909374050.531435 
11715 	 -57.968336 	 168.177896 	 34298.393694 	 1810815772.464575 
11716 	 -128.446543 	 167.633639 	 34835.984416 	 1933119584.668770 
11717 	 -29.352849 	 163.228214 	 31393.904390 	 1462660888.926558 
11718 	 179.005470 	 179.942489 	 38651.371855 	 2108305635.181868 
11719 	 49.191374 	 178.585613 	 36590.068357 	 1853466056.220286 
11720 	 90.685428 	 168.378872 	 35151.929368 	 1938198880.526070 
11721 	 31.449707 	 168.176255 	 33436.609025 	 1673947376.139612 
11722 	 -211.776659 	 211.800695 	 47603.118268 	 2668356311.921630 
11723 	 -39.897910 	 178.259314 	 37026.663754 	 1993557334.039860 
11724 	 -49.679667 	 202.967895 	 45690.847767 	 2719942972.185524 
11725 	 128.996704 	 194.374609 	 42908.046667 	 2454413480.644103 
11726 	 139.512255 	 199.725954 	 43281.593050 	 2319856318.430337 
11727 	 109.239610 	 165.640718 	 33431.054005 	 1704020395.935127 
11728 	 197.766568 	 197.808250 	 43422.240787 	 2461333662.500613 
11729 	 191.371762 	 194.493797 	 42719.008779 	 2413120737.159734 
11730 	 62.147551 	 150.377249 	 28196.514551 	 1276221910.448987 
11731 	 -207.625724 	 207.625724 	 46108.158009 	 2615753754.566561 
11732 	 -48.653390 	 175.347478 	 35759.869549 	 1863736504.040656 
11733 	 142.833241 	 207.562599 	 47316.040372 	 2820163272.576004 
11734 	 116.160123 	 212.844736 	 50324.470092 	 3193976441.044156 
11735 	 -129.902748 	 166.099594 	 33301.919483 	 1694133797.065682 
11736 	 -116.816792 	 146.675930 	 27912.639973 	 1369346555.129811 
11737 	 -39.629491 	 155.960618 	 29369.123342 	 1297269258.725950 
11738 	 102.060823 	 181.305581 	 36713.960527 	 1809549685.232626 
11739 	 -145.354164 	 162.985023 	 33368.265440 	 1718711828.133505 
11740 	 -44.382772 	 185.758207 	 40457.448948 	 2364562615.792556 
11741 	 177.212298 	 177.726852 	 36853.498401 	 1964626709.553472 
11742 	 122.958182 	 188.414230 	 40561.389780 	 2232915006.799050 
11743 	 43.787553 	 173.943216 	 35847.755827 	 1878434610.880903 
11744 	 -196.208868 	 197.447991 	 43422.360297 	 2501113937.008778 
11745 	 27.442136 	 200.690268 	 44822.921691 	 2601006111.376141 
11746 	 49.619268 	 184.907762 	 40163.528958 	 2303960535.360663 
11747 	 154.893248 	 195.940991 	 42611.766798 	 2353516247.252828 
11748 	 89.598450 	 144.993662 	 27545.378996 	 1350711272.692861 
11749 	 128.432675 	 179.374005 	 36695.828873 	 1841711512.806675 
11750 	 121.619803 	 178.418159 	 36491.836904 	 1838207221.689805 
11751 	 198.614447 	 198.637997 	 41938.606733 	 2135080523.036922 
11752 	 210.065902 	 210.065902 	 47034.896634 	 2726670342.259167 
11753 	 -9.256762 	 185.198711 	 38539.842470 	 1991247670.904161 
11754 	 -162.350918 	 171.425533 	 35236.989493 	 1822521544.385044 
11755 	 -205.987891 	 206.017231 	 46364.591137 	 2717947574.135196 
11756 	 25.728727 	 164.107640 	 33012.262122 	 1669013541.857141 
11757 	 136.534077 	 175.485435 	 36484.703396 	 1998244017.125547 
11758 	 -74.236264 	 168.813823 	 35289.807113 	 1868558308.644216 
11759 	 47.716745 	 171.380049 	 35321.014192 	 1889176212.815999 
11760 	 116.069734 	 178.773554 	 37289.798381 	 2015376902.434626 
11761 	 -145.462663 	 162.522732 	 31266.015031 	 1430850349.846233 
11762 	 -117.618561 	 188.236282 	 40689.545090 	 2299241771.633435 
11763 	 -22.554160 	 192.650113 	 42332.353117 	 2414685345.409677 
11764 	 -180.104170 	 180.170313 	 37285.370539 	 1980640654.687480 
11765 	 -207.178214 	 207.178214 	 45513.565874 	 2494407463.946403 
11766 	 148.267674 	 174.741684 	 36202.251706 	 1906541073.320914 
11767 	 -58.340453 	 139.415668 	 25138.579885 	 1106271647.394546 
11768 	 191.231655 	 191.231655 	 39611.667011 	 1990597972.389408 
11769 	 30.793333 	 145.717588 	 29295.793204 	 1615316995.261471 
11770 	 -167.714305 	 169.580277 	 33310.450748 	 1585233806.160040 
11771 	 -8.183616 	 164.811192 	 32879.346875 	 1689810098.413846 
11772 	 -35.835180 	 156.306297 	 30831.583580 	 1616342459.391491 
11773 	 48.014999 	 174.715187 	 34988.224022 	 1703777638.753171 
11774 	 115.666439 	 149.629241 	 28754.763014 	 1388563184.054155 
11775 	 -73.491200 	 193.737679 	 41726.599726 	 2289596562.584967 
11776 	 164.240207 	 167.007735 	 32881.843678 	 1544759745.700248 
11777 	 -41.393730 	 200.640857 	 44570.467205 	 2572112037.236797 
11778 	 2.313675 	 166.455468 	 33737.264992 	 1777949360.924573 
11779 	 136.012189 	 156.162978 	 32500.124619 	 1927064335.191412 
11780 	 181.957321 	 201.437118 	 45182.715405 	 2645546408.812927 
11781 	 -144.202907 	 162.003816 	 31059.183487 	 1435548267.503811 
11782 	 -208.206663 	 208.211075 	 46343.582311 	 2580801319.796340 
11783 	 -183.607583 	 183.805845 	 37136.140995 	 1792487375.585815 
11784 	 -193.652433 	 193.652433 	 41210.461323 	 2228894545.929627 
11785 	 -190.639543 	 191.371063 	 40210.656151 	 2090980958.630190 
11786 	 63.317490 	 167.408848 	 33858.086145 	 1730556169.820607 
11787 	 -83.979503 	 156.224164 	 30141.183690 	 1462884936.286713 
11788 	 -125.700721 	 170.054534 	 34353.330582 	 1775227508.177583 
11789 	 107.865956 	 165.823741 	 33916.001513 	 1839947311.328909 
11790 	 -105.248064 	 164.419480 	 34092.121556 	 1888557277.801565 
11791 	 -20.623784 	 159.251444 	 31571.667617 	 1571707540.036764 
11792 	 153.214889 	 162.758771 	 31050.894968 	 1422105064.512396 
11793 	 45.046146 	 170.151776 	 35824.367317 	 1993818740.714437 
11794 	 -32.619845 	 161.188752 	 31399.558727 	 1563490075.866501 
11795 	 4.397352 	 159.493650 	 31212.471440 	 1570950863.714591 
11796 	 -175.004404 	 177.900304 	 37568.924852 	 2067900692.309529 
11797 	 -92.887543 	 156.816390 	 30589.205740 	 1478151739.337275 
11798 	 -75.250655 	 176.084218 	 35283.338106 	 1726882388.970928 
11799 	 -80.170031 	 139.002547 	 24846.733100 	 1048409111.063032 
11800 	 -166.677212 	 167.784188 	 33938.802529 	 1754510389.470032 
11801 	 -156.960548 	 159.477673 	 32607.967369 	 1766837619.928204 
11802 	 -100.873988 	 208.327163 	 45912.689291 	 2507333720.657202 
11803 	 -63.002643 	 185.011490 	 38738.642266 	 2024791383.174947 
11804 	 -92.315339 	 168.437884 	 32937.418610 	 1558245323.726200 
11805 	 -155.566037 	 182.835444 	 38045.910736 	 1924456549.654867 
11806 	 28.849761 	 151.653353 	 29683.143308 	 1498416800.457443 
11807 	 -125.342819 	 180.028626 	 39445.781052 	 2334265546.146636 
11808 	 92.934775 	 169.767120 	 33079.175084 	 1550879487.928258 
11809 	 148.037675 	 155.394004 	 31288.025140 	 1591161602.282076 
11810 	 -54.602828 	 176.475504 	 37258.293919 	 2088368307.596247 
11811 	 -175.198216 	 175.274419 	 34568.102195 	 1627115992.843654 
11812 	 -53.961961 	 195.072403 	 42845.602136 	 2422289451.881150 
11813 	 -149.014594 	 182.783485 	 37715.582719 	 1931588572.207261 
11814 	 108.554957 	 192.086425 	 40835.745014 	 2170293983.279590 
11815 	 -154.224106 	 196.011155 	 42842.774845 	 2403708209.985677 
11816 	 34.250688 	 166.115305 	 34308.347485 	 1858273335.412512 
11817 	 155.726121 	 167.983443 	 33062.942350 	 1603773426.655231 
11818 	 41.745836 	 170.340407 	 34591.905897 	 1762895830.261006 
11819 	 169.558769 	 193.375437 	 41852.961505 	 2342463279.725642 
11820 	 -181.607995 	 181.686177 	 37747.256051 	 1981633214.561704 
11821 	 71.670024 	 166.178463 	 34681.146735 	 1931325551.514271 
11822 	 -62.843916 	 185.634308 	 39063.085340 	 2062165996.781619 
11823 	 -10.544308 	 191.106173 	 40712.406714 	 2187992402.200774 
11824 	 44.032263 	 175.915194 	 35481.466300 	 1752398469.022758 
11825 	 64.326545 	 145.080340 	 28897.390763 	 1605016197.156940 
11826 	 82.516563 	 171.105379 	 33863.776225 	 1597883051.782950 
11827 	 98.354251 	 149.537954 	 29901.727132 	 1626043553.433232 
11828 	 6.282481 	 202.195383 	 44887.925687 	 2583433241.358273 
11829 	 153.143503 	 194.608451 	 41575.255867 	 2247109121.732809 
11830 	 -49.864587 	 139.607908 	 26281.771632 	 1281866026.180519 
11831 	 165.461186 	 176.547522 	 36854.973487 	 1992559807.006540 
11832 	 207.129521 	 207.191549 	 46375.759022 	 2659893296.767319 
11833 	 211.063449 	 211.063449 	 46606.760237 	 2525659779.786986 
11834 	 45.427359 	 176.438085 	 36800.998223 	 1932040004.782698 
11835 	 67.437883 	 166.897059 	 34390.073342 	 1826908538.220653 
11836 	 166.478426 	 173.249881 	 35347.873048 	 1758227223.503244 
11837 	 95.505525 	 149.636743 	 28825.728574 	 1400069758.340729 
11838 	 183.257997 	 183.275255 	 37517.205313 	 1893553751.590117 
11839 	 90.070613 	 174.786624 	 36032.959214 	 1891239965.987211 
11840 	 96.499396 	 172.065223 	 34893.860772 	 1836906965.867345 
11841 	 1.445150 	 154.926119 	 30909.358825 	 1591922470.655515 
11842 	 201.957944 	 201.957944 	 44406.830224 	 2490676828.611858 
11843 	 -58.104446 	 169.527476 	 34256.403497 	 1730834765.633519 
11844 	 -57.020191 	 149.310986 	 28134.011213 	 1324319044.656028 
11845 	 -211.506511 	 211.506511 	 48157.055135 	 2877152831.342871 
11846 	 -214.908560 	 214.908560 	 47961.643649 	 2610811100.499817 
11847 	 -42.712485 	 156.874767 	 30136.764290 	 1397646153.142578 
11848 	 99.675246 	 163.975521 	 31872.784179 	 1510325403.111266 
11849 	 -88.648666 	 148.873503 	 29894.521591 	 1601158544.497614 
11850 	 -25.554072 	 174.641965 	 35576.057591 	 1859615812.593204 
11851 	 94.628301 	 175.772274 	 36032.697276 	 1844175198.358058 
11852 	 157.449185 	 165.797212 	 32841.861298 	 1620629479.866354 
11853 	 79.268104 	 173.229610 	 35623.558323 	 1907316363.967075 
11854 	 211.065104 	 211.074882 	 48814.027887 	 2984219080.837993 
11855 	 40.229768 	 165.148579 	 31953.592787 	 1456352807.053564 
11856 	 -216.555014 	 216.555014 	 48831.918859 	 2740500457.043848 
11857 	 202.125413 	 207.780981 	 46859.827031 	 2723077044.284764 
11858 	 15.106107 	 147.357771 	 27964.577026 	 1347429142.095606 
11859 	 -60.567805 	 178.616099 	 37175.893936 	 1977017341.288736 
11860 	 -164.464177 	 176.386322 	 37338.929384 	 2086777304.275354 
11861 	 4.718483 	 170.145258 	 34886.248034 	 1826525114.334039 
11862 	 -50.049129 	 168.190403 	 34835.366005 	 1887379722.437131 
11863 	 52.035540 	 170.460716 	 35477.044716 	 1914023640.215767 
11864 	 -87.978433 	 171.634226 	 33345.112810 	 1544605359.273739 
11865 	 167.156146 	 179.273835 	 38042.716770 	 2070238570.073477 
11866 	 60.702055 	 167.262343 	 33607.792333 	 1677777235.112710 
11867 	 209.017785 	 209.042786 	 47017.895731 	 2747390852.411643 
11868 	 35.973422 	 162.233638 	 31752.643720 	 1534681104.027436 
11869 	 60.848791 	 179.270603 	 38447.602835 	 2177580536.503009 
11870 	 -82.896490 	 182.863827 	 37812.490364 	 1956722959.392451 
11871 	 -8.801787 	 183.604869 	 38760.991399 	 2131905959.714047 
11872 	 -141.075548 	 186.042174 	 40595.456424 	 2353936961.111792 
11873 	 -48.437338 	 138.328236 	 25112.797042 	 1206610432.891961 
11874 	 69.587032 	 195.097889 	 41388.634107 	 2162587524.653643 
11875 	 140.353455 	 141.780866 	 25068.254474 	 1053377319.312048 
11876 	 51.380547 	 150.891433 	 28274.309404 	 1319593829.058139 
11877 	 -47.771952 	 135.010893 	 24186.141359 	 1116525357.330240 
11878 	 -96.012927 	 191.454970 	 41655.891584 	 2319730854.942822 
11879 	 117.083633 	 195.270273 	 43128.400249 	 2469131793.175022 
11880 	 108.001545 	 155.760620 	 29844.002620 	 1429250717.720253 
11881 	 -31.979783 	 194.347986 	 42400.427489 	 2385946133.366148 
11882 	 -29.625211 	 183.491159 	 38253.337886 	 2002900553.020107 
11883 	 98.178901 	 170.432795 	 34379.472430 	 1722243434.982285 
11884 	 -76.654095 	 174.034466 	 35259.435026 	 1796565915.750115 
11885 	 48.319353 	 147.107214 	 26545.284794 	 1123812171.983614 
11886 	 176.836686 	 178.537198 	 37579.890951 	 2031585777.246916 
11887 	 -129.518451 	 163.510604 	 32024.579671 	 1522688101.640199 
11888 	 -179.836002 	 179.929255 	 36614.841835 	 1819923510.136286 
11889 	 -184.953778 	 188.066900 	 40649.290986 	 2282434026.365429 
11890 	 -59.128803 	 164.885007 	 33405.269020 	 1748089257.720463 
11891 	 -21.405360 	 183.932430 	 39962.945273 	 2285739748.702663 
11892 	 -201.050219 	 201.140841 	 45185.546192 	 2692512921.158577 
11893 	 -207.655212 	 207.684247 	 46394.786190 	 2625553616.058556 
11894 	 -67.441130 	 194.582841 	 43631.231481 	 2647475568.472823 
11895 	 19.107968 	 167.815829 	 33687.670043 	 1692291754.436373 
11896 	 -75.756294 	 176.540747 	 37947.465153 	 2145282223.562757 
11897 	 -197.672407 	 197.672407 	 42102.751238 	 2222599707.128382 
11898 	 -112.061833 	 192.737310 	 41390.613220 	 2274152982.565481 
11899 	 35.531003 	 172.726622 	 35338.538040 	 1787423908.337850 
11900 	 -22.860661 	 206.863443 	 48307.240009 	 3035391668.745729 
11901 	 -106.000155 	 154.527985 	 29304.556917 	 1376020519.124703 
11902 	 123.193267 	 179.492984 	 37951.619952 	 2052739396.837051 
11903 	 72.268852 	 148.096304 	 26830.881029 	 1176178839.757378 
11904 	 188.746752 	 195.845011 	 44016.548547 	 2630564814.236264 
11905 	 82.202895 	 165.058178 	 32262.463999 	 1514215989.261211 
11906 	 56.557158 	 205.013107 	 45746.833189 	 2630427950.964991 
11907 	 46.480012 	 152.202512 	 28685.770849 	 1323975024.147852 
11908 	 -47.836829 	 204.281105 	 45875.760996 	 2673119907.535038 
11909 	 31.040773 	 184.722884 	 39232.739187 	 2119516259.762768 
11910 	 -82.795090 	 157.439106 	 31055.008049 	 1588533061.753429 
11911 	 -126.864444 	 180.293826 	 37595.923264 	 2020197097.458586 
11912 	 -106.646732 	 195.446813 	 44317.387094 	 2640083003.293258 
11913 	 -72.295743 	 161.692774 	 30800.358538 	 1424076024.421670 
11914 	 -104.739575 	 180.640125 	 36552.387244 	 1843875310.994467 
11915 	 180.333415 	 180.365162 	 37123.563193 	 1896561897.107435 
11916 	 -15.433626 	 163.602311 	 31533.119994 	 1440699846.088701 
11917 	 -108.147603 	 194.301594 	 42663.121247 	 2465698168.826405 
11918 	 -153.286270 	 181.003588 	 38052.265186 	 2026546238.362627 
11919 	 -132.241142 	 177.350792 	 37702.749449 	 2146918220.207325 
11920 	 144.847376 	 156.890307 	 32223.992768 	 1755653916.199105 
11921 	 -79.098210 	 127.116030 	 21597.406025 	 883659594.301139 
11922 	 -129.041596 	 193.106810 	 40518.946989 	 2069755720.689996 
11923 	 177.509777 	 182.889578 	 38432.365178 	 2012878091.965793 
11924 	 126.154099 	 172.127758 	 34081.889570 	 1689961198.823238 
11925 	 -153.027720 	 182.038462 	 39378.903155 	 2223240334.873805 
11926 	 -40.630787 	 166.908025 	 34478.429445 	 1877046191.657454 
11927 	 90.352195 	 180.946201 	 37826.181263 	 2001489474.593885 
11928 	 -84.817042 	 153.579445 	 28918.992062 	 1331650178.710414 
11929 	 -176.185011 	 177.025289 	 37118.851186 	 2001584638.373466 
11930 	 31.892475 	 167.154112 	 33245.936511 	 1600212787.297621 
11931 	 32.627105 	 181.896167 	 38921.832455 	 2139036997.192610 
11932 	 79.000764 	 163.678539 	 33203.775193 	 1755392775.997984 
11933 	 189.002511 	 189.248288 	 39937.931918 	 2075402044.485886 
11934 	 2.828825 	 139.789833 	 26960.072648 	 1351178718.965210 
11935 	 -200.874368 	 200.874368 	 43070.474687 	 2246370604.514910 
11936 	 -23.201252 	 185.918561 	 39713.941433 	 2142759072.922122 
11937 	 139.737713 	 188.685829 	 41059.123489 	 2365755330.273494 
11938 	 156.411726 	 193.604825 	 42303.589159 	 2425597073.220775 
11939 	 -159.774760 	 184.557615 	 39703.406698 	 2246862717.658427 
11940 	 -125.455388 	 173.078349 	 35031.924167 	 1729267974.890522 
11941 	 -145.560304 	 189.794673 	 40102.280175 	 2143376074.263009 
11942 	 42.279317 	 177.634382 	 37042.890320 	 1995851674.107681 
11943 	 -189.919211 	 190.579948 	 41193.249084 	 2332708835.037597 
11944 	 -119.971213 	 163.629724 	 32141.640836 	 1542970564.921812 
11945 	 28.295710 	 205.371440 	 45570.166800 	 2559796541.601602 
11946 	 77.282430 	 160.062553 	 31781.327538 	 1611880121.917853 
11947 	 73.635881 	 189.861142 	 41894.204775 	 2419463274.028179 
11948 	 -57.432346 	 196.421772 	 43745.770577 	 2540051389.228525 
11949 	 -3.849148 	 174.173090 	 36129.022201 	 1955696469.225068 
11950 	 -51.695124 	 182.494273 	 38433.503997 	 2026010185.988062 
11951 	 -142.098099 	 180.889881 	 37481.173491 	 1948681078.454887 
11952 	 15.437772 	 156.859659 	 31450.750039 	 1623440226.075463 
11953 	 -57.565994 	 200.132143 	 43952.103620 	 2489650060.140821 
11954 	 186.372718 	 202.498525 	 44330.759127 	 2487849244.583152 
11955 	 -115.058678 	 177.240171 	 38985.405148 	 2372882063.514990 
11956 	 57.194025 	 180.194230 	 37452.312045 	 1971285132.004716 
11957 	 13.491407 	 169.155304 	 34931.777074 	 1888217286.923132 
11958 	 143.764932 	 173.810026 	 35436.302169 	 1883796614.700927 
11959 	 -162.327691 	 170.011293 	 34299.461501 	 1735813988.396752 
11960 	 -125.464793 	 166.492917 	 32309.335161 	 1508657084.134950 
11961 	 155.332404 	 171.950272 	 35364.732132 	 1922706353.761757 
11962 	 183.353267 	 205.317570 	 45709.775242 	 2604579885.303359 
11963 	 3.294207 	 185.797825 	 40869.765228 	 2414743701.129543 
11964 	 16.917222 	 151.494033 	 28628.640837 	 1340196898.283938 
11965 	 34.132120 	 176.866320 	 36907.651264 	 1978228952.308040 
11966 	 -28.940603 	 148.194783 	 27790.350113 	 1296944697.053796 
11967 	 -24.605428 	 200.081446 	 43479.231129 	 2379165312.679986 
11968 	 -152.505853 	 174.197299 	 34984.016533 	 1733657674.820891 
11969 	 117.939045 	 206.676553 	 47865.063506 	 2950518778.331578 
11970 	 -77.091002 	 175.138190 	 36036.413657 	 1939561585.799144 
11971 	 -192.895614 	 198.464599 	 43531.829863 	 2436877448.780830 
11972 	 -48.324860 	 179.283662 	 37485.702076 	 1934244018.720670 
11973 	 102.514998 	 152.123454 	 27891.218492 	 1227487396.789694 
11974 	 121.779061 	 157.783418 	 30231.663974 	 1444326657.544169 
11975 	 183.084070 	 188.577678 	 40796.622326 	 2280232030.846346 
11976 	 177.982707 	 198.271940 	 43728.337342 	 2420398614.811777 
11977 	 -84.491010 	 195.326951 	 42663.575729 	 2410029444.448505 
11978 	 44.858128 	 157.871455 	 30212.191143 	 1429194550.675772 
11979 	 162.639327 	 182.954377 	 39628.505610 	 2275190439.360682 
11980 	 -199.515011 	 199.772999 	 43204.596396 	 2315120745.742609 
11981 	 -214.557148 	 214.557148 	 49265.090224 	 2938896919.316736 
11982 	 -91.444751 	 156.430860 	 30301.506402 	 1419978692.506539 
11983 	 -96.005509 	 162.899081 	 32844.281086 	 1678637944.073899 
11984 	 -174.505850 	 179.417974 	 37901.662915 	 2031436774.546534 
11985 	 -115.256760 	 167.606749 	 33547.547310 	 1695182606.750050 
11986 	 17.700639 	 158.986183 	 32092.301425 	 1656583938.960403 
11987 	 89.339699 	 178.254061 	 37219.920826 	 1969960151.681824 
11988 	 -40.465576 	 163.916826 	 33291.059349 	 1719732679.806531 
11989 	 -128.361128 	 164.073475 	 32169.105919 	 1562937650.080395 
11990 	 161.141670 	 164.160175 	 34291.873675 	 1910930653.729881 
11991 	 183.963514 	 184.944765 	 38321.409570 	 1954939932.554615 
11992 	 -16.080452 	 161.156238 	 31359.330739 	 1515995228.133214 
11993 	 -69.951124 	 174.770439 	 36361.067656 	 1949830518.120531 
11994 	 134.786304 	 163.070731 	 32554.940770 	 1713756185.075968 
11995 	 152.925768 	 185.450025 	 40148.400918 	 2245316648.341856 
11996 	 76.982097 	 158.507574 	 31406.177852 	 1584464589.909645 
11997 	 124.950979 	 184.694427 	 38618.054056 	 2020191971.235211 
11998 	 190.124384 	 190.159397 	 39029.851497 	 1926917224.921559 
11999 	 -10.930969 	 204.964893 	 46548.355373 	 2764142660.973522 
12000 	 -70.001291 	 199.735508 	 44862.360957 	 2672469514.610534 

%ACCRATE = 0.895163
