%%%%%%%%%%%%%%%%%%%%%%%%%%%%%%%%%%%%%%%%%%%%%%%%%%%%%%%%%%%%%%%%%%%%%%%%%%%
%SIMULAZIONE D = 3, L = 8, V = 512
%NUMERO DI MISURE PER OGNI naccu: T = 1000
%%%%%%%%%%%%%%%%%%%%%%%%%%%%%%%%%%%%%%%%%%%%%%%%%%%%%%%%%%%%%%%%%%%%%%%%%%%
%naccu = 2
%%%%%%%%%%%%%%%%%%%%%%%%%%%%%%%%%%%%%%%%%%%%%%%%%%%%%%%%%%%%%%%%%%%%%%%%%%%

%%%%%%%%%%%%%%%%%%%%%%%%%%%%%%%%%%%%%%%%%%%%%%%%%%%%%%%%%%%%%%%%%%%%%%%%%%%

1001 	 -226.028726 	 226.028726 	 51425.278526 	 2713282897.878899 
1002 	 -207.491436 	 207.491436 	 43052.696067 	 1853534638.604424 
1003 	 -196.375168 	 196.375168 	 38573.630050 	 1489532777.561921 
1004 	 -209.836285 	 209.836285 	 44031.266444 	 1938752424.667382 
1005 	 -210.504129 	 210.504129 	 44466.169325 	 2004568489.126790 
1006 	 -198.561638 	 198.561638 	 39426.724098 	 1554466573.130726 
1007 	 -177.631093 	 177.631093 	 31556.816171 	 996338898.302930 
1008 	 -179.341579 	 179.341579 	 32418.868268 	 1083849673.097189 
1009 	 -182.834318 	 182.834318 	 33434.909213 	 1118765132.024403 
1010 	 -198.518093 	 198.518093 	 39474.764817 	 1568555746.602224 
1011 	 -198.042163 	 198.042163 	 39220.698275 	 1538263173.154896 
1012 	 -169.382107 	 169.382107 	 28703.234279 	 825360204.598189 
1013 	 -177.225394 	 177.225394 	 31408.840146 	 986515239.334048 
1014 	 -187.112227 	 187.112227 	 35059.022940 	 1235862424.329599 
1015 	 -210.182237 	 210.182237 	 44176.586523 	 1951573212.832265 
1016 	 -187.771091 	 187.771091 	 35258.231994 	 1243178097.865624 
1017 	 -193.614030 	 193.614030 	 37698.650478 	 1453015359.142221 
1018 	 -173.822477 	 173.822477 	 30225.652683 	 914967733.026424 
1019 	 -178.614143 	 178.614143 	 31903.012078 	 1017802179.652482 
1020 	 -171.475183 	 171.475183 	 30142.479370 	 995456057.603719 
1021 	 -203.640836 	 203.640836 	 41529.231992 	 1734570440.880189 
1022 	 -208.367341 	 208.367341 	 43430.789155 	 1888637053.782588 
1023 	 -184.967917 	 184.967917 	 34276.056651 	 1183459699.807233 
1024 	 -190.214883 	 190.214883 	 36376.388680 	 1351418070.147299 
1025 	 -168.756016 	 168.756016 	 28702.609071 	 849358418.324784 
1026 	 -168.067111 	 168.067111 	 28446.843687 	 831852893.159207 
1027 	 -167.017369 	 167.017369 	 27895.364511 	 778214191.380779 
1028 	 -180.615671 	 180.615671 	 32641.598966 	 1068028728.992646 
1029 	 -196.794355 	 196.794355 	 38744.210795 	 1503622323.780383 
1030 	 -195.003160 	 195.003160 	 38162.434366 	 1477088380.960826 
1031 	 -183.332602 	 183.332602 	 33610.842975 	 1129688765.488404 
1032 	 -179.166937 	 179.166937 	 32124.542154 	 1035035884.988417 
1033 	 -171.368158 	 171.368158 	 29375.602815 	 863931261.667638 
1034 	 -177.590757 	 177.590757 	 31651.605962 	 1016095814.143487 
1035 	 -168.042314 	 168.042314 	 28239.402632 	 797597510.470214 
1036 	 -132.557677 	 132.557677 	 17619.202401 	 313786454.204691 
1037 	 -166.492595 	 166.492595 	 28181.262955 	 845351949.569028 
1038 	 -197.816713 	 197.816713 	 39281.734885 	 1566577855.090463 
1039 	 -189.348104 	 189.348104 	 35867.071677 	 1288507217.588901 
1040 	 -169.791746 	 169.791746 	 28829.236886 	 831124899.448442 
1041 	 -204.272821 	 204.272821 	 41819.956953 	 1764359851.385255 
1042 	 -211.268071 	 211.268071 	 44641.094326 	 1994058615.136595 
1043 	 -211.462563 	 211.462563 	 44899.538443 	 2048722954.507607 
1044 	 -220.855814 	 220.855814 	 48777.290464 	 2379224064.988754 
1045 	 -235.619617 	 235.619617 	 55680.865602 	 3136835827.270762 
1046 	 -240.273047 	 240.273047 	 57748.593068 	 3338931053.458498 
1047 	 -240.135273 	 240.135273 	 57681.273409 	 3330894564.290536 
1048 	 -277.719117 	 277.719117 	 77145.207313 	 5956720131.743164 
1049 	 -286.482125 	 286.482125 	 82072.199844 	 6735908900.590376 
1050 	 -289.891777 	 289.891777 	 84113.013160 	 7100469245.674047 
1051 	 -268.800192 	 268.800192 	 72263.695768 	 5224976027.714121 
1052 	 -246.050314 	 246.050314 	 60550.412600 	 3668690689.933262 
1053 	 -236.174664 	 236.174664 	 55905.563998 	 3153788068.393050 
1054 	 -224.514707 	 224.514707 	 50735.777876 	 2640439327.269777 
1055 	 -206.672207 	 206.672207 	 42713.487609 	 1824456768.811063 
1056 	 -214.465011 	 214.465011 	 45995.240780 	 2115562174.371579 
1057 	 -238.170004 	 238.170004 	 56800.753001 	 3243525085.265268 
1058 	 -220.625013 	 220.625013 	 48753.515937 	 2392115345.836926 
1059 	 -204.404867 	 204.404867 	 41835.837813 	 1759343683.849972 
1060 	 -218.672006 	 218.672006 	 47817.714261 	 2286585106.353870 
1061 	 -206.752802 	 206.752802 	 42907.416002 	 1868523074.428880 
1062 	 -245.908440 	 245.908440 	 60472.728602 	 3657378449.239591 
1063 	 -215.087419 	 215.087419 	 46268.898687 	 2141976998.474068 
1064 	 -223.012684 	 223.012684 	 49734.657123 	 2473536119.129523 
1065 	 -208.471477 	 208.471477 	 43468.433915 	 1890908925.140280 
1066 	 -253.900351 	 253.900351 	 64493.798576 	 4166775969.806365 
1067 	 -276.818646 	 276.818646 	 76937.906274 	 6014259645.456739 
1068 	 -278.885003 	 278.885003 	 77794.325433 	 6057395346.654499 
1069 	 -251.976857 	 251.976857 	 63522.546954 	 4042786519.834799 
1070 	 -245.209040 	 245.209040 	 60131.524042 	 3616774410.363942 
1071 	 -226.829451 	 226.829451 	 51552.904002 	 2678550960.849276 
1072 	 -206.136669 	 206.136669 	 42541.125765 	 1818041765.996888 
1073 	 -254.771851 	 254.771851 	 64929.556530 	 4221263387.505233 
1074 	 -229.517735 	 229.517735 	 52678.390725 	 2775012849.380533 
1075 	 -249.966307 	 249.966307 	 62496.818676 	 3909267493.743456 
1076 	 -229.861184 	 229.861184 	 52839.581496 	 2792743637.506472 
1077 	 -190.187080 	 190.187080 	 36528.448037 	 1386026567.199634 
1078 	 -171.284100 	 171.284100 	 29338.242808 	 860732491.072158 
1079 	 -190.865820 	 190.865820 	 36489.758350 	 1340245177.111772 
1080 	 -198.611596 	 198.611596 	 39446.566199 	 1556031584.856998 
1081 	 -200.006255 	 200.006255 	 40140.655129 	 1633378087.113443 
1082 	 -162.037122 	 162.037122 	 26304.394930 	 697000781.858620 
1083 	 -117.922042 	 117.922042 	 13917.531380 	 194360881.170086 
1084 	 -138.188948 	 138.188948 	 19102.058983 	 365337312.210109 
1085 	 -146.085725 	 146.085725 	 21888.773396 	 525875286.616275 
1086 	 -171.752169 	 171.752169 	 29545.643016 	 878471369.282270 
1087 	 -166.918435 	 166.918435 	 27868.842441 	 777461247.923470 
1088 	 -136.837169 	 136.837169 	 18724.611218 	 350626073.739346 
1089 	 -122.948301 	 122.948301 	 15321.820339 	 247185918.746573 
1090 	 -151.591015 	 151.591015 	 23115.846972 	 546844436.121810 
1091 	 -133.127084 	 133.127084 	 17788.278687 	 321063264.728086 
1092 	 -101.903773 	 101.903773 	 10445.375248 	 111639497.418368 
1093 	 -103.661840 	 103.661840 	 10747.252326 	 115566840.009433 
1094 	 -107.556617 	 107.556617 	 11602.921093 	 136223998.192127 
1095 	 -155.646116 	 155.646116 	 24225.714379 	 586885339.326764 
1096 	 -193.269323 	 193.269323 	 37365.032238 	 1397938730.335424 
1097 	 -198.233628 	 198.233628 	 39631.647997 	 1623336994.544974 
1098 	 -203.729742 	 203.729742 	 41722.129079 	 1776650406.880729 
1099 	 -220.634733 	 220.634733 	 48679.736949 	 2369726852.683734 
1100 	 -229.998619 	 229.998619 	 53262.039880 	 2913586074.156108 
1101 	 -226.620569 	 226.620569 	 51361.295865 	 2638889409.217337 
1102 	 -251.061025 	 251.061025 	 63661.266593 	 4211502924.545573 
1103 	 -270.108394 	 270.108394 	 72959.638603 	 5323428205.782272 
1104 	 -265.964328 	 265.964328 	 70737.023805 	 5003726536.817903 
1105 	 -287.696186 	 287.696186 	 83086.043740 	 7008224789.171165 
1106 	 -300.979668 	 300.979668 	 90968.671138 	 8412961648.553795 
1107 	 -300.707603 	 300.707603 	 90451.278178 	 8190915866.655869 
1108 	 -276.156214 	 276.156214 	 76287.698850 	 5827574815.066361 
1109 	 -295.516508 	 295.516508 	 87335.072135 	 7629184250.664223 
1110 	 -285.198964 	 285.198964 	 81355.022389 	 6624031821.243382 
1111 	 -275.954960 	 275.954960 	 76311.412560 	 5872251424.391542 
1112 	 -236.767877 	 236.767877 	 56307.207326 	 3226152433.409486 
1113 	 -220.117563 	 220.117563 	 48532.923221 	 2371178178.399505 
1114 	 -213.330793 	 213.330793 	 45731.770290 	 2131760908.856717 
1115 	 -223.795896 	 223.795896 	 50142.298740 	 2525808753.975082 
1116 	 -200.214084 	 200.214084 	 40085.731139 	 1606874146.578570 
1117 	 -177.212386 	 177.212386 	 31510.983081 	 1006352085.452107 
1118 	 -197.240664 	 197.240664 	 39234.687295 	 1590839536.493513 
1119 	 -166.483045 	 166.483045 	 28051.020759 	 823935341.459985 
1120 	 -166.757934 	 166.757934 	 27809.930463 	 773583748.539430 
1121 	 -183.187353 	 183.187353 	 33557.606414 	 1126112948.251464 
1122 	 -179.752444 	 179.752444 	 32310.941099 	 1043996914.712425 
1123 	 -187.732773 	 187.732773 	 35244.665940 	 1242337595.201236 
1124 	 -204.066515 	 204.066515 	 41643.445884 	 1734227097.795586 
1125 	 -199.987005 	 199.987005 	 40245.978953 	 1659921909.900180 
1126 	 -204.394412 	 204.394412 	 41963.897115 	 1792188071.164323 
1127 	 -182.426852 	 182.426852 	 33450.824041 	 1141756484.611876 
1128 	 -145.907598 	 145.907598 	 21397.108618 	 467040061.376862 
1129 	 -142.326610 	 142.326610 	 20375.977398 	 424831909.629954 
1130 	 -140.799299 	 140.799299 	 19884.642510 	 400172721.540491 
1131 	 -146.681952 	 146.681952 	 21592.157800 	 472810450.054280 
1132 	 -160.428262 	 160.428262 	 25791.122044 	 670730395.674192 
1133 	 -161.490838 	 161.490838 	 26198.769302 	 698839187.299027 
1134 	 -152.165590 	 152.165590 	 23156.943955 	 536482751.638489 
1135 	 -153.397022 	 153.397022 	 23869.698286 	 601674928.995895 
1136 	 -197.146350 	 197.146350 	 38880.779555 	 1513906544.978536 
1137 	 -181.104184 	 181.104184 	 32953.155298 	 1106170857.517112 
1138 	 -188.755872 	 188.755872 	 35651.582808 	 1274285190.000598 
1139 	 -198.437134 	 198.437134 	 39377.295978 	 1550571438.532977 
1140 	 -210.765971 	 210.765971 	 44564.077881 	 2011150426.817824 
1141 	 -186.694934 	 186.694934 	 34871.894962 	 1218404765.389634 
1142 	 -183.622134 	 183.622134 	 33737.674371 	 1141007115.136155 
1143 	 -182.022651 	 182.022651 	 33161.032701 	 1103469215.979208 
1144 	 -195.221033 	 195.221033 	 38172.608052 	 1466501452.379206 
1145 	 -223.379735 	 223.379735 	 49910.125647 	 2493339808.022580 
1146 	 -215.145244 	 215.145244 	 46306.264371 	 2147748817.136080 
1147 	 -201.759253 	 201.759253 	 40706.796178 	 1657043255.036840 
1148 	 -227.100660 	 227.100660 	 51574.709568 	 2659950667.013456 
1149 	 -203.384185 	 203.384185 	 41476.987732 	 1738849090.026739 
1150 	 -192.750363 	 192.750363 	 37200.209980 	 1390915784.601154 
1151 	 -188.536253 	 188.536253 	 36090.672320 	 1379991708.499693 
1152 	 -182.934281 	 182.934281 	 33528.719595 	 1132711089.414038 
1153 	 -185.726909 	 185.726909 	 34503.056717 	 1191643690.447818 
1154 	 -216.706200 	 216.706200 	 46966.673536 	 2206825771.496802 
1155 	 -148.279480 	 148.279480 	 21995.478293 	 484563924.651242 
1156 	 -129.231428 	 129.231428 	 16720.517298 	 280895410.759293 
1157 	 -120.172611 	 120.172611 	 14463.551233 	 210470640.151751 
1158 	 -134.556489 	 134.556489 	 18172.402318 	 335085096.042522 
1159 	 -121.737337 	 121.737337 	 15263.518029 	 259267922.857926 
1160 	 -120.220958 	 120.220958 	 14835.046051 	 242160998.967420 
1161 	 -136.018083 	 136.018083 	 18997.531137 	 397657324.299652 
1162 	 -168.406537 	 168.406537 	 28503.126033 	 828578419.609617 
1163 	 -174.918911 	 174.918911 	 30596.625475 	 936153490.432230 
1164 	 -190.460019 	 190.460019 	 36279.664241 	 1316888060.031653 
1165 	 -185.374560 	 185.374560 	 34364.449308 	 1181014571.061664 
1166 	 -200.081372 	 200.081372 	 40224.580591 	 1648765895.903315 
1167 	 -230.911707 	 230.911707 	 53335.248368 	 2847854719.363811 
1168 	 -238.053205 	 238.053205 	 56669.328498 	 3211412792.421612 
1169 	 -247.096975 	 247.096975 	 61137.233017 	 3757377134.761193 
1170 	 -270.955513 	 270.955513 	 73783.054080 	 5551469593.123389 
1171 	 -293.041116 	 293.041116 	 85875.059213 	 7375200166.414049 
1172 	 -291.192863 	 291.192863 	 84813.038670 	 7199951937.103333 
1173 	 -284.694157 	 284.694157 	 81295.880747 	 6688488212.449370 
1174 	 -304.751563 	 304.751563 	 92873.515323 	 8625489848.476202 
1175 	 -333.570069 	 333.570069 	 111268.990953 	 12380788347.631878 
1176 	 -330.892789 	 330.892789 	 109490.037611 	 11988068335.972483 
1177 	 -330.889711 	 330.889711 	 109488.000583 	 11987622275.730536 
1178 	 -330.886632 	 330.886632 	 109485.963555 	 11987176215.488588 
1179 	 -325.196495 	 325.196495 	 105809.365789 	 11219566675.705503 
1180 	 -309.120963 	 309.120963 	 95867.979701 	 9310003414.315376 
1181 	 -283.418048 	 283.418048 	 80325.789687 	 6452232488.853235 
1182 	 -262.866435 	 262.866435 	 69537.320930 	 4956654334.384097 
1183 	 -290.619847 	 290.619847 	 84610.222871 	 7209676286.158899 
1184 	 -253.507351 	 253.507351 	 64265.976870 	 4130115783.079804 
1185 	 -267.761233 	 267.761233 	 71697.150196 	 5140788811.516285 
1186 	 -285.227203 	 285.227203 	 81696.859343 	 6785768064.141160 
1187 	 -304.448832 	 304.448832 	 92868.817224 	 8691251634.230707 
1188 	 -302.991856 	 302.991856 	 91804.064745 	 8427986303.769587 
1189 	 -292.221652 	 292.221652 	 85609.167728 	 7402598094.659399 
1190 	 -255.916308 	 255.916308 	 65494.740524 	 4289975989.826962 
1191 	 -248.164860 	 248.164860 	 61585.797867 	 3792810498.932160 
1192 	 -250.291919 	 250.291919 	 62910.733022 	 4024087088.242755 
1193 	 -243.222551 	 243.222551 	 59277.747495 	 3542374115.167552 
1194 	 -265.432991 	 265.432991 	 70455.991815 	 4964418603.980522 
1195 	 -259.939955 	 259.939955 	 67570.253053 	 4566137223.000275 
1196 	 -265.469795 	 265.469795 	 70642.762458 	 5037913706.401182 
1197 	 -252.899943 	 252.899943 	 63958.380919 	 4090674489.729815 
1198 	 -226.321992 	 226.321992 	 51249.194593 	 2632124648.458168 
1199 	 -223.057560 	 223.057560 	 49754.918114 	 2475600228.872710 
1200 	 -215.290879 	 215.290879 	 46418.383230 	 2167314471.540933 
1201 	 -201.851578 	 201.851578 	 40748.468231 	 1661156151.023929 
1202 	 -196.441740 	 196.441740 	 38622.216136 	 1496747568.734576 
1203 	 -203.988250 	 203.988250 	 41627.715431 	 1735614602.882409 
1204 	 -176.656963 	 176.656963 	 31215.136495 	 975315235.764951 
1205 	 -184.018239 	 184.018239 	 33862.712393 	 1146683290.635952 
1206 	 -172.110101 	 172.110101 	 29689.020837 	 889392485.325105 
1207 	 -172.958281 	 172.958281 	 29914.566807 	 894881307.246560 
1208 	 -198.408325 	 198.408325 	 39367.061747 	 1549954227.610510 
1209 	 -221.107662 	 221.107662 	 48967.550702 	 2413260490.835623 
1210 	 -217.361993 	 217.361993 	 47294.696858 	 2245946697.536768 
1211 	 -222.384918 	 222.384918 	 49455.051790 	 2445802147.555126 
1212 	 -208.074905 	 208.074905 	 43297.710091 	 1875132255.126002 
1213 	 -206.261813 	 206.261813 	 42580.955444 	 1819437675.636296 
1214 	 -189.917099 	 189.917099 	 36074.112535 	 1302150715.680795 
1215 	 -205.218138 	 205.218138 	 42179.557352 	 1790077167.813125 
1216 	 -188.984235 	 188.984235 	 36024.087454 	 1341885317.725791 
1217 	 -167.821595 	 167.821595 	 28208.373128 	 800701361.276137 
1218 	 -161.539464 	 161.539464 	 26095.137107 	 680970672.307805 
1219 	 -162.855217 	 162.855217 	 26522.711226 	 703548578.134259 
1220 	 -156.252272 	 156.252272 	 24414.772500 	 596081116.245391 
1221 	 -176.016828 	 176.016828 	 31328.757914 	 1024473414.193220 
1222 	 -173.146202 	 173.146202 	 30227.759493 	 943475489.465146 
1223 	 -173.028109 	 173.028109 	 30096.130176 	 924626900.742205 
1224 	 -164.031942 	 164.031942 	 26919.079747 	 725993126.325284 
1225 	 -161.701734 	 161.701734 	 26165.541255 	 686527636.691665 
1226 	 -147.956918 	 147.956918 	 21948.175705 	 486707149.372353 
1227 	 -155.200311 	 155.200311 	 24134.457212 	 587031316.972832 
1228 	 -161.188396 	 161.188396 	 26034.246462 	 683243086.527855 
1229 	 -139.576030 	 139.576030 	 19502.836096 	 382025732.518207 
1230 	 -156.642111 	 156.642111 	 24554.662032 	 604689353.984502 
1231 	 -187.600327 	 187.600327 	 35384.735980 	 1278947017.506870 
1232 	 -198.335603 	 198.335603 	 39338.136714 	 1547666067.947729 
1233 	 -182.954339 	 182.954339 	 33677.365334 	 1161622296.392097 
1234 	 -194.524521 	 194.524521 	 37959.553441 	 1459055116.724840 
1235 	 -217.688136 	 217.688136 	 47398.413146 	 2248559769.163416 
1236 	 -203.636084 	 203.636084 	 41478.308004 	 1722217087.954676 
1237 	 -174.059995 	 174.059995 	 30363.223721 	 929965156.102930 
1238 	 -181.553956 	 181.553956 	 33152.705396 	 1124267093.827740 
1239 	 -197.010355 	 197.010355 	 38916.016234 	 1530437418.273418 
1240 	 -217.792556 	 217.792556 	 47596.184188 	 2296245015.891708 
1241 	 -215.759010 	 215.759010 	 46557.365700 	 2168596653.607598 
1242 	 -201.477604 	 201.477604 	 40671.668187 	 1666921634.465380 
1243 	 -176.717755 	 176.717755 	 31256.180235 	 980323450.054835 
1244 	 -167.431883 	 167.431883 	 28103.634111 	 797685882.192338 
1245 	 -160.331903 	 160.331903 	 25768.150257 	 670355363.742047 
1246 	 -137.892652 	 137.892652 	 19152.759523 	 377352742.826825 
1247 	 -94.999812 	 94.999812 	 9235.196828 	 92878225.163485 
1248 	 -114.216209 	 114.216209 	 13071.824279 	 172254455.297134 
1249 	 -116.351453 	 116.351453 	 13565.685804 	 185545409.996313 
1250 	 -115.140633 	 115.140633 	 13257.367136 	 175757878.342711 
1251 	 -132.135412 	 132.135412 	 17750.029616 	 335335219.383914 
1252 	 -112.323763 	 112.323763 	 12616.627786 	 159179296.687544 
1253 	 -111.759827 	 111.759827 	 12753.742431 	 175821859.840889 
1254 	 -97.255826 	 97.255826 	 9653.030232 	 100533595.764016 
1255 	 -107.483301 	 107.483301 	 11554.682230 	 133604126.688756 
1256 	 -92.176729 	 92.176729 	 8533.252583 	 74063802.636899 
1257 	 -73.638388 	 73.638388 	 5445.143729 	 30138308.424552 
1258 	 -72.438200 	 72.438200 	 5488.778174 	 35195264.257818 
1259 	 -78.557783 	 78.557783 	 6180.001423 	 38406590.174139 
1260 	 -22.046179 	 22.046179 	 721.200629 	 977326.225203 
1261 	 -12.379869 	 13.692261 	 340.739168 	 231035.568060 
1262 	 -38.549852 	 38.549852 	 1551.062695 	 2792010.293751 
1263 	 -74.349779 	 74.349779 	 5843.757962 	 41133848.069922 
1264 	 -56.228956 	 56.228956 	 3194.437559 	 10618513.735075 
1265 	 -50.334024 	 50.334024 	 2577.519326 	 7089558.180168 
1266 	 -66.427738 	 66.427738 	 4413.138829 	 19484522.309572 
1267 	 -65.468013 	 65.468013 	 4286.126498 	 18372008.552961 
1268 	 -65.533984 	 65.533984 	 4294.807044 	 18447154.231405 
1269 	 -62.098213 	 62.098213 	 3870.312608 	 15197187.981654 
1270 	 -78.099354 	 78.099354 	 6105.370654 	 37418563.040592 
1271 	 -78.167560 	 78.167560 	 6731.575681 	 60501744.473412 
1272 	 -68.431261 	 68.431261 	 4682.837490 	 21928966.962256 
1273 	 -35.144340 	 35.144340 	 1458.141107 	 3227988.068180 
1274 	 -14.487373 	 14.487373 	 242.639341 	 86373.160193 
1275 	 15.635280 	 15.635280 	 337.651978 	 205134.510036 
1276 	 -0.174995 	 3.571096 	 12.783350 	 164.976167 
1277 	 -25.519995 	 25.519995 	 732.790821 	 749350.314076 
1278 	 -28.570173 	 28.570173 	 845.820760 	 811946.305034 
1279 	 -49.014756 	 49.014756 	 2411.202702 	 5898045.314794 
1280 	 -32.799898 	 32.799898 	 1251.547979 	 2322531.232888 
1281 	 -23.925136 	 23.925136 	 574.995679 	 336535.438371 
1282 	 -34.076231 	 34.076231 	 1162.508157 	 1357549.924669 
1283 	 -20.230907 	 20.230907 	 409.289600 	 167517.976328 
1284 	 9.869630 	 9.869630 	 190.184360 	 72318.699906 
1285 	 12.071697 	 12.071697 	 146.860812 	 22229.660139 
1286 	 0.345227 	 8.638615 	 74.744844 	 5622.367751 
1287 	 9.258097 	 9.258097 	 169.641783 	 57553.490510 
1288 	 13.670232 	 13.670232 	 214.385259 	 66524.806593 
1289 	 14.463682 	 14.463682 	 319.462037 	 194324.016536 
1290 	 -15.417299 	 19.380317 	 613.289793 	 733231.337421 
1291 	 -39.127925 	 39.127925 	 1661.442966 	 3559256.033680 
1292 	 -61.399987 	 61.399987 	 3870.217089 	 16490464.547207 
1293 	 -91.238990 	 91.238990 	 8328.210749 	 69480881.232779 
1294 	 -49.029474 	 49.029474 	 2415.324827 	 5943752.905205 
1295 	 -45.355802 	 45.355802 	 2128.814124 	 5121554.593744 
1296 	 -62.510299 	 62.510299 	 3910.909731 	 15347923.259417 
1297 	 -61.668105 	 61.668105 	 4319.935122 	 26526045.566501 
1298 	 -67.253681 	 67.253681 	 4561.775471 	 21510287.232632 
1299 	 -65.131935 	 65.131935 	 4245.681213 	 18085407.751522 
1300 	 -46.554501 	 46.554501 	 2286.445911 	 6260557.738403 
1301 	 -24.464797 	 24.464797 	 723.413529 	 822320.290353 
1302 	 -28.806605 	 28.806605 	 1070.600984 	 1945404.805932 
1303 	 -56.759702 	 56.759702 	 3405.962101 	 13975567.072515 
1304 	 -53.738234 	 53.738234 	 3010.146043 	 10474247.075687 
1305 	 -55.563226 	 55.563226 	 3138.605082 	 10484757.684083 
1306 	 -76.670099 	 76.670099 	 5878.837799 	 34573283.864666 
1307 	 -91.576764 	 91.576764 	 8386.407303 	 70335303.111911 
1308 	 -93.365092 	 93.365092 	 8717.501826 	 76010923.904136 
1309 	 -107.889524 	 107.889524 	 11679.947200 	 138274172.704952 
1310 	 -92.350378 	 92.350378 	 8597.390474 	 76262129.262118 
1311 	 -126.386429 	 126.386429 	 15999.927557 	 257684367.120157 
1312 	 -104.355480 	 104.355480 	 10893.939054 	 118846608.294907 
1313 	 -111.181747 	 111.181747 	 12441.227720 	 158732214.738701 
1314 	 -155.013134 	 155.013134 	 24029.458822 	 577452096.561831 
1315 	 -178.963102 	 178.963102 	 32046.094313 	 1029296928.175975 
1316 	 -164.153751 	 164.153751 	 26949.699943 	 726636200.198295 
1317 	 -164.475623 	 164.475623 	 27095.444270 	 738839198.806764 
1318 	 -200.049003 	 200.049003 	 40021.611712 	 1602050860.648992 
1319 	 -198.643038 	 198.643038 	 39481.810514 	 1562404774.275500 
1320 	 -215.562527 	 215.562527 	 46536.619640 	 2178559333.848133 
1321 	 -212.211631 	 212.211631 	 45033.776311 	 2028041008.864529 
1322 	 -196.484576 	 196.484576 	 38613.412454 	 1492111154.169980 
1323 	 -202.004002 	 202.004002 	 40813.635463 	 1667061656.137121 
1324 	 -193.398531 	 193.398531 	 37449.640153 	 1409454687.965458 
1325 	 -208.778179 	 208.778179 	 43661.425251 	 1919064803.780493 
1326 	 -198.423649 	 198.423649 	 39372.297255 	 1550233322.688607 
1327 	 -193.923271 	 193.923271 	 37631.014363 	 1419820653.882778 
1328 	 -173.469270 	 173.469270 	 30331.098219 	 948804531.285108 
1329 	 -200.659540 	 200.659540 	 40475.618334 	 1672317861.968261 
1330 	 -171.951718 	 171.951718 	 29754.571366 	 907471987.727844 
1331 	 -158.561500 	 158.561500 	 25160.036422 	 634866524.983238 
1332 	 -156.454887 	 156.454887 	 24524.908112 	 606051106.390769 
1333 	 -188.636075 	 188.636075 	 35590.781286 	 1267730306.551401 
1334 	 -167.656651 	 167.656651 	 28186.319119 	 803189761.701128 
1335 	 -191.874177 	 191.874177 	 36876.395360 	 1368806719.386548 
1336 	 -182.270205 	 182.270205 	 33238.393666 	 1106912513.323202 
1337 	 -177.276353 	 177.276353 	 31726.650949 	 1044260678.105257 
1338 	 -171.921521 	 171.921521 	 29700.010832 	 898997442.568448 
1339 	 -165.481097 	 165.481097 	 27442.442559 	 759489921.336807 
1340 	 -177.076631 	 177.076631 	 31395.030473 	 990526614.459727 
1341 	 -177.153556 	 177.153556 	 31391.135369 	 986376619.048743 
1342 	 -160.004029 	 160.004029 	 25624.813609 	 659040084.359022 
1343 	 -192.801481 	 192.801481 	 37193.567456 	 1386507183.512949 
1344 	 -169.749878 	 169.749878 	 29098.486263 	 879394129.301456 
1345 	 -161.809978 	 161.809978 	 26183.702802 	 685715500.614272 
1346 	 -141.961927 	 141.961927 	 20436.359661 	 440471995.650544 
1347 	 -152.665304 	 152.665304 	 23309.411628 	 543581931.222131 
1348 	 -164.461111 	 164.461111 	 27047.457133 	 731564937.355662 
1349 	 -163.987299 	 163.987299 	 26892.088663 	 723211802.096169 
1350 	 -167.823595 	 167.823595 	 28234.507691 	 805045241.390264 
1351 	 -174.996254 	 174.996254 	 30655.213242 	 943603670.264090 
1352 	 -183.435763 	 183.435763 	 33656.659058 	 1133844736.220793 
1353 	 -217.660727 	 217.660727 	 47492.709687 	 2277638111.257077 
1354 	 -229.126310 	 229.126310 	 52547.647037 	 2771499057.938032 
1355 	 -237.186588 	 237.186588 	 56259.046677 	 3165433421.870715 
1356 	 -273.987369 	 273.987369 	 75275.160648 	 5728231403.448260 
1357 	 -248.554117 	 248.554117 	 61798.398731 	 3823799035.761315 
1358 	 -261.389214 	 261.389214 	 68324.320993 	 4668212839.222515 
1359 	 -277.388544 	 277.388544 	 76957.524370 	 5926498547.733088 
1360 	 -266.544554 	 266.544554 	 71110.115812 	 5074869391.537146 
1361 	 -246.429361 	 246.429361 	 60747.034786 	 3694964418.912876 
1362 	 -260.194215 	 260.194215 	 67701.029604 	 4583429409.480001 
1363 	 -262.983686 	 262.983686 	 69160.418975 	 4783163552.786384 
1364 	 -242.977569 	 242.977569 	 59202.476879 	 3543751459.423601 
1365 	 -262.108746 	 262.108746 	 68889.930592 	 4797742799.190079 
1366 	 -307.191988 	 307.191988 	 94566.432103 	 9018120391.629095 
1367 	 -288.874850 	 288.874850 	 83483.055278 	 6980895064.333155 
1368 	 -299.443010 	 299.443010 	 89689.946618 	 8052833700.886929 
1369 	 -327.857339 	 327.857339 	 107498.558989 	 11559433163.730242 
1370 	 -317.961016 	 317.961016 	 101121.048227 	 10234298691.850758 
1371 	 -315.243553 	 315.243553 	 99382.323194 	 9878366928.647720 
1372 	 -281.675417 	 281.675417 	 79350.819967 	 6299656229.720687 
1373 	 -260.250135 	 260.250135 	 67827.957593 	 4627134595.680342 
1374 	 -277.874351 	 277.874351 	 77273.229412 	 5989397534.837367 
1375 	 -260.341557 	 260.341557 	 67792.151201 	 4599686543.726612 
1376 	 -294.279503 	 294.279503 	 86634.605403 	 7517394793.710832 
1377 	 -284.017570 	 284.017570 	 80666.008985 	 6507014378.342534 
1378 	 -285.238892 	 285.238892 	 81361.225305 	 6619648983.161850 
1379 	 -295.867318 	 295.867318 	 87599.872739 	 7695588110.426698 
1380 	 -267.429218 	 267.429218 	 71569.185810 	 5136680672.601493 
1381 	 -280.169933 	 280.169933 	 78603.931815 	 6212720588.762119 
1382 	 -275.806526 	 275.806526 	 76084.923299 	 5793687767.576891 
1383 	 -275.977875 	 275.977875 	 76166.562592 	 5802190692.253216 
1384 	 -287.273588 	 287.273588 	 82725.445806 	 6909299665.828817 
1385 	 -274.066358 	 274.066358 	 75329.840090 	 5739923950.184315 
1386 	 -282.514690 	 282.514690 	 79848.081245 	 6386421173.790289 
1387 	 -286.538568 	 286.538568 	 82200.675169 	 6788585527.346401 
1388 	 -271.083416 	 271.083416 	 73486.246008 	 5400236415.516094 
1389 	 -268.542841 	 268.542841 	 72181.789350 	 5229402650.589260 
1390 	 -263.004165 	 263.004165 	 69178.044920 	 4787498346.999174 
1391 	 -262.346489 	 262.346489 	 68924.457732 	 4777774555.878520 
1392 	 -246.497264 	 246.497264 	 60819.493341 	 3713251222.213748 
1393 	 -223.494633 	 223.494633 	 49959.881329 	 2497993816.806017 
1394 	 -223.247370 	 223.247370 	 49902.658092 	 2502888609.916542 
1395 	 -231.022230 	 231.022230 	 53371.270956 	 2848492563.507872 
1396 	 -234.635025 	 234.635025 	 55162.495912 	 3066882546.078817 
1397 	 -243.338292 	 243.338292 	 59214.448355 	 3506569730.857492 
1398 	 -225.764863 	 225.764863 	 50979.103828 	 2600771303.064395 
1399 	 -231.107290 	 231.107290 	 53415.813984 	 2854367447.447654 
1400 	 -242.806755 	 242.806755 	 58989.813451 	 3487979446.974123 
1401 	 -253.284918 	 253.284918 	 64197.685537 	 4132745646.440317 
1402 	 -260.957327 	 260.957327 	 68181.448279 	 4671242818.324405 
1403 	 -273.151243 	 273.151243 	 74611.601309 	 5566891049.856254 
1404 	 -243.337149 	 243.337149 	 59346.884772 	 3553771118.351790 
1405 	 -249.906536 	 249.906536 	 62696.414645 	 3991579388.230987 
1406 	 -241.114593 	 241.114593 	 58136.341753 	 3379856321.032119 
1407 	 -228.303399 	 228.303399 	 52294.560508 	 2770605995.229066 
1408 	 -213.758889 	 213.758889 	 45721.467791 	 2095680812.266776 
1409 	 -241.006018 	 241.006018 	 58175.766019 	 3405763380.844182 
1410 	 -255.059666 	 255.059666 	 65055.433289 	 4232209400.376224 
1411 	 -227.714547 	 227.714547 	 51906.687555 	 2705250050.825436 
1412 	 -213.474273 	 213.474273 	 45619.927119 	 2090048086.623366 
1413 	 -216.636942 	 216.636942 	 46933.452368 	 2203103346.431696 
1414 	 -224.778787 	 224.778787 	 50798.063614 	 2635528335.073729 
1415 	 -209.672485 	 209.672485 	 44179.331207 	 1989934159.821889 
1416 	 -204.945814 	 204.945814 	 42102.722675 	 1789429584.374519 
1417 	 -193.920583 	 193.920583 	 37618.877115 	 1417238362.788770 
1418 	 -169.982001 	 169.982001 	 29005.510460 	 854221316.974253 
1419 	 -180.631410 	 180.631410 	 32627.706209 	 1064567212.488391 
1420 	 -198.262755 	 198.262755 	 39371.351932 	 1560045454.186546 
1421 	 -182.635690 	 182.635690 	 33509.876183 	 1143469764.068715 
1422 	 -156.087537 	 156.087537 	 24509.381997 	 614944089.129871 
1423 	 -137.717110 	 137.717110 	 19005.501086 	 364205591.783537 
1424 	 -149.823912 	 149.823912 	 22479.553293 	 508234858.644213 
1425 	 -178.777017 	 178.777017 	 32101.126308 	 1048368364.166164 
1426 	 -186.291518 	 186.291518 	 35078.666306 	 1282449797.107131 
1427 	 -197.940412 	 197.940412 	 39211.658520 	 1542451996.597299 
1428 	 -225.148152 	 225.148152 	 50691.690193 	 2569647454.590563 
1429 	 -202.689525 	 202.689525 	 41132.084775 	 1699907431.151193 
1430 	 -226.238948 	 226.238948 	 51184.061777 	 2619808179.975152 
1431 	 -213.035488 	 213.035488 	 45494.388490 	 2089757321.631470 
1432 	 -229.737752 	 229.737752 	 52818.121146 	 2797921348.937636 
1433 	 -210.783284 	 210.783284 	 44656.826458 	 2034615745.167513 
1434 	 -230.003336 	 230.003336 	 52902.956826 	 2799023794.217368 
1435 	 -215.968228 	 215.968228 	 46708.060772 	 2193916453.924087 
1436 	 -224.856671 	 224.856671 	 50560.776253 	 2556443379.191247 
1437 	 -203.833856 	 203.833856 	 41661.787882 	 1754575265.297122 
1438 	 -171.863928 	 171.863928 	 29539.704588 	 872888909.370850 
1439 	 -201.801649 	 201.801649 	 40745.656335 	 1663751649.363628 
1440 	 -210.691295 	 210.691295 	 44432.424062 	 1981627322.623568 
1441 	 -226.341668 	 226.341668 	 51282.419381 	 2640515550.124579 
1442 	 -216.881782 	 216.881782 	 47370.223617 	 2306501317.536181 
1443 	 -222.345442 	 222.345442 	 49526.392210 	 2470442853.707528 
1444 	 -191.312236 	 191.312236 	 36706.517287 	 1362908296.706255 
1445 	 -192.252517 	 192.252517 	 37168.741691 	 1412224279.890097 
1446 	 -234.520715 	 234.520715 	 55001.626265 	 3025544176.484954 
1447 	 -210.713528 	 210.713528 	 44400.191093 	 1971376969.082515 
1448 	 -198.779392 	 198.779392 	 39520.068298 	 1562913959.482629 
1449 	 -185.267543 	 185.267543 	 34442.873662 	 1202623849.247662 
1450 	 -202.422518 	 202.422518 	 41128.694765 	 1716780362.783205 
1451 	 -208.473993 	 208.473993 	 43461.405706 	 1888893785.972528 
1452 	 -225.048370 	 225.048370 	 50656.935324 	 2568184688.616828 
1453 	 -254.843776 	 254.843776 	 65168.392630 	 4304861630.336148 
1454 	 -254.203918 	 254.203918 	 64862.195708 	 4269801950.333220 
1455 	 -253.129635 	 253.129635 	 64074.612011 	 4105555904.315100 
1456 	 -245.365911 	 245.365911 	 60240.224680 	 3637504592.362425 
1457 	 -257.887940 	 257.887940 	 66507.351460 	 4423536881.426971 
1458 	 -285.963179 	 285.963179 	 81774.939753 	 6687140771.620835 
1459 	 -273.709771 	 273.709771 	 74917.127450 	 5612602534.858084 
1460 	 -298.699708 	 298.699708 	 89299.546167 	 8002256928.341055 
1461 	 -276.116231 	 276.116231 	 76266.101287 	 5824425329.613569 
1462 	 -308.706001 	 308.706001 	 95355.658260 	 9114149062.618258 
1463 	 -314.175567 	 314.175567 	 98710.412950 	 9745374796.074795 
1464 	 -317.314984 	 317.314984 	 100919.498703 	 10277660619.675079 
1465 	 -326.515020 	 326.515020 	 106620.565473 	 11371572897.734154 
1466 	 -290.562200 	 290.562200 	 84541.819071 	 7186299417.174683 
1467 	 -270.058711 	 270.058711 	 72932.168558 	 5319235718.386604 
1468 	 -259.050460 	 259.050460 	 67282.447304 	 4573985007.545399 
1469 	 -250.264508 	 250.264508 	 62632.862385 	 3923010283.692879 
1470 	 -266.354417 	 266.354417 	 70950.642706 	 5035687067.085218 
1471 	 -273.913332 	 273.913332 	 75262.983538 	 5734884489.515225 
1472 	 -274.411452 	 274.411452 	 75323.834179 	 5680363475.780758 
1473 	 -277.392411 	 277.392411 	 76961.646563 	 5927741670.172106 
1474 	 -275.237283 	 275.237283 	 75758.556127 	 5740266108.537540 
1475 	 -274.431304 	 274.431304 	 75408.409026 	 5715308523.496424 
1476 	 -263.109770 	 263.109770 	 69229.092866 	 4793315758.845903 
1477 	 -275.379387 	 275.379387 	 75906.077395 	 5783654845.775826 
1478 	 -277.727744 	 277.727744 	 77188.468001 	 5975265757.344120 
1479 	 -257.309154 	 257.309154 	 66256.359683 	 4402712234.093857 
1480 	 -276.993617 	 276.993617 	 76725.464107 	 5886796842.456665 
1481 	 -262.768650 	 262.768650 	 69249.713140 	 4851409622.499404 
1482 	 -274.821413 	 274.821413 	 75527.004354 	 5704387322.355689 
1483 	 -296.805807 	 296.805807 	 88093.687347 	 7760497750.465828 
1484 	 -269.849682 	 269.849682 	 72830.049477 	 5307477935.815206 
1485 	 -260.598528 	 260.598528 	 67911.592636 	 4611984414.423918 
1486 	 -267.763728 	 267.763728 	 71748.754307 	 5162607554.248392 
1487 	 -271.961590 	 271.961590 	 73983.900363 	 5479769495.598976 
1488 	 -273.288218 	 273.288218 	 74696.905270 	 5582751056.251688 
1489 	 -247.119812 	 247.119812 	 61126.035181 	 3750519414.264956 
1490 	 -213.088925 	 213.088925 	 45435.654374 	 2069623092.874714 
1491 	 -240.438527 	 240.438527 	 58217.388652 	 3483311493.502860 
1492 	 -264.408902 	 264.408902 	 70083.363780 	 4959580621.494240 
1493 	 -287.503427 	 287.503427 	 82875.814944 	 6940344510.625408 
1494 	 -303.681376 	 303.681376 	 92232.001556 	 8510292003.867668 
1495 	 -296.543408 	 296.543408 	 88042.852630 	 7788428445.299843 
1496 	 -256.604312 	 256.604312 	 65991.381326 	 4393213253.466369 
1497 	 -270.703236 	 270.703236 	 73293.201931 	 5375692210.226788 
1498 	 -261.280752 	 261.280752 	 68331.629274 	 4686687523.433920 
1499 	 -259.254360 	 259.254360 	 67217.457352 	 4519432545.358973 
1500 	 -259.318974 	 259.318974 	 67246.330106 	 4522068912.690210 
1501 	 -251.599137 	 251.599137 	 63434.472240 	 4057443483.745637 
1502 	 -253.722241 	 253.722241 	 64462.980374 	 4178137047.858765 
1503 	 -242.538735 	 242.538735 	 59022.222959 	 3530020468.214147 
1504 	 -239.297761 	 239.297761 	 57319.457161 	 3298356099.976482 
1505 	 -256.582769 	 256.582769 	 66025.387646 	 4409562678.756367 
1506 	 -244.084401 	 244.084401 	 59579.121701 	 3550130968.126718 
1507 	 -250.769032 	 250.769032 	 62897.940228 	 3959378861.119108 
1508 	 -227.730603 	 227.730603 	 51861.227528 	 2689586920.694498 
1509 	 -198.548387 	 198.548387 	 39433.999684 	 1557017337.641534 
1510 	 -178.832842 	 178.832842 	 31981.414271 	 1022840149.566676 
1511 	 -203.718208 	 203.718208 	 41682.995773 	 1767666256.554497 
1512 	 -224.174386 	 224.174386 	 50254.155351 	 2525480130.006353 
1513 	 -215.921505 	 215.921505 	 46637.524211 	 2177935777.890131 
1514 	 -235.991359 	 235.991359 	 55750.747354 	 3121250339.861055 
1515 	 -205.691936 	 205.691936 	 42598.025863 	 1863476356.938957 
1516 	 -169.994597 	 169.994597 	 28913.285870 	 837726192.121054 
1517 	 -148.705347 	 148.705347 	 22114.847454 	 489205098.677344 
1518 	 -176.669546 	 176.669546 	 31432.816407 	 1015574485.602934 
1519 	 -204.390107 	 204.390107 	 42030.940317 	 1809315086.663090 
1520 	 -193.948306 	 193.948306 	 37840.200231 	 1465622954.464888 
1521 	 -162.926445 	 162.926445 	 26576.057263 	 709581654.839460 
1522 	 -189.342203 	 189.342203 	 35851.594470 	 1285498093.183572 
1523 	 -234.877750 	 234.877750 	 55259.238310 	 3073814613.368033 
1524 	 -218.665525 	 218.665525 	 47923.852015 	 2317588716.001491 
1525 	 -232.651328 	 232.651328 	 54571.355887 	 3074316709.967793 
1526 	 -217.702035 	 217.702035 	 47551.411182 	 2290944792.624812 
1527 	 -205.985171 	 205.985171 	 42430.567210 	 1800467842.441797 
1528 	 -235.037274 	 235.037274 	 55242.520359 	 3051736055.612889 
1529 	 -251.091916 	 251.091916 	 63420.986476 	 4116498795.584345 
1530 	 -260.154154 	 260.154154 	 67681.386388 	 4581095652.682824 
1531 	 -252.800660 	 252.800660 	 63973.186658 	 4109188006.502359 
1532 	 -270.761827 	 270.761827 	 73567.515335 	 5487118284.078468 
1533 	 -249.753740 	 249.753740 	 62377.704120 	 3891171015.224279 
1534 	 -248.125509 	 248.125509 	 61566.828702 	 3790612414.443803 
1535 	 -246.318943 	 246.318943 	 60743.685499 	 3706944865.038254 
1536 	 -243.993996 	 243.993996 	 59550.002948 	 3550235139.035156 
1537 	 -217.736835 	 217.736835 	 47410.415581 	 2247953520.823862 
1538 	 -230.770828 	 230.770828 	 53567.928595 	 2936145945.948402 
1539 	 -229.579268 	 229.579268 	 52707.319441 	 2778204705.581878 
1540 	 -245.327604 	 245.327604 	 60224.824817 	 3636464543.319562 
1541 	 -256.737434 	 256.737434 	 65921.454412 	 4347574514.226685 
1542 	 -244.164935 	 244.164935 	 59616.515648 	 3554128938.046993 
1543 	 -214.510646 	 214.510646 	 46024.043780 	 2119910805.636914 
1544 	 -199.445207 	 199.445207 	 39789.533948 	 1584980086.037206 
1545 	 -212.479430 	 212.479430 	 45171.793191 	 2044876551.496161 
1546 	 -218.807145 	 218.807145 	 47886.253673 	 2294948445.336671 
1547 	 -213.033952 	 213.033952 	 45555.042456 	 2106409069.108155 
1548 	 -266.793708 	 266.793708 	 71227.832978 	 5087341052.164701 
1549 	 -275.444293 	 275.444293 	 75869.558791 	 5756189951.138286 
1550 	 -294.322483 	 294.322483 	 86665.203440 	 7524537227.443665 
1551 	 -271.904988 	 271.904988 	 73967.594745 	 5481636098.633257 
1552 	 -256.123912 	 256.123912 	 65601.804025 	 4304212229.924836 
1553 	 -259.047406 	 259.047406 	 67145.656368 	 4519302275.358013 
1554 	 -217.638763 	 217.638763 	 47480.971584 	 2276106351.610993 
1555 	 -221.535252 	 221.535252 	 49086.430106 	 2411158515.351270 
1556 	 -249.976379 	 249.976379 	 62531.548874 	 3921032226.473694 
1557 	 -227.991548 	 227.991548 	 52304.414360 	 2803173800.114576 
1558 	 -209.984099 	 209.984099 	 44093.321952 	 1944221040.789655 
1559 	 -194.102213 	 194.102213 	 37815.435686 	 1451070357.431349 
1560 	 -204.018480 	 204.018480 	 41625.286972 	 1732955363.527222 
1561 	 -204.701317 	 204.701317 	 41945.865838 	 1766702555.543518 
1562 	 -185.497195 	 185.497195 	 34618.787353 	 1227306108.750372 
1563 	 -193.072553 	 193.072553 	 37277.037616 	 1389581552.781128 
1564 	 -199.763139 	 199.763139 	 39952.299497 	 1603686493.918533 
1565 	 -190.537269 	 190.537269 	 37542.739152 	 1589278751.167696 
1566 	 -231.041859 	 231.041859 	 53460.639167 	 2875185401.717314 
1567 	 -220.330327 	 220.330327 	 48550.880140 	 2358241825.373322 
1568 	 -209.420125 	 209.420125 	 43857.138108 	 1923509830.232536 
1569 	 -214.008994 	 214.008994 	 45815.832525 	 2102018620.404792 
1570 	 -182.406020 	 182.406020 	 33340.062211 	 1120623858.641058 
1571 	 -139.754943 	 139.754943 	 19605.038657 	 390107168.035567 
1572 	 -121.351144 	 121.351144 	 14811.261461 	 224389835.303890 
1573 	 -128.127769 	 128.127769 	 16445.545842 	 272348542.800939 
1574 	 -121.345807 	 121.345807 	 14725.225251 	 216857018.251073 
1575 	 -162.821136 	 162.821136 	 26620.881334 	 720352906.500713 
1576 	 -179.982093 	 179.982093 	 32396.737026 	 1049961018.668575 
1577 	 -159.122756 	 159.122756 	 25327.628906 	 642256239.112196 
1578 	 -177.298438 	 177.298438 	 31434.736057 	 988142630.962849 
1579 	 -206.815745 	 206.815745 	 42786.369252 	 1833003126.658091 
1580 	 -182.951486 	 182.951486 	 33472.138747 	 1120503564.344735 
1581 	 -156.215588 	 156.215588 	 24667.520799 	 634277064.250282 
1582 	 -170.470180 	 170.470180 	 29060.082236 	 844488379.569556 
1583 	 -152.727102 	 152.727102 	 23360.998345 	 549041991.393479 
1584 	 -167.215455 	 167.215455 	 28154.841714 	 814374226.486079 
1585 	 -147.036803 	 147.036803 	 21817.756796 	 493131826.827596 
1586 	 -132.967850 	 132.967850 	 17680.449071 	 312598279.347709 
1587 	 -137.515754 	 137.515754 	 18911.485393 	 357712568.895779 
1588 	 -148.963834 	 148.963834 	 22235.292865 	 498408621.262806 
1589 	 -140.018573 	 140.018573 	 19850.392815 	 413266259.952113 
1590 	 -126.980131 	 126.980131 	 16123.953613 	 259981880.100434 
1591 	 -98.324998 	 98.324998 	 10022.181795 	 114148299.687632 
1592 	 -71.201896 	 71.201896 	 5094.997711 	 26471807.945931 
1593 	 -32.135139 	 32.135139 	 1251.831503 	 2472377.396013 
1594 	 -28.418802 	 28.418802 	 869.236021 	 954595.718002 
1595 	 -55.697800 	 55.697800 	 3106.622685 	 9705428.201932 
1596 	 -65.298470 	 65.298470 	 4272.442032 	 18399617.176061 
1597 	 -27.169598 	 27.169598 	 983.971474 	 1693939.341109 
1598 	 -103.386709 	 103.386709 	 11243.300545 	 150119121.531156 
1599 	 -122.912860 	 122.912860 	 15230.833180 	 239427042.531823 
1600 	 -140.223989 	 140.223989 	 19732.928807 	 394906766.095908 
1601 	 -130.434138 	 130.434138 	 17032.102870 	 291388145.041623 
1602 	 -132.332406 	 132.332406 	 17551.073221 	 310786556.077499 
1603 	 -134.283573 	 134.283573 	 18050.657785 	 327166370.973356 
1604 	 -125.569619 	 125.569619 	 15802.877785 	 251947791.877427 
1605 	 -127.852561 	 127.852561 	 16520.580060 	 284326360.624169 
1606 	 -129.826395 	 129.826395 	 16864.000039 	 285008498.829251 
1607 	 -151.123838 	 151.123838 	 22888.936477 	 528518785.056528 
1608 	 -161.755732 	 161.755732 	 26177.335563 	 686552628.048005 
1609 	 -158.259612 	 158.259612 	 25216.569022 	 652953226.133567 
1610 	 -137.560426 	 137.560426 	 19125.388445 	 381109338.335156 
1611 	 -157.112119 	 157.112119 	 24863.647864 	 635917335.884467 
1612 	 -132.441371 	 132.441371 	 17542.409684 	 307854927.493504 
1613 	 -131.094045 	 131.094045 	 17193.034701 	 296108171.510146 
1614 	 -154.160452 	 154.160452 	 23922.927294 	 587276990.176801 
1615 	 -143.422033 	 143.422033 	 20573.948264 	 423622116.332118 
1616 	 -152.763231 	 152.763231 	 23376.362536 	 550165560.921435 
1617 	 -149.884883 	 149.884883 	 23038.409620 	 582253042.063133 
1618 	 -131.765390 	 131.765390 	 17369.027845 	 302163000.442636 
1619 	 -106.844337 	 106.844337 	 11458.899377 	 133278415.105599 
1620 	 -157.811156 	 157.811156 	 25264.701441 	 674201321.851017 
1621 	 -155.966201 	 155.966201 	 24439.310228 	 608358112.906332 
1622 	 -199.015584 	 199.015584 	 39678.353952 	 1585644178.744104 
1623 	 -200.728756 	 200.728756 	 40324.897959 	 1631394084.757843 
1624 	 -190.159726 	 190.159726 	 36483.946073 	 1377830487.112451 
1625 	 -191.167750 	 191.167750 	 36652.495194 	 1359103212.171298 
1626 	 -188.785952 	 188.785952 	 35647.384575 	 1271769442.172424 
1627 	 -204.776567 	 204.776567 	 41977.953470 	 1769614609.250724 
1628 	 -204.642119 	 204.642119 	 41878.416609 	 1753805107.060947 
1629 	 -212.683536 	 212.683536 	 45234.286400 	 2046140666.130255 
1630 	 -222.538646 	 222.538646 	 49559.862011 	 2463393086.734708 
1631 	 -196.279652 	 196.279652 	 39051.969191 	 1606155595.547708 
1632 	 -183.058955 	 183.058955 	 33550.862766 	 1131059843.234933 
1633 	 -223.289955 	 223.289955 	 50043.437050 	 2541247433.579123 
1634 	 -245.941055 	 245.941055 	 60492.231338 	 3660575105.594108 
1635 	 -238.902009 	 238.902009 	 57077.295692 	 3258531270.500572 
1636 	 -245.147074 	 245.147074 	 60105.223383 	 3614593578.903451 
1637 	 -243.542931 	 243.542931 	 59446.622780 	 3565565576.059690 
1638 	 -245.923061 	 245.923061 	 60533.764335 	 3677789926.313539 
1639 	 -248.065030 	 248.065030 	 61561.798120 	 3796141249.314393 
1640 	 -259.462993 	 259.462993 	 67372.821219 	 4553039582.180925 
1641 	 -257.519122 	 257.519122 	 66370.620086 	 4419521928.723196 
1642 	 -245.626762 	 245.626762 	 60485.000605 	 3695236811.664018 
1643 	 -235.189279 	 235.189279 	 55430.111435 	 3098188252.846888 
1644 	 -244.971326 	 244.971326 	 60025.257852 	 3606465963.935088 
1645 	 -214.464161 	 214.464161 	 45995.829656 	 2115791759.525865 
1646 	 -201.256445 	 201.256445 	 40580.108307 	 1659050644.810667 
1647 	 -192.440854 	 192.440854 	 37123.107484 	 1391401616.928502 
1648 	 -201.907904 	 201.907904 	 40766.801720 	 1661932122.510177 
1649 	 -229.452548 	 229.452548 	 52784.476552 	 2814842725.546225 
1650 	 -262.299178 	 262.299178 	 68850.332805 	 4753983727.853485 
1651 	 -288.392811 	 288.392811 	 83262.607643 	 6963333209.367248 
1652 	 -287.235443 	 287.235443 	 82551.193505 	 6830208377.652124 
1653 	 -273.069753 	 273.069753 	 74587.408501 	 5569341833.775761 
1654 	 -264.103425 	 264.103425 	 69888.014831 	 4922668385.647629 
1655 	 -247.023491 	 247.023491 	 61049.316814 	 3734027127.174613 
1656 	 -241.665152 	 241.665152 	 58402.045825 	 3410798956.493768 
1657 	 -257.465932 	 257.465932 	 66320.961504 	 4407022611.928843 
1658 	 -238.880410 	 238.880410 	 57063.850515 	 3256283035.573929 
1659 	 -269.300387 	 269.300387 	 72522.698411 	 5259541784.814273 
1660 	 -249.500632 	 249.500632 	 62272.757909 	 3883422432.138332 
1661 	 -251.698481 	 251.698481 	 63352.125098 	 4013491754.483867 
1662 	 -263.042968 	 263.042968 	 69205.765002 	 4793357441.397223 
1663 	 -262.640138 	 262.640138 	 69165.679210 	 4835167246.390438 
1664 	 -274.835370 	 274.835370 	 75561.705564 	 5717796963.991222 
1665 	 -242.133266 	 242.133266 	 58903.118020 	 3533974775.231517 
1666 	 -227.513207 	 227.513207 	 51767.866341 	 2681072870.484242 
1667 	 -251.404013 	 251.404013 	 63667.214244 	 4170627779.249031 
1668 	 -248.307946 	 248.307946 	 61660.371568 	 3802873370.729680 
1669 	 -255.123687 	 255.123687 	 65092.500367 	 4238180366.824223 
1670 	 -239.705355 	 239.705355 	 57458.986536 	 3301610870.281347 
1671 	 -227.323153 	 227.323153 	 51677.932684 	 2671046231.700232 
1672 	 -243.225745 	 243.225745 	 59158.763101 	 3499759251.586380 
1673 	 -236.505258 	 236.505258 	 55979.902056 	 3143854591.784111 
1674 	 -250.933589 	 250.933589 	 63220.363262 	 4060461293.662193 
1675 	 -234.861663 	 234.861663 	 55162.401667 	 3043420252.928751 
1676 	 -251.334849 	 251.334849 	 63218.479557 	 4009026316.397109 
1677 	 -287.448422 	 287.448422 	 82626.595080 	 6827154214.546513 
1678 	 -269.536072 	 269.536072 	 73241.676020 	 5536372324.737463 
1679 	 -237.797366 	 237.797366 	 56602.466206 	 3216252251.796128 
1680 	 -234.455784 	 234.455784 	 55156.936075 	 3083497495.618140 
1681 	 -201.661773 	 201.661773 	 40668.590764 	 1654116452.410857 
1682 	 -209.502807 	 209.502807 	 44333.494594 	 2043070822.993590 
1683 	 -242.274770 	 242.274770 	 58797.685185 	 3480792417.989178 
1684 	 -228.856706 	 228.856706 	 52392.406769 	 2748528930.270823 
1685 	 -206.018824 	 206.018824 	 42491.655710 	 1813672978.780358 
1686 	 -178.963514 	 178.963514 	 32029.380082 	 1026065783.208770 
1687 	 -177.861748 	 177.861748 	 31665.855333 	 1006655927.917674 
1688 	 -183.434349 	 183.434349 	 33648.160544 	 1132198708.007376 
1689 	 -162.008068 	 162.008068 	 26246.949384 	 688937540.116754 
1690 	 -175.941327 	 175.941327 	 30962.603472 	 959580873.954106 
1691 	 -178.634442 	 178.634442 	 31910.263859 	 1018264939.557499 
1692 	 -164.180113 	 164.180113 	 27164.037246 	 760411586.580232 
1693 	 -152.927073 	 152.927073 	 24080.317249 	 644748289.984244 
1694 	 -131.641911 	 131.641911 	 17594.312005 	 327909715.301979 
1695 	 -136.933028 	 136.933028 	 18785.303113 	 355486378.905105 
1696 	 -119.574441 	 119.574441 	 14356.381503 	 209441966.054912 
1697 	 -134.916825 	 134.916825 	 18214.299714 	 332616232.233367 
1698 	 -127.930559 	 127.930559 	 16474.681276 	 278515006.798954 
1699 	 -161.620133 	 161.620133 	 26121.701086 	 682409493.846631 
1700 	 -168.328017 	 168.328017 	 28416.011683 	 816728285.646285 
1701 	 -169.274419 	 169.274419 	 28751.696089 	 837877106.013204 
1702 	 -180.147953 	 180.147953 	 32463.134392 	 1055133678.008594 
1703 	 -168.479562 	 168.479562 	 28410.267300 	 809970997.104842 
1704 	 -187.589153 	 187.589153 	 35209.474863 	 1242491955.598392 
1705 	 -209.633217 	 209.633217 	 43948.949445 	 1932013598.376449 
1706 	 -211.325543 	 211.325543 	 44658.485268 	 1994380306.450997 
1707 	 -189.683770 	 189.683770 	 36000.034424 	 1298895525.772988 
1708 	 -220.908798 	 220.908798 	 48802.649251 	 2382079626.519935 
1709 	 -239.905677 	 239.905677 	 57569.371095 	 3317602222.565913 
1710 	 -236.205644 	 236.205644 	 55849.745017 	 3131834245.423532 
1711 	 -206.524971 	 206.524971 	 43288.528688 	 1982398897.497249 
1712 	 -187.010642 	 187.010642 	 34974.731114 	 1223476754.805722 
1713 	 -183.235611 	 183.235611 	 33576.645382 	 1127573252.256041 
1714 	 -194.530037 	 194.530037 	 37842.365929 	 1432109844.115778 
1715 	 -175.535792 	 175.535792 	 30812.814098 	 949429512.659988 
1716 	 -182.977734 	 182.977734 	 33536.233808 	 1132095992.922257 
1717 	 -195.574889 	 195.574889 	 38432.872597 	 1505135655.099794 
1718 	 -197.550740 	 197.550740 	 39026.803784 	 1523170858.456823 
1719 	 -200.527439 	 200.527439 	 40259.628419 	 1628618508.114869 
1720 	 -171.910111 	 171.910111 	 29553.086341 	 873384912.262723 
1721 	 -171.728576 	 171.728576 	 29562.522947 	 882414758.804922 
1722 	 -194.584797 	 194.584797 	 37870.990902 	 1435385346.615159 
1723 	 -201.952248 	 201.952248 	 40792.277587 	 1665244412.796880 
1724 	 -179.680313 	 179.680313 	 33251.975641 	 1230567238.060350 
1725 	 -168.630536 	 168.630536 	 28436.368971 	 808639757.553994 
1726 	 -193.962677 	 193.962677 	 37735.296665 	 1441074381.273993 
1727 	 -180.812830 	 180.812830 	 32703.985562 	 1070950737.581276 
1728 	 -179.418509 	 179.418509 	 32195.870551 	 1037201050.860247 
1729 	 -194.421655 	 194.421655 	 37860.155268 	 1442520056.763654 
1730 	 -201.222017 	 201.222017 	 40558.227114 	 1655971320.305987 
1731 	 -179.774609 	 179.774609 	 32323.235042 	 1045350647.568071 
1732 	 -178.153296 	 178.153296 	 31801.674762 	 1019354526.828572 
1733 	 -215.283271 	 215.283271 	 47192.289182 	 2383839275.884729 
1734 	 -237.260987 	 237.260987 	 56392.926742 	 3202713208.948135 
1735 	 -206.953470 	 206.953470 	 42829.738571 	 1834386506.077016 
1736 	 -181.180162 	 181.180162 	 32857.908899 	 1083799001.202442 
1737 	 -173.901400 	 173.901400 	 30242.558147 	 914716489.903784 
1738 	 -158.036561 	 158.036561 	 25673.481748 	 728852135.775512 
1739 	 -141.768800 	 141.768800 	 20098.400847 	 403946376.908178 
1740 	 -166.762973 	 166.762973 	 28002.050131 	 805490729.000144 
1741 	 -202.365193 	 202.365193 	 41141.363757 	 1723684715.724676 
1742 	 -229.873601 	 229.873601 	 52844.232842 	 2793011831.431159 
1743 	 -250.474058 	 250.474058 	 62856.898765 	 3981014541.001903 
1744 	 -230.440074 	 230.440074 	 53228.563227 	 2860029928.823757 
1745 	 -241.532162 	 241.532162 	 58345.370316 	 3405952172.180132 
1746 	 -206.093113 	 206.093113 	 42562.920599 	 1826646502.583298 
1747 	 -209.744124 	 209.744124 	 44029.379255 	 1945058728.093627 
1748 	 -209.444584 	 209.444584 	 43876.002510 	 1926677324.781098 
1749 	 -203.025861 	 203.025861 	 41231.223408 	 1701946705.940375 
1750 	 -158.414641 	 158.414641 	 25095.471852 	 629810133.609148 
1751 	 -165.103300 	 165.103300 	 27348.618292 	 757707709.965687 
1752 	 -182.670833 	 182.670833 	 33386.915187 	 1117126263.467912 
1753 	 -186.946558 	 186.946558 	 34949.015629 	 1221433693.415388 
1754 	 -188.105608 	 188.105608 	 35385.063048 	 1252292824.291766 
1755 	 -182.811447 	 182.811447 	 33461.668913 	 1125250250.901093 
1756 	 -201.667780 	 201.667780 	 40723.384947 	 1667096064.362956 
1757 	 -208.811426 	 208.811426 	 43606.790553 	 1902350814.884828 
1758 	 -223.484511 	 223.484511 	 50228.002332 	 2579325552.817245 
1759 	 -234.125956 	 234.125956 	 54853.051142 	 3017208310.493397 
1760 	 -203.202561 	 203.202561 	 41442.869001 	 1742548480.448249 
1761 	 -199.600688 	 199.600688 	 39921.093864 	 1606547723.594430 
1762 	 -180.649605 	 180.649605 	 32637.487852 	 1065624387.133522 
1763 	 -176.558590 	 176.558590 	 31188.379029 	 974640644.852455 
1764 	 -181.145494 	 181.145494 	 32947.820674 	 1103164189.429488 
1765 	 -194.342235 	 194.342235 	 37771.513418 	 1427081390.708879 
1766 	 -171.830336 	 171.830336 	 29525.664326 	 871764853.874736 
1767 	 -189.295704 	 189.295704 	 35864.846324 	 1290871342.953922 
1768 	 -185.292009 	 185.292009 	 34910.284177 	 1297990184.632267 
1769 	 -138.418422 	 138.418422 	 19404.297192 	 395275447.758454 
1770 	 -143.654163 	 143.654163 	 20800.388333 	 446182960.684794 
1771 	 -115.299519 	 115.299519 	 13535.889783 	 196084140.366800 
1772 	 -145.880551 	 145.880551 	 21534.458223 	 485296912.349787 
1773 	 -129.964420 	 129.964420 	 16890.750503 	 285297452.540023 
1774 	 -94.595971 	 94.595971 	 9419.961600 	 105614639.315265 
1775 	 -72.880451 	 72.880451 	 5311.560113 	 28212670.829257 
1776 	 -119.516200 	 119.516200 	 14305.010830 	 205826848.176337 
1777 	 -121.551690 	 121.551690 	 14781.570154 	 218894141.984932 
1778 	 -106.632749 	 106.632749 	 11374.580992 	 129564740.994785 
1779 	 -100.428703 	 100.428703 	 10099.529706 	 102549390.894438 
1780 	 -107.504260 	 107.504260 	 11595.144231 	 136203059.087127 
1781 	 -109.804027 	 109.804027 	 12074.382732 	 146632700.511076 
1782 	 -112.737654 	 112.737654 	 12709.778536 	 161538470.434281 
1783 	 -98.343484 	 98.343484 	 9683.452221 	 94233916.881117 
1784 	 -92.941863 	 92.941863 	 9033.728889 	 95275223.158238 
1785 	 -60.461876 	 60.461876 	 3655.638482 	 13363692.708336 
1786 	 -116.638853 	 116.638853 	 13604.622123 	 185085743.111681 
1787 	 -129.494651 	 129.494651 	 16769.953814 	 281304407.420458 
1788 	 -108.691428 	 108.691428 	 11817.963519 	 139859752.000776 
1789 	 -91.003164 	 91.003164 	 8318.053624 	 70398386.695019 
1790 	 -84.870185 	 84.870185 	 7203.729661 	 51916234.963580 
1791 	 -99.928827 	 99.928827 	 10014.098558 	 101413682.245988 
1792 	 -123.263450 	 123.263450 	 15279.725179 	 238687402.453391 
1793 	 -163.618791 	 163.618791 	 26774.611437 	 717254902.047164 
1794 	 -160.682879 	 160.682879 	 25863.977402 	 673591697.926073 
1795 	 -176.154972 	 176.154972 	 31211.437847 	 996603059.930647 
1796 	 -167.882041 	 167.882041 	 28185.865283 	 794610466.791900 
1797 	 -203.585503 	 203.585503 	 41453.578950 	 1719480461.469678 
1798 	 -219.917549 	 219.917549 	 48391.009267 	 2346967409.730056 
1799 	 -222.398840 	 222.398840 	 49970.679690 	 2597858114.092956 
1800 	 -197.364392 	 197.364392 	 38955.576532 	 1517984639.267788 
1801 	 -208.139498 	 208.139498 	 43477.556382 	 1917245230.689303 
1802 	 -205.076587 	 205.076587 	 42057.805723 	 1769094421.919574 
1803 	 -184.040355 	 184.040355 	 34010.905679 	 1175716600.730968 
1804 	 -193.244829 	 193.244829 	 37344.223798 	 1394689644.107453 
1805 	 -201.305860 	 201.305860 	 40592.055408 	 1658738520.104658 
1806 	 -211.962412 	 211.962412 	 45085.371058 	 2060960708.438206 
1807 	 -198.518022 	 198.518022 	 39802.347060 	 1646169255.128870 
1808 	 -197.403307 	 197.403307 	 39006.207222 	 1527429425.176679 
1809 	 -179.972334 	 179.972334 	 32421.611992 	 1055251249.508852 
1810 	 -164.324405 	 164.324405 	 27057.943315 	 738119628.863446 
1811 	 -153.374738 	 153.374738 	 23583.314656 	 561771800.270709 
1812 	 -147.673243 	 147.673243 	 21812.651184 	 476250972.885655 
1813 	 -178.219436 	 178.219436 	 31762.167395 	 1008835277.622855 
1814 	 -153.395186 	 153.395186 	 23540.831268 	 555182349.439705 
1815 	 -143.852541 	 143.852541 	 21183.658650 	 489315462.114815 
1816 	 -132.884092 	 132.884092 	 17714.292581 	 317759406.222831 
1817 	 -143.433053 	 143.433053 	 20591.279042 	 425501643.523839 
1818 	 -139.079268 	 139.079268 	 19343.042665 	 374153299.555881 
1819 	 -115.450116 	 115.450116 	 13390.713176 	 182615868.986510 
1820 	 -117.188503 	 117.188503 	 13737.281363 	 188940101.839204 
1821 	 -122.601923 	 122.601923 	 15042.653942 	 226968205.916380 
1822 	 -121.059791 	 121.059791 	 15000.183461 	 245213085.635976 
1823 	 -100.298394 	 100.298394 	 10070.957964 	 101874476.279902 
1824 	 -91.996131 	 91.996131 	 8463.780871 	 71652267.386046 
1825 	 -92.841177 	 92.841177 	 8751.623999 	 81146831.370893 
1826 	 -81.868273 	 81.868273 	 7184.479566 	 64540753.624809 
1827 	 -93.827361 	 93.827361 	 8910.014718 	 83136610.817334 
1828 	 -69.063530 	 69.063530 	 4881.026115 	 25947058.261741 
1829 	 -53.975991 	 53.975991 	 2996.916732 	 9954694.822590 
1830 	 -35.966474 	 35.966474 	 1513.743007 	 3430580.681486 
1831 	 -30.854082 	 30.854082 	 1065.377447 	 1566856.380414 
1832 	 -5.078280 	 9.786184 	 121.558335 	 24655.590319 
1833 	 -32.413273 	 32.413273 	 1358.580978 	 3139941.269508 
1834 	 -39.368829 	 39.368829 	 1662.121682 	 3458351.223826 
1835 	 -5.141865 	 5.141865 	 41.017780 	 3224.262571 
1836 	 3.544845 	 12.504957 	 168.939874 	 36400.616858 
1837 	 9.025742 	 9.025742 	 147.312618 	 43158.173777 
1838 	 -40.009179 	 40.009179 	 1682.936730 	 3358612.419660 
1839 	 -49.075729 	 49.075729 	 2408.427173 	 5800521.447486 
1840 	 -44.273409 	 44.273409 	 1998.060470 	 4289604.100789 
1841 	 -50.431799 	 50.431799 	 2543.366311 	 6468712.190033 
1842 	 -59.969460 	 59.969460 	 3796.932459 	 17302342.838932 
1843 	 -84.088160 	 84.088160 	 7194.280209 	 55249566.483417 
1844 	 -47.991632 	 47.991632 	 2303.221685 	 5305059.707622 
1845 	 -53.687505 	 53.687505 	 3001.487984 	 10382539.401511 
1846 	 -12.645570 	 12.645570 	 164.388931 	 29888.348418 
1847 	 -14.761814 	 14.761814 	 217.911149 	 47485.268982 
1848 	 -14.865117 	 14.865117 	 241.445321 	 76392.214342 
1849 	 -52.183176 	 52.183176 	 2771.090539 	 8201847.296453 
1850 	 -42.545137 	 42.545137 	 1892.678503 	 4180211.751299 
1851 	 -61.501872 	 61.501872 	 3788.267157 	 14438523.714939 
1852 	 -10.378567 	 10.378567 	 140.362890 	 33768.516566 
1853 	 -7.258773 	 11.644156 	 188.276160 	 64023.978936 
1854 	 14.938734 	 14.938734 	 434.218431 	 376944.563259 
1855 	 47.859464 	 47.859464 	 2628.833676 	 10010358.444627 
1856 	 73.852099 	 73.852099 	 5851.972183 	 42925058.907980 
1857 	 77.217274 	 77.217274 	 5963.051034 	 35570943.435254 
1858 	 49.839814 	 49.839814 	 2923.339824 	 12911138.722220 
1859 	 49.102604 	 49.102604 	 2439.976861 	 6232313.735132 
1860 	 58.283365 	 58.283365 	 3507.388276 	 13802377.319883 
1861 	 25.633562 	 26.118450 	 1339.252948 	 3586567.215189 
1862 	 34.210464 	 34.210464 	 1170.363737 	 1369788.138490 
1863 	 32.213056 	 32.213056 	 1136.399603 	 1701157.845202 
1864 	 36.501221 	 36.501221 	 1341.008387 	 1844504.905930 
1865 	 65.530726 	 65.530726 	 4301.564727 	 18628656.843006 
1866 	 62.600180 	 62.600180 	 3950.482784 	 16103219.206496 
1867 	 66.564925 	 66.564925 	 4430.889205 	 19632779.143422 
1868 	 51.805477 	 51.805477 	 2688.945592 	 7285587.659685 
1869 	 47.938280 	 47.938280 	 2344.869758 	 5928532.371613 
1870 	 53.843561 	 53.843561 	 2899.129033 	 8404949.152359 
1871 	 73.535629 	 73.535629 	 5435.430655 	 30148287.712498 
1872 	 95.703542 	 95.703542 	 9674.698461 	 112487115.464374 
1873 	 125.601054 	 125.601054 	 15776.391742 	 248942940.104665 
1874 	 130.675302 	 130.675302 	 17085.147198 	 292524685.175205 
1875 	 142.559782 	 142.559782 	 20401.893189 	 422627035.755904 
1876 	 169.337249 	 169.337249 	 28675.204711 	 822278933.633058 
1877 	 164.586683 	 164.586683 	 27114.462409 	 737977293.150755 
1878 	 142.120061 	 142.120061 	 20601.318806 	 456990425.723190 
1879 	 149.763982 	 149.763982 	 22510.659816 	 514033633.057151 
1880 	 146.711084 	 146.711084 	 21524.142956 	 463288791.155898 
1881 	 128.979785 	 128.979785 	 16649.994619 	 278167870.178691 
1882 	 110.118260 	 110.118260 	 12411.824754 	 167915564.700032 
1883 	 82.501763 	 82.501763 	 6815.653706 	 46701241.736217 
1884 	 90.227847 	 90.227847 	 8181.707101 	 68263833.644615 
1885 	 98.079151 	 98.079151 	 9749.239058 	 100039004.452260 
1886 	 84.242779 	 84.242779 	 7131.512785 	 51842579.459425 
1887 	 82.277684 	 82.277684 	 6815.618660 	 47698306.219438 
1888 	 63.295318 	 63.295318 	 4137.538463 	 19222389.830200 
1889 	 67.390204 	 67.390204 	 4595.626448 	 22104127.023707 
1890 	 87.246058 	 87.246058 	 7657.889816 	 60044325.640851 
1891 	 90.142477 	 90.142477 	 8559.389672 	 87360320.186480 
1892 	 51.528766 	 51.528766 	 2662.265915 	 7162560.035500 
1893 	 12.946772 	 19.928318 	 564.756774 	 585221.484375 
1894 	 -24.620394 	 24.620394 	 642.681313 	 501581.650193 
1895 	 -27.362429 	 27.362429 	 752.468263 	 577486.207524 
1896 	 8.976855 	 8.976855 	 94.970249 	 13656.575688 
1897 	 -2.951076 	 4.298880 	 27.189220 	 1383.024657 
1898 	 24.407779 	 24.407779 	 738.567981 	 885836.595712 
1899 	 -2.189282 	 2.189282 	 5.160205 	 33.668573 
1900 	 -13.050539 	 25.087011 	 799.674679 	 1068240.054941 
1901 	 -24.318896 	 24.318896 	 782.363892 	 1063823.524041 
1902 	 -19.432167 	 19.432167 	 377.609101 	 142588.633174 
1903 	 -19.876385 	 19.876385 	 395.268017 	 156548.642845 
1904 	 1.321816 	 6.452893 	 43.387030 	 2173.446354 
1905 	 33.267281 	 33.267281 	 1114.126674 	 1274101.898506 
1906 	 78.359484 	 78.359484 	 6283.730590 	 43010285.658944 
1907 	 69.903886 	 69.903886 	 4898.975158 	 24242757.243287 
1908 	 77.372625 	 77.372625 	 6002.080416 	 36397506.479495 
1909 	 81.956836 	 81.956836 	 6941.227948 	 54207204.319393 
1910 	 87.293660 	 87.293660 	 7747.533530 	 63906009.410727 
1911 	 78.815790 	 78.815790 	 6426.932621 	 46647818.295714 
1912 	 74.395979 	 74.395979 	 6121.443111 	 50460633.767452 
1913 	 117.603854 	 117.603854 	 13860.239003 	 193742258.957868 
1914 	 103.323587 	 103.323587 	 10707.849385 	 116028195.284151 
1915 	 81.735557 	 81.735557 	 6772.976624 	 48339070.387255 
1916 	 74.469966 	 74.469966 	 5545.775853 	 30755629.807443 
1917 	 84.526183 	 84.526183 	 7147.533764 	 51168919.430652 
1918 	 67.644005 	 67.644005 	 4579.596994 	 21043826.319458 
1919 	 84.565419 	 84.565419 	 7189.935938 	 52800079.622814 
1920 	 84.757204 	 84.757204 	 7224.830047 	 53377645.016027 
1921 	 136.322394 	 136.322394 	 18714.162630 	 359910781.723339 
1922 	 153.339834 	 153.339834 	 23514.041736 	 552998287.754888 
1923 	 145.751748 	 145.751748 	 21287.935891 	 456946000.288514 
1924 	 179.371130 	 179.371130 	 32174.002437 	 1035166432.810236 
1925 	 139.425125 	 139.425125 	 19452.707570 	 379445285.583039 
1926 	 120.019444 	 120.019444 	 14652.823421 	 229003686.228024 
1927 	 121.552001 	 121.552001 	 14774.888976 	 218297344.260182 
1928 	 105.606156 	 105.606156 	 11152.660111 	 124381827.547653 
1929 	 94.893296 	 94.893296 	 9052.152051 	 83649276.378315 
1930 	 74.516979 	 74.516979 	 5755.082051 	 37614322.370483 
1931 	 83.287831 	 83.287831 	 7166.449723 	 57728454.679663 
1932 	 82.207121 	 82.207121 	 6781.329231 	 46616774.010765 
1933 	 64.611077 	 64.611077 	 4185.420224 	 17698568.875677 
1934 	 99.447997 	 99.447997 	 9907.032942 	 98826912.835095 
1935 	 86.904845 	 86.904845 	 7634.230977 	 60752005.974375 
1936 	 85.772042 	 85.772042 	 7356.843171 	 54123141.443465 
1937 	 85.772042 	 85.772042 	 7356.843171 	 54123141.443465 
1938 	 76.455416 	 76.455416 	 5941.056065 	 37532033.451610 
1939 	 91.570041 	 91.570041 	 8519.539848 	 77092633.695027 
1940 	 106.462273 	 106.462273 	 11756.083756 	 157331684.830514 
1941 	 111.884237 	 111.884237 	 12628.885285 	 165036892.152325 
1942 	 97.491739 	 97.491739 	 9512.519462 	 90787622.991046 
1943 	 96.896536 	 96.896536 	 9767.354395 	 109612900.874230 
1944 	 60.957208 	 60.957208 	 3823.413578 	 16218244.063862 
1945 	 76.734649 	 76.734649 	 6046.318074 	 40281940.492661 
1946 	 102.935162 	 102.935162 	 10595.829854 	 112279337.728021 
1947 	 79.926217 	 79.926217 	 6598.106040 	 48898685.097256 
1948 	 107.035094 	 107.035094 	 11466.946445 	 131969056.921692 
1949 	 82.090721 	 82.090721 	 6819.143936 	 48664107.065958 
1950 	 68.044670 	 68.044670 	 4632.408324 	 21502381.605859 
1951 	 58.384115 	 58.384115 	 3408.802544 	 11621267.138696 
1952 	 79.870643 	 79.870643 	 6451.610076 	 43467930.126035 
1953 	 104.931400 	 104.931400 	 11465.545887 	 151495703.266528 
1954 	 69.163345 	 69.163345 	 4783.850101 	 22890613.560743 
1955 	 79.302494 	 79.302494 	 6301.188570 	 40014465.305791 
1956 	 78.868885 	 78.868885 	 6230.157803 	 39060116.274322 
1957 	 91.076988 	 91.076988 	 8318.345549 	 69968891.023849 
1958 	 94.981297 	 94.981297 	 9030.849102 	 81895523.333537 
1959 	 128.794746 	 128.794746 	 16588.086719 	 275164621.008094 
1960 	 103.943730 	 103.943730 	 10843.166366 	 119253998.913204 
1961 	 111.409771 	 111.409771 	 12412.137069 	 154061146.623318 
1962 	 116.833576 	 116.833576 	 13678.709768 	 188670053.317616 
1963 	 104.730244 	 104.730244 	 10968.423932 	 120306323.550999 
1964 	 142.190790 	 142.190790 	 20238.722236 	 411263888.573582 
1965 	 138.091553 	 138.091553 	 19110.853383 	 368396052.529194 
1966 	 122.907641 	 122.907641 	 15136.803120 	 230966674.819539 
1967 	 140.216977 	 140.216977 	 19660.850793 	 386552991.464658 
1968 	 151.007184 	 151.007184 	 23543.707467 	 621852602.579233 
1969 	 182.097903 	 182.097903 	 33179.007689 	 1103414609.126511 
1970 	 178.149038 	 178.149038 	 31742.464843 	 1008267723.251211 
1971 	 185.362506 	 185.362506 	 34638.281430 	 1238158627.959255 
1972 	 184.068992 	 184.068992 	 33881.393882 	 1147948851.388541 
1973 	 153.649551 	 153.649551 	 24004.772627 	 613680005.952777 
1974 	 162.494977 	 162.494977 	 26492.009129 	 711056705.931884 
1975 	 150.811838 	 150.811838 	 22759.995447 	 519453469.593718 
1976 	 137.957353 	 137.957353 	 19111.111149 	 371239617.895742 
1977 	 118.267120 	 118.267120 	 13992.557670 	 196096359.680163 
1978 	 119.173608 	 119.173608 	 14206.638344 	 202072263.214029 
1979 	 94.825617 	 94.825617 	 9050.785018 	 84034745.559237 
1980 	 98.241056 	 98.241056 	 9688.322606 	 95292660.979300 
1981 	 106.174401 	 106.174401 	 11514.313881 	 143460600.944366 
1982 	 115.401968 	 115.401968 	 13378.652562 	 182239885.937165 
1983 	 143.751905 	 143.751905 	 20783.485962 	 441779369.071631 
1984 	 167.766547 	 167.766547 	 28157.376404 	 794162056.809339 
1985 	 161.129560 	 161.129560 	 25977.133474 	 676306751.706900 
1986 	 159.435110 	 159.435110 	 25602.799907 	 674135465.299600 
1987 	 156.701744 	 156.701744 	 24672.151557 	 620178998.866957 
1988 	 188.175629 	 188.175629 	 35422.277316 	 1256467170.059931 
1989 	 159.238985 	 159.238985 	 25588.531896 	 678251325.034512 
1990 	 140.317570 	 140.317570 	 19785.707375 	 399088908.572934 
1991 	 123.223079 	 123.223079 	 15389.020012 	 249278396.313259 
1992 	 154.832223 	 154.832223 	 24095.138219 	 592286128.961768 
1993 	 169.757598 	 169.757598 	 28820.689282 	 830983368.097019 
1994 	 164.825194 	 164.825194 	 27294.466411 	 758802161.939656 
1995 	 167.858189 	 167.858189 	 28179.969755 	 794516224.270549 
1996 	 168.094766 	 168.094766 	 28268.717545 	 800574689.455480 
1997 	 149.148609 	 149.148609 	 23388.328441 	 648721307.996978 
1998 	 127.525343 	 127.525343 	 16287.984607 	 266942367.393884 
1999 	 120.361039 	 120.361039 	 14493.656353 	 210464549.563052 
2000 	 138.015182 	 138.015182 	 19231.197106 	 383782731.665704 

%ACCRATE = 0.889500
