%%%%%%%%%%%%%%%%%%%%%%%%%%%%%%%%%%%%%%%%%%%%%%%%%%%%%%%%%%%%%%%%%%%%%%%%%%%
%SIMULAZIONE D = 3, L = 8, V = 512
%NUMERO DI MISURE PER OGNI naccu: T = 1000
%%%%%%%%%%%%%%%%%%%%%%%%%%%%%%%%%%%%%%%%%%%%%%%%%%%%%%%%%%%%%%%%%%%%%%%%%%%
%naccu = 4096
%%%%%%%%%%%%%%%%%%%%%%%%%%%%%%%%%%%%%%%%%%%%%%%%%%%%%%%%%%%%%%%%%%%%%%%%%%%

%%%%%%%%%%%%%%%%%%%%%%%%%%%%%%%%%%%%%%%%%%%%%%%%%%%%%%%%%%%%%%%%%%%%%%%%%%%

12001 	 -77.182466 	 182.272176 	 38793.419927 	 2120395721.927068 
12002 	 106.083830 	 161.636331 	 31656.877640 	 1593231123.324480 
12003 	 -11.035487 	 189.280498 	 41249.547557 	 2353957020.218475 
12004 	 -42.780077 	 173.587138 	 35562.546391 	 1851856642.074361 
12005 	 66.129550 	 161.617623 	 31604.407243 	 1535775349.746992 
12006 	 -82.096955 	 192.231106 	 42371.968039 	 2452797883.213810 
12007 	 85.790317 	 164.042726 	 32930.677876 	 1687870216.373606 
12008 	 -43.475834 	 173.630444 	 36285.251229 	 1930765369.973226 
12009 	 -42.338202 	 156.178836 	 30891.669249 	 1553127042.983871 
12010 	 1.294035 	 185.428133 	 38854.803059 	 2041063818.406217 
12011 	 136.274477 	 189.905103 	 41297.212076 	 2337641190.980299 
12012 	 -89.890832 	 195.973225 	 42340.464689 	 2306166229.468453 
12013 	 19.523330 	 190.223792 	 40963.801273 	 2262195486.297815 
12014 	 -153.830081 	 175.789474 	 36400.183317 	 1918204559.136777 
12015 	 -125.492532 	 191.598413 	 41577.238878 	 2359705517.636944 
12016 	 58.447505 	 176.647610 	 37449.462285 	 2058477004.650482 
12017 	 25.711352 	 173.699196 	 35595.794328 	 1846523124.844175 
12018 	 106.724199 	 191.427537 	 40213.123482 	 2087329144.534595 
12019 	 -142.470175 	 199.374635 	 44122.773267 	 2543110007.599299 
12020 	 44.734881 	 147.637065 	 27000.138028 	 1196528432.501565 
12021 	 -144.777529 	 164.481943 	 32892.205830 	 1703183897.272340 
12022 	 136.313464 	 155.184371 	 30860.330110 	 1580153045.367837 
12023 	 -9.694588 	 178.554783 	 38132.095411 	 2134662246.611631 
12024 	 -81.504378 	 176.951813 	 37089.913752 	 2000222380.902346 
12025 	 -184.604222 	 189.763338 	 40618.189473 	 2201548313.024285 
12026 	 180.085652 	 186.486102 	 40083.684482 	 2240420232.978827 
12027 	 -97.086406 	 179.584562 	 37153.488183 	 1956156724.960265 
12028 	 -20.684395 	 167.787679 	 32953.715994 	 1568632871.715475 
12029 	 127.801629 	 156.017718 	 30160.197549 	 1478496322.044542 
12030 	 67.998800 	 173.932485 	 35625.834667 	 1820535528.749201 
12031 	 -17.183777 	 159.820034 	 30764.483204 	 1498605781.840044 
12032 	 -121.502915 	 163.727439 	 33622.705428 	 1789288721.815916 
12033 	 -21.172530 	 156.540340 	 29131.666809 	 1293957874.772292 
12034 	 85.705917 	 201.759283 	 44978.857114 	 2583458296.756459 
12035 	 145.804415 	 190.065532 	 41606.939879 	 2375471727.125473 
12036 	 113.646659 	 181.196342 	 38833.389760 	 2149235459.255394 
12037 	 189.886457 	 196.315912 	 43019.692688 	 2398753912.121273 
12038 	 -8.527587 	 187.064081 	 40413.161888 	 2267100236.745772 
12039 	 42.758446 	 169.051107 	 34181.290112 	 1713103917.020385 
12040 	 4.944252 	 186.105182 	 40002.982424 	 2225861872.328487 
12041 	 54.703288 	 186.829483 	 40251.441364 	 2256235171.511084 
12042 	 23.946640 	 165.061486 	 31917.686461 	 1502185881.341015 
12043 	 62.435293 	 164.686560 	 33140.029576 	 1686420326.184319 
12044 	 109.428781 	 160.775524 	 32558.665991 	 1726276150.520575 
12045 	 82.580932 	 152.832646 	 29724.959639 	 1472399392.269120 
12046 	 193.150194 	 193.544774 	 41131.839133 	 2172946190.613461 
12047 	 160.693327 	 185.717242 	 39244.973631 	 2096616115.967396 
12048 	 11.898781 	 183.163376 	 38551.247679 	 2072637509.085632 
12049 	 -6.289707 	 173.822038 	 35446.388584 	 1826935784.697896 
12050 	 24.990493 	 173.157215 	 34931.791395 	 1774395583.134000 
12051 	 93.692489 	 180.382491 	 37210.060546 	 1918246413.972321 
12052 	 -33.595265 	 172.389208 	 35653.441437 	 1939342594.310776 
12053 	 -97.105007 	 143.754506 	 26803.173166 	 1219764868.353295 
12054 	 44.831091 	 172.888157 	 36215.195141 	 1970369346.028685 
12055 	 35.036895 	 188.406520 	 40332.816030 	 2214108787.797147 
12056 	 -55.089571 	 163.089454 	 32067.316473 	 1549600192.177464 
12057 	 -10.563309 	 169.095616 	 34489.230082 	 1801387439.445148 
12058 	 176.480818 	 179.120428 	 37091.431833 	 1941062426.096316 
12059 	 -113.627216 	 178.332743 	 37949.473395 	 2103741590.376379 
12060 	 69.479559 	 178.294684 	 36706.146821 	 1901901627.274363 
12061 	 -40.225458 	 160.977186 	 32662.218723 	 1682956809.360492 
12062 	 33.311129 	 183.419462 	 38395.457172 	 2052086550.523561 
12063 	 -113.889847 	 157.507477 	 30095.878871 	 1395815298.126165 
12064 	 8.642402 	 174.088241 	 34884.389159 	 1724128823.026006 
12065 	 115.023252 	 175.772512 	 36430.581634 	 1961157431.989035 
12066 	 6.340710 	 177.974976 	 37161.535939 	 1992085499.851038 
12067 	 98.452058 	 162.333821 	 31224.750390 	 1480995894.927794 
12068 	 -104.820098 	 178.392142 	 36527.933903 	 1825688857.169686 
12069 	 -62.610927 	 143.506303 	 26454.739137 	 1194741239.230399 
12070 	 -145.344315 	 175.064182 	 35859.117860 	 1826171032.134604 
12071 	 55.340520 	 169.377053 	 35220.322148 	 1901750231.982155 
12072 	 -73.478335 	 173.998586 	 36063.477595 	 1908146167.884761 
12073 	 -126.470425 	 177.814595 	 36618.575382 	 1918756964.952571 
12074 	 92.059976 	 203.458909 	 45780.243352 	 2694635158.126202 
12075 	 -64.623668 	 152.876142 	 28970.379120 	 1349793519.228491 
12076 	 75.543735 	 167.257605 	 34065.110475 	 1758623813.184359 
12077 	 125.339091 	 174.078423 	 36672.762553 	 2077904965.528307 
12078 	 -10.185562 	 197.815321 	 42798.396768 	 2334938184.539434 
12079 	 -202.000454 	 202.664544 	 45018.377460 	 2557877321.921004 
12080 	 -33.757520 	 190.194537 	 40525.815596 	 2170229169.830238 
12081 	 -152.949312 	 163.674241 	 32942.630922 	 1687093312.874177 
12082 	 6.662445 	 165.669126 	 32814.163335 	 1614003316.234113 
12083 	 20.927473 	 169.873400 	 34400.191962 	 1739666451.040650 
12084 	 -51.265941 	 176.164642 	 35851.124573 	 1820855724.916311 
12085 	 80.968943 	 173.334864 	 36960.508098 	 2113533726.082505 
12086 	 54.120182 	 167.658064 	 33618.539862 	 1705943098.046831 
12087 	 94.142253 	 175.254269 	 36058.941509 	 1866792531.041168 
12088 	 171.140526 	 187.063099 	 40332.653016 	 2239818675.451273 
12089 	 50.325030 	 155.657874 	 30470.290578 	 1515579582.574000 
12090 	 8.957246 	 164.266276 	 33131.786127 	 1711365529.668227 
12091 	 85.500663 	 169.765109 	 35180.332010 	 1887159287.100453 
12092 	 33.995147 	 158.617307 	 31525.249562 	 1599859258.075691 
12093 	 40.792467 	 165.518352 	 32332.470888 	 1566401906.433316 
12094 	 190.468076 	 205.052425 	 46769.230196 	 2807472419.827718 
12095 	 -15.119127 	 162.301418 	 32768.337361 	 1699520699.060575 
12096 	 104.161276 	 173.849127 	 36028.390117 	 1916223497.738719 
12097 	 87.568844 	 176.161755 	 37138.159147 	 2018163694.106697 
12098 	 -14.863174 	 177.061015 	 38259.988646 	 2219523487.462022 
12099 	 2.060609 	 149.439422 	 29098.530315 	 1485917031.623047 
12100 	 -133.812381 	 177.319637 	 37085.809386 	 1974483380.047809 
12101 	 71.832139 	 190.340521 	 40800.462226 	 2232358453.515039 
12102 	 20.796104 	 176.471549 	 35874.478925 	 1788082950.533888 
12103 	 -81.913964 	 166.858600 	 34218.636821 	 1790463863.084541 
12104 	 177.802413 	 198.468887 	 44412.682342 	 2596431798.294532 
12105 	 82.615968 	 157.087668 	 30083.206572 	 1423209604.353425 
12106 	 -33.390528 	 172.500378 	 34835.071709 	 1775500779.502971 
12107 	 -24.954914 	 164.292624 	 33425.727382 	 1738853717.833915 
12108 	 -48.269538 	 175.127140 	 35757.313327 	 1841473719.995276 
12109 	 -54.504195 	 157.442214 	 31089.003245 	 1564157718.134651 
12110 	 128.310783 	 195.130201 	 42718.573158 	 2392715728.345123 
12111 	 156.059630 	 178.893714 	 37469.178897 	 2001448220.154967 
12112 	 -149.408244 	 180.994218 	 38136.388427 	 2050589561.302100 
12113 	 -89.780513 	 181.123144 	 38151.848868 	 2108465705.828563 
12114 	 -7.142323 	 172.561363 	 35505.302349 	 1883050781.592721 
12115 	 146.797742 	 169.351344 	 34587.538593 	 1832741980.998528 
12116 	 -58.065879 	 158.558123 	 30899.750298 	 1531731195.381308 
12117 	 -26.449997 	 160.067713 	 32167.574924 	 1670792659.177355 
12118 	 -16.359610 	 153.308949 	 30624.467439 	 1628268675.541694 
12119 	 -38.711994 	 183.721001 	 39526.194070 	 2204666116.428814 
12120 	 -92.791273 	 169.484950 	 34703.683277 	 1786774733.038599 
12121 	 73.036182 	 178.236664 	 38028.830474 	 2124004055.602061 
12122 	 34.591580 	 165.495034 	 32940.687119 	 1645398635.469393 
12123 	 172.373315 	 191.142905 	 40703.627792 	 2175138961.345825 
12124 	 -45.965469 	 183.431716 	 39563.854869 	 2267352798.087587 
12125 	 -29.663543 	 165.392089 	 33438.388914 	 1717085145.755572 
12126 	 -106.430583 	 166.659567 	 33675.199834 	 1720379154.995559 
12127 	 -64.291219 	 185.533870 	 39968.746316 	 2194776481.257208 
12128 	 5.022759 	 165.721183 	 33272.528346 	 1709340436.051170 
12129 	 -57.506606 	 170.071853 	 34564.082849 	 1754576995.748157 
12130 	 -11.001092 	 182.272465 	 37844.090605 	 1966708398.526688 
12131 	 38.973524 	 175.638021 	 36061.530212 	 1882068879.708627 
12132 	 -131.983283 	 160.552802 	 32186.017855 	 1680805522.415099 
12133 	 82.991207 	 181.771196 	 38406.661014 	 2054027978.980757 
12134 	 27.819176 	 183.939121 	 39565.011001 	 2215943167.147699 
12135 	 85.223251 	 177.737161 	 35797.381546 	 1755627169.120768 
12136 	 -96.628485 	 178.217201 	 37588.471463 	 2049002534.415689 
12137 	 29.322170 	 163.363121 	 33026.128404 	 1753760356.655169 
12138 	 97.813870 	 186.738457 	 40034.909305 	 2182909357.291751 
12139 	 -124.044996 	 185.558449 	 38793.832577 	 2054221935.413294 
12140 	 -26.069175 	 177.694953 	 37761.407687 	 2138332356.634409 
12141 	 -40.336720 	 169.482090 	 34858.651452 	 1865418217.515104 
12142 	 29.458786 	 156.095503 	 31034.002011 	 1594294466.450598 
12143 	 -2.145544 	 180.956572 	 38437.597999 	 2093926277.283537 
12144 	 -136.962773 	 163.622261 	 32304.105847 	 1586709763.910678 
12145 	 -197.303256 	 197.308877 	 42455.906165 	 2316250555.028311 
12146 	 -97.709937 	 176.793772 	 36876.956908 	 1995032705.134694 
12147 	 37.218387 	 168.362793 	 34238.611434 	 1822838204.960190 
12148 	 -44.880048 	 140.364563 	 25991.709182 	 1239613515.355238 
12149 	 121.632825 	 162.516142 	 33402.965210 	 1864499386.502064 
12150 	 46.017683 	 168.056211 	 34885.899261 	 1878310754.851424 
12151 	 -162.313598 	 175.899406 	 35742.563248 	 1852228230.694509 
12152 	 -89.102928 	 176.955940 	 35748.871777 	 1815249725.863557 
12153 	 -14.289421 	 187.544795 	 40675.601207 	 2293652021.291520 
12154 	 -12.163614 	 182.548335 	 38998.753828 	 2156691707.651562 
12155 	 -78.982160 	 167.156893 	 33745.297050 	 1729902590.303746 
12156 	 57.397921 	 149.809805 	 28884.690537 	 1422313411.458841 
12157 	 48.251754 	 169.780526 	 35275.351623 	 1909102426.966444 
12158 	 -59.533850 	 176.318125 	 37304.298861 	 2103911657.601511 
12159 	 -174.533605 	 184.887326 	 39067.987859 	 2071088023.446761 
12160 	 -4.993846 	 193.408409 	 42044.636533 	 2349537077.278096 
12161 	 -25.310753 	 182.958613 	 37398.112632 	 1851840514.351652 
12162 	 -57.193209 	 165.665581 	 32993.163603 	 1648368640.099611 
12163 	 -112.010636 	 150.777668 	 28895.371045 	 1369164697.877067 
12164 	 48.036608 	 182.605681 	 39387.610933 	 2244607263.032679 
12165 	 -8.676316 	 155.474202 	 28978.275147 	 1307382454.640590 
12166 	 -18.325110 	 167.727226 	 33547.551922 	 1681980569.600035 
12167 	 -68.028031 	 186.880755 	 39215.966428 	 2067144200.306493 
12168 	 -26.965200 	 159.563070 	 31369.967341 	 1526400621.248568 
12169 	 -74.188421 	 188.301324 	 39770.768280 	 2117994608.055583 
12170 	 162.518072 	 192.357856 	 41185.329097 	 2217667427.170659 
12171 	 -96.920432 	 177.496459 	 37500.306459 	 2059252326.105763 
12172 	 40.908316 	 189.376811 	 40560.108190 	 2172230947.182739 
12173 	 -141.660720 	 184.192060 	 39087.992032 	 2126048167.381548 
12174 	 -200.583997 	 200.612825 	 43770.844616 	 2418392969.453403 
12175 	 164.247952 	 186.958168 	 39526.144619 	 2125563028.346234 
12176 	 111.728195 	 159.224155 	 31985.376980 	 1692326098.296965 
12177 	 155.102034 	 173.800775 	 35310.432733 	 1775260103.956029 
12178 	 -13.049259 	 179.629241 	 37809.546871 	 2057883148.496611 
12179 	 -21.272220 	 186.268436 	 39963.972774 	 2218617472.645178 
12180 	 155.250886 	 182.659039 	 37651.606199 	 1931527824.842225 
12181 	 17.598202 	 184.627913 	 39780.343905 	 2225061417.986028 
12182 	 56.491374 	 184.331253 	 39615.689481 	 2222050066.246857 
12183 	 -55.288524 	 178.180013 	 37741.369929 	 2056028200.068375 
12184 	 71.790543 	 163.097370 	 33738.064864 	 1870779338.619551 
12185 	 -83.009207 	 170.642205 	 34879.014724 	 1790920406.155101 
12186 	 114.789529 	 172.128625 	 35871.766375 	 1988047703.375070 
12187 	 21.411917 	 161.715482 	 33296.361880 	 1884784386.360385 
12188 	 9.690817 	 187.567816 	 40332.931751 	 2206929069.334427 
12189 	 55.754916 	 168.185267 	 34575.841125 	 1868989759.221399 
12190 	 -71.938106 	 174.722442 	 35377.929109 	 1778842506.742589 
12191 	 -53.006379 	 174.530405 	 35600.660172 	 1853612658.608864 
12192 	 102.100612 	 180.250593 	 37311.291166 	 1929806260.296182 
12193 	 -25.051296 	 164.664080 	 32511.392028 	 1661249402.301799 
12194 	 -80.057080 	 200.456724 	 45113.509300 	 2677513114.949622 
12195 	 19.736934 	 161.037533 	 32262.668156 	 1641385284.508847 
12196 	 15.898894 	 169.427675 	 35176.609289 	 1908777315.868765 
12197 	 11.454187 	 182.436440 	 37666.654164 	 1937163172.998233 
12198 	 -51.401954 	 185.814203 	 40289.599478 	 2248703712.225577 
12199 	 32.337743 	 193.850524 	 42018.204413 	 2338798526.423899 
12200 	 -39.277824 	 169.617521 	 35094.602828 	 1886691759.192847 
12201 	 161.765100 	 192.658059 	 41756.341595 	 2332466775.236210 
12202 	 -13.247667 	 163.241053 	 32445.465195 	 1611948086.055777 
12203 	 64.539808 	 163.847590 	 32753.819314 	 1663066884.018810 
12204 	 111.843657 	 188.488583 	 40163.757886 	 2145215062.031103 
12205 	 -25.377656 	 162.428273 	 32273.395821 	 1683192415.521564 
12206 	 32.889481 	 172.328158 	 35849.501803 	 1949856974.896896 
12207 	 21.079685 	 143.546034 	 26388.852933 	 1169423322.968159 
12208 	 18.274552 	 171.224588 	 34830.344474 	 1768987960.664579 
12209 	 102.008534 	 161.367268 	 32565.767295 	 1669063249.310154 
12210 	 45.750464 	 185.080912 	 38785.933083 	 2025923377.098310 
12211 	 36.230842 	 178.365236 	 37127.803112 	 2004719880.801586 
12212 	 -60.394802 	 189.715002 	 41413.013581 	 2387519064.899645 
12213 	 -52.402323 	 168.437574 	 33640.951905 	 1703687907.576511 
12214 	 -183.163246 	 185.138201 	 40611.163596 	 2356171674.413988 
12215 	 74.123035 	 185.970433 	 39463.536444 	 2105944672.577839 
12216 	 -121.976401 	 189.026429 	 40423.515083 	 2227197720.246590 
12217 	 18.859564 	 166.335858 	 34652.592238 	 1909687277.485419 
12218 	 -126.658731 	 209.731229 	 48269.261727 	 2909851804.730612 
12219 	 17.543612 	 167.430093 	 34296.100611 	 1812874951.571364 
12220 	 -62.592346 	 201.495637 	 45114.130492 	 2640210698.833798 
12221 	 117.473216 	 191.845059 	 41586.524838 	 2314804597.936415 
12222 	 50.253839 	 171.049070 	 34847.361225 	 1822420976.050308 
12223 	 -154.875970 	 174.055722 	 36112.481509 	 1878319615.974804 
12224 	 26.066117 	 161.023598 	 32525.511101 	 1664075290.882614 
12225 	 -26.099112 	 173.651073 	 36542.321487 	 2040805504.996590 
12226 	 -43.878719 	 164.375510 	 31685.746684 	 1476928327.737468 
12227 	 43.095128 	 193.487970 	 42148.878313 	 2396237575.781805 
12228 	 36.543279 	 164.110469 	 32514.009472 	 1608938043.116508 
12229 	 179.265416 	 183.211779 	 38663.184478 	 2081865070.577971 
12230 	 111.750902 	 187.839331 	 40103.805148 	 2172681139.914170 
12231 	 -117.950560 	 179.287773 	 38689.947894 	 2225305318.248996 
12232 	 120.164960 	 180.420764 	 37810.507030 	 2022035035.058901 
12233 	 77.176398 	 173.277725 	 35443.148716 	 1835157488.470454 
12234 	 -140.513104 	 172.765360 	 35574.578738 	 1857576887.943770 
12235 	 -80.324238 	 155.125860 	 30158.559633 	 1541403797.735680 
12236 	 -61.130668 	 168.543273 	 33234.290776 	 1624593667.267287 
12237 	 -109.469967 	 161.510889 	 32723.837595 	 1689573501.913354 
12238 	 192.033213 	 197.869078 	 43040.550300 	 2409723088.612688 
12239 	 -102.146653 	 181.583300 	 39245.985703 	 2213629353.148449 
12240 	 -5.356665 	 192.800171 	 41097.549077 	 2181877552.090582 
12241 	 139.805537 	 172.110118 	 35131.642896 	 1820383203.101068 
12242 	 -57.238444 	 177.465272 	 36801.643871 	 1902829179.567916 
12243 	 112.471598 	 183.616663 	 39508.356840 	 2230532116.585894 
12244 	 163.917213 	 202.171065 	 44727.337618 	 2524920357.310679 
12245 	 -13.049406 	 184.968029 	 39226.867343 	 2124782295.062386 
12246 	 -47.963614 	 178.490037 	 37589.461898 	 2026346581.200069 
12247 	 83.885735 	 156.276956 	 30277.492719 	 1461910681.397976 
12248 	 -154.796590 	 201.942608 	 45584.990905 	 2694753243.258152 
12249 	 179.451001 	 189.621337 	 40769.313081 	 2267842255.934810 
12250 	 104.408895 	 162.687129 	 32407.232906 	 1627265617.367102 
12251 	 -6.726144 	 187.648684 	 41206.770121 	 2375728693.680809 
12252 	 -159.415626 	 168.940060 	 35357.280972 	 1918681505.162803 
12253 	 -20.459372 	 183.881903 	 38316.516029 	 1983761863.998485 
12254 	 86.787222 	 165.885137 	 32917.085278 	 1651954961.902968 
12255 	 -102.081181 	 147.862695 	 27580.151084 	 1294143379.964769 
12256 	 -90.785378 	 188.833754 	 40922.000349 	 2254024495.860720 
12257 	 -72.162225 	 171.882763 	 34522.464949 	 1732110732.976036 
12258 	 -81.516202 	 162.606916 	 33115.441535 	 1710612146.108324 
12259 	 20.180829 	 173.539858 	 35967.106100 	 1917198490.186489 
12260 	 67.161790 	 186.173363 	 39375.297446 	 2137700296.447471 
12261 	 55.050935 	 177.501747 	 36928.704796 	 1944609082.343899 
12262 	 -161.519006 	 180.399761 	 37798.178168 	 2032911542.021311 
12263 	 88.228611 	 180.792072 	 36418.830957 	 1766093122.347788 
12264 	 45.624499 	 179.897186 	 38016.240711 	 2083120496.213111 
12265 	 -166.385495 	 184.603775 	 39045.841818 	 2131650649.665919 
12266 	 -56.531964 	 175.690533 	 36707.303880 	 1986028565.802041 
12267 	 25.239792 	 162.313698 	 32779.436191 	 1727909608.558683 
12268 	 11.593038 	 173.582866 	 35120.090423 	 1777309741.794644 
12269 	 -64.220517 	 172.470331 	 34425.593769 	 1685095125.525946 
12270 	 40.131314 	 178.591055 	 37539.331707 	 2039182726.557734 
12271 	 -47.093036 	 158.967343 	 32387.073508 	 1758005235.429775 
12272 	 -19.110594 	 160.868387 	 31859.528476 	 1604403774.180992 
12273 	 -82.410756 	 183.938125 	 39410.147515 	 2185188807.229850 
12274 	 -93.019801 	 181.420554 	 38824.696324 	 2164254278.886027 
12275 	 132.216842 	 189.035790 	 40262.552251 	 2220018199.403880 
12276 	 57.177357 	 157.574187 	 29945.283464 	 1353691150.430813 
12277 	 72.048081 	 157.806302 	 32574.687317 	 1786617703.259582 
12278 	 -40.293343 	 178.545382 	 36925.866000 	 1903881392.544544 
12279 	 -72.960074 	 165.872293 	 32484.652079 	 1550542969.875861 
12280 	 -28.934142 	 179.464584 	 37779.623935 	 2066534837.327389 
12281 	 38.209120 	 179.601965 	 38086.771195 	 2116628935.649202 
12282 	 112.859029 	 174.016601 	 34727.927896 	 1699728338.583711 
12283 	 30.357290 	 137.697659 	 25198.510289 	 1126827575.811484 
12284 	 -179.873647 	 182.387807 	 38279.462822 	 2046186489.001908 
12285 	 -196.814897 	 202.478618 	 45452.916763 	 2640386665.313664 
12286 	 33.138448 	 177.416358 	 37320.103166 	 2009304682.071414 
12287 	 82.159092 	 169.392610 	 35392.493057 	 1908047809.532470 
12288 	 4.021677 	 177.166813 	 36447.046262 	 1870427539.920259 
12289 	 -82.571141 	 188.716457 	 40346.983354 	 2178858407.918574 
12290 	 -60.394944 	 169.471926 	 34518.381578 	 1815973381.349148 
12291 	 44.171486 	 184.229386 	 39655.917572 	 2241776803.192575 
12292 	 91.685543 	 180.997006 	 37643.361884 	 1929707427.602543 
12293 	 12.142883 	 174.388203 	 35720.515703 	 1834777420.331652 
12294 	 123.975825 	 152.632028 	 29759.255562 	 1519285750.229494 
12295 	 87.443819 	 178.363349 	 36409.641089 	 1826401770.868567 
12296 	 -143.786432 	 173.046950 	 34590.137245 	 1712034638.625808 
12297 	 143.070396 	 177.209593 	 37692.431842 	 2138386547.188923 
12298 	 -9.839843 	 164.381200 	 34295.185920 	 1848429347.207573 
12299 	 -65.480761 	 175.094553 	 35921.112963 	 1858982481.930157 
12300 	 30.203551 	 163.252899 	 32187.789541 	 1590523444.097128 
12301 	 -31.302135 	 184.887502 	 38439.143381 	 1973149404.592425 
12302 	 -2.593350 	 172.550840 	 35524.538563 	 1892905419.606725 
12303 	 -3.306748 	 205.327125 	 46197.828333 	 2726840041.354825 
12304 	 75.907827 	 151.349758 	 28526.865806 	 1367075473.360489 
12305 	 20.898144 	 183.706652 	 38989.197932 	 2100798154.780175 
12306 	 -51.226900 	 182.658661 	 38195.373844 	 2039698530.959067 
12307 	 32.796029 	 167.864086 	 34331.537086 	 1791406642.302679 
12308 	 -29.187758 	 167.409384 	 33437.209439 	 1670209888.879843 
12309 	 153.849150 	 191.899581 	 42460.161005 	 2484533221.468250 
12310 	 -98.650616 	 138.772686 	 25755.269593 	 1228413383.936854 
12311 	 -147.544469 	 172.279248 	 37122.705249 	 2113218666.235187 
12312 	 164.854618 	 198.774252 	 44328.084927 	 2596758117.666266 
12313 	 -22.924840 	 184.928574 	 39086.439175 	 2109200604.387843 
12314 	 -112.213950 	 181.984940 	 38628.987105 	 2116834109.710634 
12315 	 -111.790148 	 171.157419 	 35499.495081 	 1872457119.099445 
12316 	 -86.159733 	 161.791932 	 33330.468064 	 1840699630.591973 
12317 	 88.575226 	 159.987686 	 31800.630910 	 1602968089.171886 
12318 	 18.885533 	 165.640187 	 32141.350891 	 1503339302.587762 
12319 	 -45.609757 	 169.046925 	 35108.888417 	 1873094937.437955 
12320 	 -150.314896 	 168.750093 	 34547.101914 	 1832800649.255646 
12321 	 -71.892844 	 162.651884 	 32706.272714 	 1672790397.452024 
12322 	 108.915450 	 171.423616 	 35176.497723 	 1822209656.973103 
12323 	 -43.369090 	 165.580003 	 32888.233276 	 1620144267.708174 
12324 	 -72.208068 	 154.674581 	 29759.887434 	 1455813269.378769 
12325 	 31.503682 	 167.228300 	 33786.402421 	 1736271482.513160 
12326 	 -56.054729 	 168.154554 	 34535.860040 	 1803487904.170321 
12327 	 -98.618608 	 173.206881 	 37173.378495 	 2142500156.946128 
12328 	 -72.378921 	 166.358446 	 33106.891162 	 1661803877.574220 
12329 	 39.779731 	 189.460533 	 40534.689164 	 2209172404.826031 
12330 	 -44.550675 	 180.181201 	 38389.412000 	 2103065384.313155 
12331 	 48.752564 	 183.295357 	 39235.476531 	 2174052637.772586 
12332 	 6.889091 	 197.339378 	 43008.035397 	 2399196063.827490 
12333 	 -184.358973 	 191.618118 	 42185.625515 	 2424076661.932288 
12334 	 -104.697687 	 157.660213 	 32304.441872 	 1725554974.397893 
12335 	 190.473720 	 191.683316 	 41557.049042 	 2277733029.520084 
12336 	 127.999232 	 188.577068 	 40679.784118 	 2301692312.673936 
12337 	 97.323312 	 178.387362 	 36470.101891 	 1858453107.703621 
12338 	 149.797290 	 171.360491 	 34382.405755 	 1715739758.347167 
12339 	 -179.223290 	 186.949202 	 38947.290373 	 1975993318.847308 
12340 	 65.533162 	 176.954835 	 36477.232860 	 1934261187.973656 
12341 	 88.117969 	 167.718864 	 34490.056443 	 1867120166.500873 
12342 	 -84.131296 	 177.796021 	 36747.159883 	 1924383230.433885 
12343 	 59.623782 	 199.565619 	 43421.710368 	 2379305544.934324 
12344 	 188.040541 	 191.682181 	 41279.137691 	 2279187099.590977 
12345 	 -67.564973 	 178.397097 	 38209.154188 	 2161037270.519171 
12346 	 -36.434764 	 178.858808 	 38232.172353 	 2125747247.573751 
12347 	 17.829293 	 159.171253 	 32574.834294 	 1764892788.967283 
12348 	 -32.177690 	 170.932737 	 35172.583131 	 1868413246.468523 
12349 	 -3.520706 	 181.746380 	 39162.795202 	 2202531110.240292 
12350 	 -76.109662 	 179.539723 	 38802.308914 	 2241703207.589610 
12351 	 94.687753 	 182.241579 	 38956.250082 	 2137740075.490357 
12352 	 209.977224 	 209.977224 	 46926.450908 	 2695628060.748137 
12353 	 197.032396 	 197.213250 	 42645.793862 	 2336876831.552957 
12354 	 198.706573 	 198.714837 	 42710.986542 	 2285978153.698805 
12355 	 -71.066074 	 182.859836 	 38202.688614 	 2025252378.761314 
12356 	 45.493944 	 185.790143 	 39251.727745 	 2095341846.992328 
12357 	 108.076615 	 159.173477 	 30310.730005 	 1385906628.160903 
12358 	 10.243080 	 145.078660 	 26726.881776 	 1212166230.952104 
12359 	 128.053338 	 173.035280 	 36094.543914 	 1930220441.022131 
12360 	 35.466680 	 159.942511 	 32074.036931 	 1663706982.372108 
12361 	 -69.294911 	 164.506412 	 32862.686704 	 1638432766.418850 
12362 	 -61.996950 	 194.330304 	 42409.380190 	 2364708262.343055 
12363 	 -68.026757 	 168.280401 	 34177.016742 	 1770944667.218853 
12364 	 141.032400 	 179.442066 	 38389.035003 	 2124767465.052253 
12365 	 -138.930701 	 174.533693 	 35752.895574 	 1863466370.092806 
12366 	 76.722392 	 195.815147 	 43620.303453 	 2539517658.994670 
12367 	 -191.858566 	 192.728561 	 40937.316083 	 2159953207.996661 
12368 	 -85.464108 	 188.179047 	 40923.929782 	 2341244713.605439 
12369 	 107.362543 	 179.898656 	 37768.869225 	 2023201297.905203 
12370 	 68.751571 	 170.021052 	 35496.104479 	 1964052256.102225 
12371 	 42.284930 	 169.371975 	 34174.740308 	 1701889237.603376 
12372 	 -15.786233 	 177.887776 	 37122.167294 	 1989327407.392056 
12373 	 133.245511 	 185.679667 	 39404.125920 	 2105233458.195909 
12374 	 -112.062556 	 183.491035 	 39828.529942 	 2254298248.471209 
12375 	 70.782757 	 163.675274 	 33264.681217 	 1752752507.343919 
12376 	 164.577121 	 170.408041 	 35035.836643 	 1838960819.656191 
12377 	 -46.909364 	 194.967291 	 43143.014512 	 2493397053.401574 
12378 	 97.127264 	 179.882583 	 37953.541392 	 2086848448.548055 
12379 	 -2.442289 	 177.638641 	 37187.051802 	 2003208149.253152 
12380 	 129.278698 	 180.005020 	 37043.227749 	 1883382138.315824 
12381 	 95.392581 	 181.651556 	 37760.910160 	 1949090767.636776 
12382 	 -109.577669 	 179.644583 	 38042.901263 	 2098882154.888284 
12383 	 115.223308 	 184.481147 	 39760.304874 	 2227090924.183675 
12384 	 -138.985522 	 185.723149 	 39129.265451 	 2096677625.253269 
12385 	 -153.428055 	 175.586106 	 36834.239847 	 1992326291.501920 
12386 	 32.946161 	 170.234905 	 34972.032795 	 1788812443.431178 
12387 	 -42.934867 	 174.802384 	 35735.332742 	 1822052738.175095 
12388 	 125.440726 	 158.253786 	 31906.326689 	 1701524614.497036 
12389 	 -91.729906 	 173.748785 	 36409.091133 	 2004242721.274606 
12390 	 -128.371145 	 207.615655 	 46760.933110 	 2700814973.127465 
12391 	 -51.103245 	 166.215931 	 34091.816527 	 1820581919.484987 
12392 	 102.141568 	 172.212037 	 34233.209138 	 1707767492.626698 
12393 	 38.237445 	 190.486664 	 41294.545581 	 2286145287.427589 
12394 	 -106.770567 	 143.500919 	 26014.953321 	 1125836525.896648 
12395 	 -17.338235 	 154.271972 	 29358.543769 	 1361801693.103633 
12396 	 73.856853 	 161.686721 	 32391.417926 	 1637452561.206407 
12397 	 -104.024976 	 168.717315 	 33967.210881 	 1707035253.696565 
12398 	 -153.342871 	 164.829131 	 33668.091778 	 1740304376.553905 
12399 	 60.156622 	 175.491529 	 36240.962986 	 1885501940.424399 
12400 	 111.617935 	 185.638586 	 39880.905118 	 2200972261.366842 
12401 	 124.644023 	 179.774085 	 38849.787729 	 2234787737.819855 
12402 	 -74.380900 	 182.412569 	 38648.359748 	 2108778811.532590 
12403 	 -82.775016 	 194.320057 	 42441.147616 	 2382076668.456366 
12404 	 73.675222 	 171.500309 	 35409.936831 	 1871494500.468611 
12405 	 -51.924588 	 154.772271 	 30510.327265 	 1545626482.148644 
12406 	 -196.080993 	 197.128618 	 44007.388649 	 2617627996.821979 
12407 	 -27.359683 	 171.746397 	 34860.398060 	 1770766287.569585 
12408 	 70.162085 	 184.676794 	 39980.288613 	 2243778904.467311 
12409 	 -66.518043 	 163.686062 	 33059.387816 	 1716598736.561095 
12410 	 7.493752 	 188.682211 	 40800.419497 	 2279489834.204173 
12411 	 -61.997483 	 170.256590 	 35047.487212 	 1903018985.116124 
12412 	 43.136038 	 176.007653 	 36329.376921 	 1871500618.303397 
12413 	 19.474821 	 164.793648 	 33466.307280 	 1768726493.822836 
12414 	 -13.423477 	 164.879442 	 33009.792378 	 1689033490.319232 
12415 	 -59.190211 	 153.541166 	 29870.009958 	 1503478448.854668 
12416 	 -127.251274 	 190.440549 	 41196.056291 	 2329380417.426979 
12417 	 33.698363 	 155.021078 	 30563.118772 	 1556729249.835559 
12418 	 -108.965248 	 194.650142 	 41913.103245 	 2284670885.872376 
12419 	 40.769940 	 172.869690 	 35557.687949 	 1858030209.840667 
12420 	 165.957950 	 177.779988 	 37189.174683 	 1967959304.899736 
12421 	 72.314409 	 171.449001 	 35196.724574 	 1878490065.258494 
12422 	 103.483019 	 167.355701 	 32904.079913 	 1589625117.258210 
12423 	 -23.516694 	 190.158185 	 41217.521924 	 2313968334.662968 
12424 	 39.915528 	 163.703274 	 33436.741490 	 1729581895.642272 
12425 	 -182.026272 	 187.291849 	 40033.904279 	 2180539745.448514 
12426 	 59.505720 	 171.874891 	 34354.677155 	 1694155519.215140 
12427 	 106.642159 	 161.613509 	 31904.365387 	 1630729627.369907 
12428 	 -71.147764 	 179.080312 	 36383.941478 	 1790538930.003627 
12429 	 -9.985604 	 161.585957 	 31422.274588 	 1531090187.105087 
12430 	 83.738376 	 181.147597 	 38477.992983 	 2103265382.281949 
12431 	 -99.660912 	 173.665407 	 35776.200999 	 1903613538.671515 
12432 	 -64.302501 	 160.844257 	 31920.467904 	 1588630349.504750 
12433 	 -58.822923 	 170.822459 	 35626.058448 	 1976314732.421007 
12434 	 177.449409 	 187.755014 	 40317.846989 	 2211275280.485649 
12435 	 15.590347 	 176.527358 	 36384.648184 	 1868978698.227952 
12436 	 -150.255545 	 182.878822 	 38980.554525 	 2135918263.599217 
12437 	 -156.029133 	 184.161753 	 39017.435231 	 2079782334.000757 
12438 	 -108.669830 	 182.590532 	 38278.645837 	 2053324712.962396 
12439 	 -55.534620 	 166.353523 	 33845.501535 	 1752811605.416198 
12440 	 -3.515718 	 169.471876 	 35324.803621 	 1932436956.266537 
12441 	 92.345012 	 156.574881 	 30422.436338 	 1476528183.546908 
12442 	 -135.713334 	 185.248135 	 38899.842080 	 2039795794.590530 
12443 	 -31.372986 	 174.296647 	 34934.559400 	 1721016176.146996 
12444 	 120.318478 	 184.538701 	 39277.119656 	 2156089862.970979 
12445 	 -46.894854 	 165.808324 	 33729.265606 	 1748763806.568436 
12446 	 48.446966 	 181.529885 	 38836.861996 	 2168583147.398641 
12447 	 184.354787 	 185.474500 	 40180.333866 	 2261017569.886955 
12448 	 36.348136 	 173.472053 	 35709.837932 	 1895276203.708725 
12449 	 46.826921 	 181.753241 	 37336.523739 	 1889442493.209814 
12450 	 -151.788276 	 191.361544 	 41348.543916 	 2301057507.558060 
12451 	 -25.698340 	 172.671084 	 35032.793676 	 1771008786.450051 
12452 	 142.910325 	 185.162772 	 39080.619588 	 2080016901.095824 
12453 	 37.946804 	 198.155127 	 43541.744905 	 2453609622.688925 
12454 	 -54.411620 	 167.698174 	 34425.105937 	 1820468725.979752 
12455 	 -27.257877 	 173.518844 	 35808.578058 	 1923869036.376411 
12456 	 -159.530613 	 162.422189 	 32875.680280 	 1729484702.288992 
12457 	 119.595032 	 174.470085 	 35431.916566 	 1759528720.615215 
12458 	 114.124600 	 185.384198 	 40338.638360 	 2325598706.563853 
12459 	 86.205352 	 153.014371 	 29753.980003 	 1516220868.254788 
12460 	 -23.573750 	 171.883484 	 35718.015093 	 1944459915.649394 
12461 	 -38.510300 	 176.314491 	 36611.706202 	 1940005633.395292 
12462 	 155.949503 	 177.564144 	 37278.296109 	 1999929056.511642 
12463 	 12.598609 	 169.399692 	 34979.822596 	 1855306824.490971 
12464 	 90.669385 	 171.670008 	 34517.429454 	 1713921755.490743 
12465 	 133.586275 	 186.360500 	 38592.711540 	 1939210450.790054 
12466 	 24.492543 	 180.832242 	 37639.347148 	 1971574151.206935 
12467 	 35.704122 	 180.777530 	 38110.871639 	 2065938155.112584 
12468 	 23.279413 	 191.954080 	 42278.134241 	 2379256040.970870 
12469 	 17.734108 	 173.678471 	 36612.095190 	 2017460339.057203 
12470 	 146.411238 	 192.188229 	 40379.051812 	 2084991110.876757 
12471 	 -73.327469 	 191.779394 	 41715.721360 	 2357072802.846275 
12472 	 -132.785383 	 176.243019 	 35832.775628 	 1816360813.423472 
12473 	 38.988221 	 190.195893 	 40869.779348 	 2236690826.367664 
12474 	 54.488589 	 176.523687 	 37147.590055 	 2054283075.154074 
12475 	 7.806339 	 140.407148 	 26455.108759 	 1266934942.178114 
12476 	 23.110174 	 191.723966 	 41208.156467 	 2245587200.808417 
12477 	 -31.260922 	 186.811978 	 38332.882428 	 1885558841.067962 
12478 	 -61.271205 	 164.487271 	 33570.476231 	 1794974964.160863 
12479 	 -141.137303 	 195.060125 	 42897.815970 	 2440282061.417141 
12480 	 11.752705 	 171.612846 	 35334.221642 	 1873072139.887178 
12481 	 -57.126137 	 192.955970 	 42228.773578 	 2409766991.818716 
12482 	 -10.515441 	 176.661267 	 34965.347403 	 1635980265.104361 
12483 	 33.669174 	 187.798935 	 39364.513241 	 2095178107.226729 
12484 	 111.627760 	 179.771429 	 37168.846914 	 1905085500.669523 
12485 	 -80.598093 	 162.948910 	 33145.480144 	 1720368325.876292 
12486 	 -32.678960 	 198.337570 	 44005.561223 	 2529745736.150556 
12487 	 -158.491868 	 196.416968 	 42632.775220 	 2340841869.981065 
12488 	 44.021916 	 168.166342 	 34084.121572 	 1771035929.302206 
12489 	 -185.555736 	 189.101760 	 40377.647382 	 2200140400.074926 
12490 	 92.915713 	 174.209788 	 35945.149941 	 1912166226.600365 
12491 	 86.283989 	 175.683046 	 35716.731429 	 1813484318.454706 
12492 	 104.056170 	 170.523819 	 36023.192781 	 1996036251.709262 
12493 	 -63.644569 	 191.099819 	 41192.272323 	 2267293600.596565 
12494 	 74.468591 	 170.210789 	 35677.916695 	 1929669642.283249 
12495 	 105.676078 	 182.709619 	 38594.121305 	 2077958870.071612 
12496 	 31.913105 	 182.162162 	 38087.123458 	 2022987639.511716 
12497 	 -134.717070 	 180.914409 	 37970.985323 	 2036003117.278151 
12498 	 -3.842502 	 164.997774 	 34557.708304 	 1926549930.131957 
12499 	 33.030688 	 182.039279 	 38483.795790 	 2079835816.736630 
12500 	 50.655360 	 173.400742 	 36413.911143 	 1997810727.625593 
12501 	 -32.297723 	 177.886542 	 36857.815003 	 1889326394.698321 
12502 	 -68.317257 	 178.446521 	 37480.099786 	 1990152831.614152 
12503 	 43.809741 	 184.681251 	 39664.566708 	 2198717850.222369 
12504 	 -56.147089 	 159.162271 	 30872.900400 	 1501279658.866297 
12505 	 -179.036455 	 182.813797 	 37950.542035 	 1939991799.711780 
12506 	 63.336389 	 165.683076 	 34247.271071 	 1847828457.470699 
12507 	 -176.426928 	 179.626739 	 37833.512834 	 2049584880.674807 
12508 	 -146.366078 	 172.923351 	 35690.021640 	 1901544156.498740 
12509 	 73.576654 	 170.554206 	 35592.599804 	 1927647450.095924 
12510 	 -75.530307 	 171.381032 	 35052.637011 	 1826059125.647754 
12511 	 -138.380827 	 179.306717 	 37470.189613 	 1991297264.375873 
12512 	 161.175942 	 192.459944 	 42208.970096 	 2366975862.177803 
12513 	 -98.612000 	 174.368129 	 35942.883315 	 1904165876.946014 
12514 	 -71.956258 	 170.317695 	 35068.248477 	 1838156578.938542 
12515 	 -55.837554 	 172.069593 	 35626.494464 	 1924677379.790292 
12516 	 67.114683 	 170.541529 	 35805.983929 	 1978350039.920027 
12517 	 -68.927032 	 171.419508 	 34730.693357 	 1819859173.688233 
12518 	 162.897612 	 181.320421 	 36901.837142 	 1840490559.003266 
12519 	 -89.820704 	 178.888212 	 36451.817716 	 1882406357.322066 
12520 	 55.416429 	 177.057614 	 37698.518175 	 2098688412.737524 
12521 	 -111.265075 	 178.250853 	 37481.922046 	 2023999347.186514 
12522 	 68.761123 	 191.675485 	 42103.256833 	 2415850272.216770 
12523 	 50.689796 	 162.733192 	 32223.939366 	 1589404769.062018 
12524 	 148.444795 	 168.131526 	 34712.788579 	 1836140357.751166 
12525 	 -170.240341 	 175.780594 	 37454.111106 	 2107147629.483200 
12526 	 -54.324980 	 152.566588 	 29607.245726 	 1501766637.043181 
12527 	 -79.439498 	 199.628067 	 44119.628832 	 2513318458.486140 
12528 	 -0.854797 	 185.563917 	 39594.184856 	 2148147937.066303 
12529 	 45.035147 	 153.604325 	 30289.402757 	 1506769462.425713 
12530 	 13.199846 	 198.667954 	 44282.268888 	 2585778466.007227 
12531 	 -86.422465 	 163.033756 	 31617.974250 	 1525587266.860480 
12532 	 109.068832 	 158.907788 	 31685.190827 	 1612653442.477239 
12533 	 67.261527 	 165.175901 	 32991.933531 	 1659932487.411270 
12534 	 -114.060955 	 184.879862 	 38734.266617 	 2030318580.405896 
12535 	 23.376371 	 185.623037 	 39811.875942 	 2181441714.409577 
12536 	 41.624980 	 186.307265 	 40054.573373 	 2233603970.608459 
12537 	 -161.605274 	 179.608605 	 36700.233128 	 1865853030.825974 
12538 	 26.021020 	 158.542490 	 31740.992796 	 1591341772.695465 
12539 	 77.319200 	 169.341216 	 34170.914165 	 1727007857.635633 
12540 	 65.061145 	 169.595546 	 33784.963065 	 1676468733.146760 
12541 	 -42.243386 	 174.041963 	 36049.110623 	 1911861279.548475 
12542 	 -10.101055 	 164.151492 	 32968.166484 	 1667919202.383467 
12543 	 -49.138173 	 173.045369 	 35623.186473 	 1891369662.702127 
12544 	 151.374919 	 176.939977 	 35851.709999 	 1783630684.543493 
12545 	 -114.152910 	 158.945902 	 32504.498313 	 1749311995.010455 
12546 	 20.947546 	 174.687729 	 36877.550617 	 2049019252.458633 
12547 	 -124.928988 	 168.350544 	 34776.173333 	 1864312086.012970 
12548 	 -161.338810 	 163.413862 	 32292.724313 	 1617503862.059178 
12549 	 47.302797 	 182.541310 	 38214.386747 	 2029559290.563198 
12550 	 31.400876 	 159.995576 	 31353.228098 	 1564094228.356712 
12551 	 11.831387 	 203.138223 	 45064.275501 	 2575060328.465928 
12552 	 151.672479 	 161.500539 	 32364.262489 	 1679810893.177917 
12553 	 0.000137 	 154.623564 	 30173.064449 	 1514203924.157815 
12554 	 6.046115 	 161.804331 	 32637.033959 	 1666682261.596743 
12555 	 -90.098828 	 168.997732 	 34810.738693 	 1847780591.160333 
12556 	 -79.775151 	 204.877170 	 45800.199914 	 2649455398.837441 
12557 	 -9.557072 	 158.310866 	 31446.455621 	 1590070394.826284 
12558 	 70.386267 	 160.034025 	 32123.287333 	 1642249997.114880 
12559 	 -67.112188 	 180.948954 	 37925.393217 	 2018812042.380347 
12560 	 -87.287314 	 190.971552 	 41792.651573 	 2385806453.772017 
12561 	 80.513656 	 178.885156 	 37608.299834 	 2021338482.591108 
12562 	 -176.499245 	 194.251040 	 42519.667266 	 2397191823.450276 
12563 	 90.601674 	 161.826052 	 32547.328307 	 1687175596.220817 
12564 	 45.051362 	 159.859530 	 31650.932681 	 1593895204.873920 
12565 	 -16.003206 	 171.396893 	 34733.639756 	 1795177126.274404 
12566 	 -98.373777 	 176.536528 	 36353.513052 	 1888916775.838351 
12567 	 38.626545 	 193.043564 	 41153.545996 	 2148422818.023520 
12568 	 100.485827 	 157.527528 	 32284.135322 	 1745470327.118953 
12569 	 211.049523 	 211.049523 	 48062.507441 	 2895240414.550492 
12570 	 161.408980 	 199.260725 	 44686.360798 	 2654525335.636370 
12571 	 -146.249878 	 177.421172 	 37182.605956 	 1976302207.719183 
12572 	 34.305398 	 167.066262 	 34460.140347 	 1826362394.757792 
12573 	 93.839394 	 170.365741 	 34678.038736 	 1799847245.059326 
12574 	 53.279130 	 150.778619 	 28119.022997 	 1255779813.423998 
12575 	 -8.225696 	 170.133390 	 35581.585367 	 1937236277.644407 
12576 	 78.925556 	 180.538248 	 38007.648787 	 2012985973.205058 
12577 	 -77.662620 	 186.456662 	 39359.869707 	 2136759524.251590 
12578 	 8.946760 	 147.962974 	 27794.141733 	 1310481870.291568 
12579 	 -48.987884 	 183.560121 	 39313.038157 	 2171452741.719328 
12580 	 -23.134103 	 180.458688 	 38668.704786 	 2158917001.505260 
12581 	 28.952024 	 177.069014 	 38221.119576 	 2196590122.314136 
12582 	 -5.961845 	 192.846883 	 42490.022145 	 2409501207.906887 
12583 	 -18.446540 	 157.087738 	 31992.148867 	 1698011624.992963 
12584 	 -28.124279 	 172.855384 	 35020.928169 	 1741998884.956002 
12585 	 -53.586102 	 167.851614 	 35490.330313 	 2001319988.178087 
12586 	 25.348337 	 186.401889 	 40022.429612 	 2235429129.367462 
12587 	 24.841972 	 157.855125 	 30495.191063 	 1514318982.360322 
12588 	 -44.643143 	 136.292937 	 23527.727666 	 975625421.178875 
12589 	 136.349324 	 205.001489 	 45768.799751 	 2622566150.631184 
12590 	 111.894820 	 174.406388 	 36476.316651 	 1963010489.482396 
12591 	 -95.387663 	 185.402736 	 38717.477201 	 2011291210.478734 
12592 	 157.965241 	 175.200381 	 35178.381481 	 1730330286.383796 
12593 	 66.682779 	 175.678224 	 35820.953410 	 1823405355.283429 
12594 	 -93.192569 	 169.612981 	 35381.072800 	 1969969378.051806 
12595 	 -28.871813 	 165.910905 	 33442.148628 	 1728857630.360231 
12596 	 44.704812 	 171.389103 	 35388.143249 	 1911553637.951336 
12597 	 -81.017981 	 182.162197 	 39556.283373 	 2259538292.197565 
12598 	 -100.102977 	 174.811434 	 36191.946088 	 1916630312.448336 
12599 	 -21.391507 	 151.825815 	 30742.596599 	 1623489765.838987 
12600 	 -75.595930 	 184.176976 	 39048.606050 	 2116009670.714271 
12601 	 -101.364313 	 189.767200 	 41455.682761 	 2324630110.125643 
12602 	 -42.148395 	 179.032719 	 37159.592589 	 1962248307.392184 
12603 	 -90.895437 	 181.512713 	 38361.217709 	 2078946196.399920 
12604 	 27.266487 	 171.344267 	 34372.200440 	 1740813801.094186 
12605 	 -14.132057 	 179.870538 	 38156.128642 	 2084183270.885121 
12606 	 155.676501 	 184.604037 	 39657.790303 	 2231734703.778343 
12607 	 -47.034370 	 181.242287 	 38988.332663 	 2259163489.074138 
12608 	 93.395002 	 172.642179 	 35822.583759 	 2008170913.057287 
12609 	 -156.115956 	 181.045883 	 38438.582716 	 2108569388.829425 
12610 	 13.320639 	 171.161159 	 35167.668108 	 1832138715.401663 
12611 	 -38.005329 	 162.230425 	 32567.246225 	 1702383070.909025 
12612 	 -68.291466 	 159.523861 	 31184.144469 	 1528344841.876887 
12613 	 -126.788908 	 169.627444 	 34825.910681 	 1852876272.294818 
12614 	 61.932277 	 184.651262 	 39063.540406 	 2078300781.880790 
12615 	 -116.491328 	 178.153737 	 37116.691431 	 1974511130.338284 
12616 	 173.916717 	 177.455034 	 36708.683725 	 1914788035.248008 
12617 	 33.429941 	 162.208866 	 32585.452892 	 1677111703.666012 
12618 	 -67.213626 	 162.939111 	 32217.531486 	 1618018155.165038 
12619 	 -130.404077 	 177.048846 	 37043.601808 	 1948518542.312987 
12620 	 -58.927300 	 175.311346 	 36912.796430 	 1996481363.220683 
12621 	 -6.840176 	 148.568711 	 28017.092313 	 1301971643.590261 
12622 	 85.460771 	 168.855522 	 34148.444183 	 1764994900.804274 
12623 	 61.171740 	 191.723076 	 42037.541314 	 2425649227.705616 
12624 	 -113.020723 	 172.474235 	 35286.314703 	 1845921617.416419 
12625 	 34.602917 	 184.283013 	 38509.519148 	 2018210862.497243 
12626 	 147.271378 	 187.022784 	 40759.050871 	 2338690769.135578 
12627 	 2.074734 	 169.131239 	 33812.986384 	 1689248774.793208 
12628 	 -135.211900 	 177.722610 	 37465.103414 	 2031746540.588635 
12629 	 -64.475141 	 183.313494 	 38386.963152 	 2007461451.229943 
12630 	 -50.992787 	 177.589097 	 37645.433943 	 2073501417.163500 
12631 	 -186.258696 	 186.285060 	 38387.493284 	 1968825512.462396 
12632 	 -21.518974 	 177.959867 	 38181.793305 	 2103723039.273373 
12633 	 -171.494778 	 186.887056 	 40403.384873 	 2234008962.164530 
12634 	 -90.506261 	 187.321599 	 39563.615206 	 2105596706.155302 
12635 	 122.715522 	 182.907943 	 38833.063811 	 2160486923.952548 
12636 	 149.623088 	 160.266888 	 30869.001054 	 1463572173.184241 
12637 	 -73.256633 	 166.000814 	 33925.159749 	 1766812624.759101 
12638 	 133.421767 	 187.622180 	 40501.203323 	 2275334801.676498 
12639 	 -42.610497 	 180.773326 	 38046.000269 	 2039324187.343770 
12640 	 81.556831 	 175.776517 	 36979.732987 	 2011818965.263286 
12641 	 -116.634116 	 169.605005 	 33721.589302 	 1666751784.164970 
12642 	 -83.158301 	 168.064489 	 35098.877455 	 1920425065.632331 
12643 	 -100.326456 	 137.406678 	 25366.120502 	 1165233514.874516 
12644 	 -156.247869 	 166.143051 	 32511.585842 	 1558976446.655558 
12645 	 -32.158346 	 172.163216 	 35973.633514 	 1985844149.599899 
12646 	 -140.110851 	 164.500367 	 32427.616944 	 1572079550.469994 
12647 	 135.347631 	 180.688561 	 38191.560828 	 2095922545.134742 
12648 	 173.291170 	 175.543030 	 36272.531203 	 1920008741.762986 
12649 	 188.981803 	 189.902340 	 40459.585824 	 2163949646.184262 
12650 	 51.012337 	 179.342140 	 38216.671902 	 2109596569.957545 
12651 	 50.450614 	 189.910129 	 41220.544270 	 2299071162.498931 
12652 	 67.378038 	 175.849440 	 36450.504729 	 1891163353.499703 
12653 	 -9.975932 	 170.671375 	 34650.464438 	 1788267967.020473 
12654 	 75.363840 	 158.789234 	 31310.496505 	 1559444246.012555 
12655 	 -140.722816 	 189.235187 	 39951.328510 	 2070224400.921697 
12656 	 -95.867225 	 174.981313 	 36381.265592 	 1962403338.065107 
12657 	 -2.715124 	 166.738712 	 33424.886900 	 1692372980.191138 
12658 	 -76.794568 	 165.974314 	 33543.105237 	 1726767744.340893 
12659 	 48.000546 	 179.409188 	 37553.111198 	 2046292901.265313 
12660 	 138.148108 	 194.217670 	 42261.395267 	 2400330361.812340 
12661 	 -104.644819 	 178.305062 	 37938.832232 	 2081711873.542874 
12662 	 15.601585 	 174.895974 	 35959.546829 	 1871275189.929906 
12663 	 141.049585 	 194.155268 	 42984.784933 	 2521075248.420044 
12664 	 73.045709 	 165.524752 	 33477.130391 	 1745763253.095510 
12665 	 167.905201 	 185.725135 	 39992.586248 	 2235851022.541088 
12666 	 -164.643576 	 183.532955 	 39277.985031 	 2153783461.647398 
12667 	 -40.204592 	 177.502865 	 37074.189859 	 2011372158.866704 
12668 	 56.765098 	 188.807312 	 40988.853260 	 2302798990.447857 
12669 	 -105.527216 	 178.015235 	 37211.583426 	 2026602606.580184 
12670 	 -69.205830 	 169.745453 	 34381.882244 	 1755539077.018523 
12671 	 9.435238 	 165.258659 	 32569.127160 	 1597211406.892670 
12672 	 95.824222 	 160.337723 	 32857.617444 	 1878960786.759948 
12673 	 -77.462743 	 160.206335 	 32075.129349 	 1685818014.842446 
12674 	 41.454823 	 179.346550 	 36967.100004 	 1931050727.367670 
12675 	 72.523816 	 195.559251 	 42400.065782 	 2361612822.088421 
12676 	 68.426215 	 195.392113 	 42379.527630 	 2334595289.061959 
12677 	 1.977018 	 185.854302 	 40265.247046 	 2290273643.390950 
12678 	 -99.540904 	 177.395862 	 37263.483441 	 2009176342.111113 
12679 	 -104.119740 	 168.140262 	 34509.497131 	 1864229177.859072 
12680 	 12.135517 	 173.639323 	 35608.714867 	 1860498559.125579 
12681 	 -8.481107 	 152.752877 	 29656.723488 	 1465015676.094719 
12682 	 49.081361 	 167.640191 	 33065.858531 	 1613463912.140492 
12683 	 8.471394 	 172.275631 	 36122.274483 	 2022348470.001651 
12684 	 -46.501593 	 162.633782 	 32913.475684 	 1737369996.174837 
12685 	 -134.703656 	 156.357744 	 30248.035008 	 1461623298.676564 
12686 	 -38.332896 	 145.898038 	 27531.879673 	 1337387885.522878 
12687 	 -23.638050 	 131.849312 	 23848.288970 	 1092795815.338229 
12688 	 137.266207 	 184.337133 	 39445.936097 	 2147602278.908851 
12689 	 108.402237 	 160.376986 	 31738.349122 	 1615564083.286108 
12690 	 -138.984819 	 169.240754 	 34614.418921 	 1810989378.436671 
12691 	 -77.776360 	 163.212088 	 31940.951244 	 1569285070.660811 
12692 	 105.906699 	 172.164887 	 35164.916553 	 1836219115.272775 
12693 	 -60.329114 	 158.580373 	 30967.959600 	 1500710209.975245 
12694 	 -52.819324 	 167.722438 	 34727.160896 	 1876562624.810335 
12695 	 140.017648 	 175.655049 	 35966.245441 	 1854260968.401651 
12696 	 100.417664 	 184.007908 	 39416.619935 	 2246271853.944874 
12697 	 -192.121069 	 194.957098 	 43219.816936 	 2474941832.347406 
12698 	 -17.390866 	 146.424463 	 28685.664429 	 1478913751.222826 
12699 	 -87.821125 	 161.826720 	 31987.466464 	 1582229942.395937 
12700 	 55.147061 	 160.582126 	 31662.828241 	 1576773453.220847 
12701 	 16.508205 	 193.782977 	 41878.914334 	 2307223121.375649 
12702 	 160.693673 	 187.132410 	 40471.304345 	 2261096431.489564 
12703 	 91.855905 	 171.700231 	 35414.564602 	 1856306614.803506 
12704 	 167.617331 	 180.213945 	 37346.588637 	 1931354839.646716 
12705 	 43.427066 	 180.598282 	 38130.472537 	 2055472312.396182 
12706 	 2.204223 	 152.962215 	 28958.322568 	 1383851463.829636 
12707 	 14.652956 	 182.032878 	 38841.884239 	 2125998204.839367 
12708 	 -188.388386 	 188.866687 	 40208.691395 	 2157892120.684777 
12709 	 -0.286975 	 179.804105 	 39184.541134 	 2294186742.311048 
12710 	 127.308067 	 175.635044 	 36870.707212 	 1953527547.870511 
12711 	 194.345535 	 194.441067 	 41904.212308 	 2309833208.026208 
12712 	 -132.744132 	 183.805701 	 39651.168211 	 2266667928.805414 
12713 	 -14.589968 	 181.233676 	 37399.579417 	 1914946575.203297 
12714 	 75.255851 	 152.532142 	 29779.511592 	 1467030856.863951 
12715 	 72.105928 	 168.734702 	 33400.760640 	 1643507773.251988 
12716 	 -82.425242 	 171.307820 	 34201.803002 	 1702994572.977088 
12717 	 -5.508230 	 171.663034 	 35344.729191 	 1839610936.967812 
12718 	 -52.837691 	 152.859302 	 30335.374239 	 1607376425.834429 
12719 	 58.792775 	 184.244690 	 39264.355071 	 2168282114.263119 
12720 	 -177.994987 	 197.591694 	 42734.883116 	 2341614289.271060 
12721 	 -38.911591 	 176.854544 	 37074.935984 	 2016217299.330437 
12722 	 -66.828454 	 170.661267 	 34221.917189 	 1695231422.524826 
12723 	 2.038713 	 183.467557 	 38733.233383 	 2103264511.039583 
12724 	 -10.882935 	 155.628182 	 30952.277640 	 1606564191.987124 
12725 	 153.033298 	 187.318559 	 40531.432910 	 2267340758.062032 
12726 	 167.903125 	 186.693052 	 39568.453250 	 2209212325.833918 
12727 	 77.127081 	 182.745661 	 38639.462473 	 2076459283.273310 
12728 	 -90.832861 	 154.204947 	 30202.853739 	 1561174632.763847 
12729 	 93.478044 	 161.533991 	 32057.106170 	 1605041531.326307 
12730 	 -103.706480 	 164.274543 	 32663.849274 	 1629595010.824157 
12731 	 154.736123 	 178.542316 	 37326.596875 	 1993690826.887468 
12732 	 -15.540081 	 196.829237 	 43511.124768 	 2458656098.878733 
12733 	 -135.144036 	 190.778171 	 42376.793699 	 2545417865.837326 
12734 	 -51.412897 	 180.321596 	 37811.112114 	 2044347658.395739 
12735 	 -11.308224 	 176.689158 	 36212.541804 	 1891689691.184304 
12736 	 41.449172 	 160.195976 	 31629.397945 	 1611677222.710084 
12737 	 30.024027 	 165.829851 	 33814.848637 	 1792769175.658375 
12738 	 -70.083882 	 143.050327 	 26375.019503 	 1203000521.785579 
12739 	 -96.282082 	 165.758265 	 32996.221802 	 1672959262.619554 
12740 	 -178.997992 	 196.775518 	 42348.434891 	 2266537105.832206 
12741 	 -142.108954 	 185.544745 	 40101.379232 	 2253499716.196531 
12742 	 -86.066085 	 184.473101 	 39325.179490 	 2179071659.064084 
12743 	 -87.062970 	 172.476520 	 35383.798185 	 1817079513.099435 
12744 	 6.297176 	 173.477164 	 34633.797054 	 1687381335.956274 
12745 	 -30.168575 	 169.430563 	 34295.914080 	 1783039614.634616 
12746 	 -131.778444 	 179.477888 	 36859.006308 	 1884990418.596610 
12747 	 -53.540834 	 179.425628 	 37154.620909 	 1948535593.703250 
12748 	 -77.697431 	 169.397169 	 34054.264072 	 1710083735.359916 
12749 	 -49.842913 	 166.573390 	 33766.247432 	 1722242818.897536 
12750 	 21.210894 	 154.417657 	 29780.343697 	 1450788129.078521 
12751 	 135.336703 	 172.448707 	 35126.655448 	 1804434992.145734 
12752 	 -38.941398 	 180.175563 	 37867.138248 	 2033797117.355111 
12753 	 -86.494190 	 182.110667 	 37799.511499 	 1959119139.762109 
12754 	 62.261472 	 149.908813 	 28064.921496 	 1287697889.618750 
12755 	 64.149092 	 171.197898 	 34476.631090 	 1736655753.865802 
12756 	 -78.285334 	 171.775912 	 36141.692956 	 2015393690.173616 
12757 	 -96.731965 	 169.691711 	 35739.776966 	 2009817684.617432 
12758 	 -95.080911 	 192.395992 	 42305.057796 	 2396926359.889282 
12759 	 -99.490202 	 183.853651 	 39053.629819 	 2130281009.217449 
12760 	 -9.656677 	 195.742002 	 43263.509710 	 2450746749.185214 
12761 	 56.984880 	 170.076409 	 32890.436544 	 1503568991.884961 
12762 	 -78.025936 	 184.206789 	 39069.509049 	 2113785203.326549 
12763 	 179.353250 	 187.202408 	 39928.469214 	 2196591283.969787 
12764 	 -90.565022 	 174.959696 	 36878.523634 	 2050883172.455160 
12765 	 144.272917 	 178.037379 	 37001.087771 	 1965516096.229275 
12766 	 81.845174 	 180.448299 	 36784.971117 	 1837634843.678097 
12767 	 -16.549786 	 165.305074 	 32720.409710 	 1604259215.107593 
12768 	 -114.633156 	 166.767621 	 33262.558524 	 1645539892.367077 
12769 	 39.105542 	 197.119171 	 43644.589736 	 2520627609.440992 
12770 	 -140.990647 	 191.534646 	 41227.827037 	 2269722127.569535 
12771 	 44.563586 	 154.440575 	 30857.386621 	 1625779693.788543 
12772 	 57.809407 	 190.674707 	 40721.925815 	 2209441586.885375 
12773 	 -6.355899 	 185.829674 	 39468.851050 	 2144782285.829259 
12774 	 -138.054445 	 163.704800 	 33242.413155 	 1757693457.093398 
12775 	 152.039709 	 184.904149 	 39489.195353 	 2125927823.114736 
12776 	 16.494143 	 159.655243 	 31693.618001 	 1615006896.472119 
12777 	 -57.079863 	 185.701334 	 40617.204231 	 2328341573.291287 
12778 	 72.193938 	 176.135351 	 36028.357041 	 1851733889.533745 
12779 	 -20.499440 	 166.447946 	 33268.301485 	 1658723914.870380 
12780 	 60.605785 	 177.164309 	 36869.525695 	 1978009110.258162 
12781 	 -155.883793 	 180.498042 	 37509.362801 	 1973821225.873104 
12782 	 12.675651 	 181.207444 	 38788.305342 	 2175352174.113083 
12783 	 195.483489 	 203.444519 	 46389.073950 	 2802432686.879309 
12784 	 -129.176122 	 162.821718 	 32749.710088 	 1697177160.387630 
12785 	 -91.280275 	 172.971322 	 34794.877000 	 1774411109.936630 
12786 	 -136.716547 	 205.089356 	 46077.666996 	 2681986589.718657 
12787 	 36.750175 	 147.468353 	 28140.922669 	 1361992167.383878 
12788 	 -143.039765 	 188.857553 	 40007.656166 	 2147424922.117261 
12789 	 -113.356035 	 187.343174 	 39598.208089 	 2137573122.034581 
12790 	 -128.812730 	 177.748203 	 36754.742944 	 1943087250.816269 
12791 	 4.576784 	 168.212373 	 34850.912698 	 1876116922.683114 
12792 	 -103.387777 	 178.552170 	 37138.242198 	 1984443532.117677 
12793 	 -78.049894 	 170.299525 	 35339.679426 	 1913012979.379208 
12794 	 -132.686155 	 183.226702 	 38785.755656 	 2067359618.218087 
12795 	 40.243348 	 191.324771 	 41661.825968 	 2359454261.332539 
12796 	 -33.946855 	 174.206853 	 36765.636536 	 2034382663.414981 
12797 	 91.997204 	 153.515773 	 29893.474946 	 1465941106.729137 
12798 	 -86.229820 	 184.315694 	 38921.725706 	 2102807111.218351 
12799 	 -198.205319 	 199.841091 	 43621.115172 	 2398140597.026071 
12800 	 135.146767 	 147.858777 	 28058.549623 	 1356754558.555549 
12801 	 121.816342 	 167.130997 	 34401.977076 	 1823702233.761404 
12802 	 109.987163 	 200.761089 	 45825.841936 	 2736816997.335488 
12803 	 183.773909 	 185.741671 	 40342.115770 	 2303757548.553381 
12804 	 47.145761 	 182.002911 	 37927.308380 	 1993292713.333714 
12805 	 -86.182246 	 164.920886 	 33435.199276 	 1753612063.378897 
12806 	 -114.132890 	 172.245463 	 35768.559253 	 1915014729.609976 
12807 	 118.455581 	 186.671636 	 40656.716389 	 2280330082.371906 
12808 	 -48.912878 	 159.485695 	 31192.533327 	 1535247268.718189 
12809 	 -179.650409 	 181.042717 	 38412.211558 	 2101555798.145813 
12810 	 -130.649165 	 160.422492 	 31717.730442 	 1576718431.439207 
12811 	 -92.596758 	 148.654511 	 29345.812885 	 1504975839.221143 
12812 	 -16.374417 	 164.073067 	 32666.996156 	 1657273137.953727 
12813 	 148.600504 	 168.776944 	 34853.819000 	 1893718580.907804 
12814 	 41.784984 	 171.641668 	 35083.729734 	 1825762905.114710 
12815 	 17.562446 	 175.066034 	 35871.070817 	 1830698006.035312 
12816 	 -15.355307 	 161.522352 	 32616.841381 	 1698745387.457552 
12817 	 -21.001632 	 152.189221 	 30580.562154 	 1639074831.302372 
12818 	 44.128265 	 156.930689 	 31026.430930 	 1563286882.432713 
12819 	 80.438188 	 152.384376 	 29969.968195 	 1532396713.745617 
12820 	 132.311771 	 158.997039 	 31575.248957 	 1666199302.931668 
12821 	 -182.322561 	 185.924495 	 38916.308549 	 2069128420.023757 
12822 	 0.239915 	 157.572823 	 29923.087970 	 1416082631.861972 
12823 	 107.011229 	 174.120516 	 35495.098612 	 1795807552.372744 
12824 	 -117.239361 	 172.840294 	 36264.246436 	 1971619075.627228 
12825 	 61.473230 	 152.145403 	 29704.579531 	 1441797828.222344 
12826 	 -49.338015 	 176.653061 	 36972.231885 	 2037337080.072906 
12827 	 -154.579087 	 177.719000 	 36695.382981 	 1882995885.590984 
12828 	 -57.306877 	 162.059808 	 32461.161990 	 1678291023.618048 
12829 	 -188.551870 	 191.487507 	 41247.297530 	 2248549580.616632 
12830 	 -61.987148 	 175.060688 	 36930.405755 	 2028932149.895584 
12831 	 -77.039908 	 180.094452 	 38510.863391 	 2124517722.810369 
12832 	 -164.036336 	 168.169577 	 34212.386966 	 1760229521.517489 
12833 	 -80.461339 	 173.275209 	 35485.867924 	 1850054902.063984 
12834 	 42.954268 	 168.900492 	 34619.605667 	 1767103338.798942 
12835 	 140.125895 	 174.814564 	 35966.396474 	 1921291413.738928 
12836 	 40.295700 	 170.923173 	 34932.203717 	 1818526480.393424 
12837 	 -164.168255 	 179.113213 	 37458.105017 	 2011714599.922621 
12838 	 26.401131 	 202.768273 	 44725.645988 	 2510599446.693515 
12839 	 -130.389056 	 200.262972 	 44230.949880 	 2483693033.591492 
12840 	 82.581724 	 195.861914 	 42749.692152 	 2430567940.239561 
12841 	 0.661298 	 157.765348 	 31280.645171 	 1608357657.079821 
12842 	 124.691167 	 180.149065 	 37505.358713 	 1949088492.187972 
12843 	 42.379560 	 197.707985 	 43005.967821 	 2395521980.657048 
12844 	 96.002281 	 181.289844 	 38369.997791 	 2087490498.284285 
12845 	 74.473065 	 164.481377 	 32180.354445 	 1538084995.118097 
12846 	 -23.263083 	 174.213852 	 36582.026161 	 1986817900.912027 
12847 	 157.805218 	 166.580483 	 33610.416106 	 1715782116.360282 
12848 	 196.261119 	 196.335267 	 42177.723616 	 2284925233.718599 
12849 	 95.005216 	 156.803330 	 31259.602111 	 1577290340.263849 
12850 	 -67.473185 	 195.557615 	 42096.959743 	 2279385932.420241 
12851 	 29.423907 	 152.531733 	 28948.421694 	 1376937707.388851 
12852 	 25.406983 	 168.215648 	 33561.258714 	 1642210215.453216 
12853 	 72.594022 	 183.427999 	 39476.154400 	 2204654011.751089 
12854 	 111.713983 	 160.705795 	 32788.857007 	 1769970009.501671 
12855 	 -173.361869 	 205.763914 	 46351.063081 	 2675845629.488369 
12856 	 -19.734409 	 165.138065 	 33710.149501 	 1800208031.520958 
12857 	 -56.083601 	 159.957812 	 31388.605363 	 1566691895.342824 
12858 	 48.217832 	 168.844010 	 33914.052532 	 1737376811.638883 
12859 	 -40.729482 	 155.037286 	 31132.762356 	 1599156205.451401 
12860 	 -136.998636 	 160.078990 	 31709.427979 	 1612939063.397025 
12861 	 22.338975 	 157.357380 	 29633.443354 	 1335296952.333701 
12862 	 96.794621 	 178.669827 	 37763.719440 	 2061019927.542044 
12863 	 -129.678862 	 185.198746 	 40783.472248 	 2397436147.295588 
12864 	 -191.783776 	 191.846754 	 40667.945484 	 2182435030.773515 
12865 	 -36.669058 	 166.853493 	 33329.461913 	 1675907625.666121 
12866 	 37.317300 	 182.594464 	 38186.437782 	 1998241946.182130 
12867 	 176.074911 	 187.305442 	 40860.889396 	 2372319845.861923 
12868 	 -125.204267 	 182.936535 	 38716.393758 	 2152908741.820846 
12869 	 31.487911 	 185.200459 	 39069.876598 	 2084629867.519729 
12870 	 -37.945289 	 192.959144 	 42215.294684 	 2372260061.258830 
12871 	 -56.883346 	 163.008093 	 32405.709913 	 1634097148.424192 
12872 	 3.938150 	 174.334336 	 37421.529133 	 2152627501.050951 
12873 	 -177.567744 	 190.781899 	 41011.500512 	 2252802461.082549 
12874 	 16.358487 	 168.874530 	 35224.136125 	 1950056235.708203 
12875 	 -126.625424 	 153.054416 	 30173.613857 	 1508162279.583061 
12876 	 71.076518 	 171.628276 	 35339.300159 	 1848609889.718381 
12877 	 -147.668140 	 184.043214 	 38737.253961 	 2081258283.254163 
12878 	 -37.828621 	 157.056978 	 32160.714779 	 1733395752.139631 
12879 	 16.548217 	 162.565019 	 33414.251342 	 1793144277.909701 
12880 	 152.819727 	 180.658299 	 37378.618755 	 1920267470.920791 
12881 	 -51.489217 	 186.998048 	 40194.378930 	 2235322297.148191 
12882 	 -34.034871 	 163.421326 	 33032.630007 	 1719700557.317880 
12883 	 97.101293 	 173.840107 	 35704.155638 	 1859043307.336255 
12884 	 -163.320095 	 188.127769 	 40441.588459 	 2218165077.620832 
12885 	 -89.490540 	 178.442425 	 38399.281411 	 2191709476.382979 
12886 	 78.142906 	 170.964793 	 34185.208121 	 1696538144.173339 
12887 	 -141.982382 	 186.737134 	 39334.498636 	 2068991288.426758 
12888 	 85.572294 	 172.405165 	 36220.753781 	 1986519625.063496 
12889 	 -5.034573 	 159.287975 	 30509.091634 	 1415775178.643180 
12890 	 -52.277908 	 173.408225 	 35398.259580 	 1816207485.445502 
12891 	 72.282533 	 192.048882 	 41185.841879 	 2218374386.646288 
12892 	 -159.328245 	 185.036456 	 39062.160500 	 2105270059.052603 
12893 	 -108.113036 	 174.280514 	 34944.035535 	 1703763232.130469 
12894 	 57.947554 	 184.468901 	 40298.265530 	 2309834393.776154 
12895 	 -171.002146 	 191.154357 	 41630.659509 	 2337418814.675109 
12896 	 35.876209 	 201.291152 	 45211.607412 	 2686430653.487399 
12897 	 -121.236609 	 162.744885 	 33274.634323 	 1744772373.703845 
12898 	 -45.542348 	 167.568919 	 33603.461348 	 1734598815.014149 
12899 	 -24.874232 	 181.459415 	 38136.890706 	 2042331391.414032 
12900 	 108.968827 	 179.286200 	 37967.921033 	 2073645804.561156 
12901 	 -63.339221 	 196.229046 	 43902.360522 	 2607195445.147571 
12902 	 162.971611 	 172.125881 	 34921.934579 	 1792062649.473788 
12903 	 15.073994 	 143.578174 	 26013.633504 	 1108668043.137743 
12904 	 0.397462 	 156.893130 	 30567.373473 	 1523599062.358205 
12905 	 115.059495 	 163.190878 	 32969.841497 	 1765475841.065793 
12906 	 130.467204 	 194.236310 	 41973.519973 	 2332725363.033304 
12907 	 -193.015442 	 194.566494 	 42467.035279 	 2360154430.606997 
12908 	 8.353764 	 171.160449 	 34069.044604 	 1668854671.228406 
12909 	 -135.037659 	 167.524846 	 33796.848332 	 1698130608.941861 
12910 	 -1.326408 	 166.317288 	 33378.645843 	 1690404431.436332 
12911 	 131.087060 	 174.105278 	 35862.978150 	 1856046257.693271 
12912 	 81.213107 	 173.576829 	 35299.387932 	 1797933258.375746 
12913 	 -120.777013 	 184.246554 	 39215.076554 	 2135551010.603523 
12914 	 -17.642940 	 170.538772 	 36212.600417 	 2063552314.809523 
12915 	 100.692888 	 157.269589 	 30524.512030 	 1486340846.055408 
12916 	 147.160627 	 176.349492 	 36266.562302 	 1894309681.700203 
12917 	 -76.059490 	 155.174229 	 30322.143338 	 1493851314.002744 
12918 	 -15.981046 	 186.111093 	 39495.303729 	 2145433261.577944 
12919 	 117.886940 	 169.754423 	 34153.791686 	 1735313145.996446 
12920 	 -40.433531 	 186.511879 	 39698.851345 	 2125142231.401915 
12921 	 -13.694248 	 172.822072 	 35461.424020 	 1838478610.753804 
12922 	 -13.197476 	 183.237256 	 39540.376853 	 2259430901.730581 
12923 	 -1.864621 	 180.786865 	 38855.187202 	 2148139082.905445 
12924 	 -18.154138 	 172.246826 	 36585.781523 	 2014822092.068417 
12925 	 96.716545 	 172.495843 	 35347.513844 	 1830437531.659156 
12926 	 -123.909812 	 182.744346 	 40191.627609 	 2380208320.809341 
12927 	 88.068347 	 178.096427 	 38091.371015 	 2165854355.675770 
12928 	 70.618584 	 189.185589 	 41330.226426 	 2335008023.978510 
12929 	 81.693498 	 172.715247 	 34774.618935 	 1768382695.032613 
12930 	 193.591236 	 194.007922 	 41945.241637 	 2297861523.882814 
12931 	 -9.465456 	 145.563532 	 28056.019511 	 1413969689.678422 
12932 	 -49.700422 	 168.640182 	 34282.175091 	 1760860428.474188 
12933 	 -102.802328 	 178.600109 	 37375.868742 	 1981712611.321481 
12934 	 26.062038 	 177.006365 	 36754.757354 	 1952324676.947506 
12935 	 20.657976 	 173.761384 	 35479.060978 	 1848671504.635867 
12936 	 -83.554563 	 170.391381 	 35127.871608 	 1865012352.444127 
12937 	 -140.564585 	 184.170059 	 40343.200833 	 2360855714.698196 
12938 	 8.098822 	 150.112253 	 28708.225183 	 1367852789.158433 
12939 	 -12.052145 	 199.511367 	 44531.553116 	 2572858729.406929 
12940 	 26.127338 	 173.096496 	 35848.561775 	 1922441041.400452 
12941 	 -37.339766 	 169.167966 	 34624.412323 	 1834394746.894289 
12942 	 -161.812685 	 187.481444 	 40816.661775 	 2303191506.606746 
12943 	 -203.976453 	 204.001109 	 45270.479024 	 2594986715.840082 
12944 	 -175.089258 	 181.828372 	 37940.597049 	 1995067978.069919 
12945 	 -54.094036 	 185.806926 	 40097.482433 	 2261766243.838282 
12946 	 -126.842011 	 160.196778 	 31052.634831 	 1490727742.764461 
12947 	 60.834226 	 148.566733 	 27442.496441 	 1230935914.407019 
12948 	 151.176118 	 171.090835 	 35106.407578 	 1840237213.351103 
12949 	 -48.140592 	 190.854374 	 40432.434635 	 2161620804.056930 
12950 	 -81.395199 	 165.928472 	 32970.193950 	 1656728602.075650 
12951 	 -62.559438 	 188.110961 	 40862.760920 	 2283211778.086204 
12952 	 30.076921 	 189.609000 	 41155.982513 	 2295037939.252562 
12953 	 59.735065 	 186.029779 	 39506.288857 	 2123018787.056603 
12954 	 -126.089429 	 164.313272 	 32818.734644 	 1665626023.809862 
12955 	 161.585817 	 180.227982 	 36828.780982 	 1847936299.065224 
12956 	 -35.794348 	 189.057663 	 41081.167192 	 2309052200.680582 
12957 	 -41.626914 	 166.949196 	 33338.912650 	 1703616036.448508 
12958 	 -63.822912 	 179.667181 	 38563.657874 	 2201762305.234652 
12959 	 -26.952722 	 183.834576 	 38395.094221 	 1997853150.535212 
12960 	 8.340205 	 171.527280 	 34753.494201 	 1731883175.873298 
12961 	 -42.165331 	 169.562946 	 33653.682023 	 1660912682.203119 
12962 	 -22.197739 	 175.344449 	 37037.376868 	 2025399940.307790 
12963 	 -87.904240 	 175.541314 	 36069.184911 	 1836277109.891619 
12964 	 -162.243810 	 174.402002 	 36409.562688 	 1969109566.031168 
12965 	 -37.735946 	 156.151099 	 31180.110847 	 1650549011.376807 
12966 	 -160.791514 	 169.894296 	 34923.634922 	 1863480376.129484 
12967 	 -61.102743 	 178.599151 	 37664.101892 	 2019312985.825821 
12968 	 155.862681 	 179.732985 	 37470.608886 	 1950041655.684814 
12969 	 184.956562 	 200.701396 	 44256.456371 	 2521337699.070128 
12970 	 59.039499 	 165.995431 	 32311.903048 	 1545825456.818725 
12971 	 29.388844 	 172.235000 	 35198.480401 	 1849329215.313440 
12972 	 -33.779765 	 181.988748 	 38936.420072 	 2159511374.489103 
12973 	 51.338648 	 170.004541 	 34869.092418 	 1836262470.546494 
12974 	 91.475125 	 186.165534 	 39328.805740 	 2133125399.453624 
12975 	 -50.870693 	 175.352821 	 35893.624000 	 1818407957.778953 
12976 	 22.129259 	 145.348746 	 26903.520189 	 1231199411.068902 
12977 	 -3.379663 	 164.549064 	 33786.282076 	 1804692514.888417 
12978 	 20.277392 	 182.374584 	 39214.009598 	 2209387329.609271 
12979 	 60.326694 	 177.249787 	 37145.350091 	 2041571786.367797 
12980 	 -16.655950 	 181.274220 	 38435.447317 	 2110004104.708575 
12981 	 125.642280 	 192.464502 	 41313.695665 	 2258220725.035857 
12982 	 -74.035607 	 144.042123 	 27208.569942 	 1277053467.039337 
12983 	 115.396218 	 175.699315 	 36658.819392 	 1982476567.812881 
12984 	 -112.299630 	 178.901795 	 37565.630589 	 2006060451.458946 
12985 	 -153.523256 	 183.256141 	 39200.929833 	 2153561815.879235 
12986 	 -90.739568 	 159.450481 	 32754.185013 	 1765136685.076437 
12987 	 64.742747 	 185.239767 	 40174.856101 	 2291093384.499949 
12988 	 22.737188 	 165.945772 	 32599.922910 	 1608467618.402749 
12989 	 23.115007 	 190.098787 	 41227.114198 	 2284361728.670915 
12990 	 -175.182574 	 193.268510 	 41652.342836 	 2269986596.629676 
12991 	 -55.854611 	 167.565445 	 33889.133246 	 1720345650.787236 
12992 	 28.831466 	 163.365468 	 33454.487919 	 1767828716.475987 
12993 	 123.033422 	 174.677352 	 34405.522518 	 1635114994.240643 
12994 	 -80.534905 	 180.416599 	 38137.967329 	 2039039290.969450 
12995 	 34.091344 	 180.730100 	 38511.085061 	 2134999966.622659 
12996 	 71.164065 	 177.720408 	 36924.649241 	 1941270213.491468 
12997 	 -81.377537 	 151.530497 	 28995.779279 	 1399264937.644942 
12998 	 25.337197 	 174.540652 	 36681.545938 	 2038300421.801375 
12999 	 -101.843605 	 180.227494 	 38447.766534 	 2153455725.437695 
13000 	 -68.993903 	 174.124497 	 35557.672965 	 1838126219.491898 

%ACCRATE = 0.895191
