%%%%%%%%%%%%%%%%%%%%%%%%%%%%%%%%%%%%%%%%%%%%%%%%%%%%%%%%%%%%%%%%%%%%%%%%%%%
%SIMULAZIONE D = 3, L = 8, V = 512
%NUMERO DI MISURE PER OGNI naccu: T = 1000
%%%%%%%%%%%%%%%%%%%%%%%%%%%%%%%%%%%%%%%%%%%%%%%%%%%%%%%%%%%%%%%%%%%%%%%%%%%
%naccu = 32
%%%%%%%%%%%%%%%%%%%%%%%%%%%%%%%%%%%%%%%%%%%%%%%%%%%%%%%%%%%%%%%%%%%%%%%%%%%

%%%%%%%%%%%%%%%%%%%%%%%%%%%%%%%%%%%%%%%%%%%%%%%%%%%%%%%%%%%%%%%%%%%%%%%%%%%

5001 	 -261.648886 	 261.648886 	 68728.309231 	 4796756448.966742 
5002 	 -258.037572 	 258.037572 	 67816.328367 	 4915828452.030107 
5003 	 -216.502632 	 216.502632 	 47522.668919 	 2386505436.069534 
5004 	 -271.545380 	 271.545380 	 74008.240131 	 5559265611.797558 
5005 	 -242.675965 	 242.675965 	 60390.645090 	 3994851388.854072 
5006 	 -218.871883 	 218.871883 	 48479.038344 	 2462287032.203013 
5007 	 -210.109323 	 210.109323 	 44543.791353 	 2052258472.638852 
5008 	 -195.757161 	 195.757161 	 38681.285460 	 1549845427.987362 
5009 	 -219.246204 	 219.246204 	 49775.722253 	 2808076460.551622 
5010 	 -98.196420 	 98.196420 	 11073.496975 	 186187823.195042 
5011 	 -111.875800 	 111.875800 	 13042.978590 	 195502545.099148 
5012 	 -69.281515 	 69.281515 	 5185.664863 	 34031446.986368 
5013 	 -26.418700 	 36.622184 	 1956.819457 	 8510382.971946 
5014 	 76.065744 	 77.237520 	 9086.050868 	 169193134.373995 
5015 	 120.018010 	 120.018010 	 14926.263026 	 251193507.935752 
5016 	 178.556257 	 178.556257 	 33987.441835 	 1394457325.011030 
5017 	 198.819478 	 198.819478 	 41395.029330 	 1984054491.875411 
5018 	 119.546156 	 119.546156 	 15846.599001 	 339288039.860706 
5019 	 125.279022 	 125.279022 	 16076.278105 	 282624438.151798 
5020 	 184.586689 	 184.586689 	 35654.180498 	 1481541989.670603 
5021 	 249.892967 	 249.892967 	 63621.454636 	 4325115408.393046 
5022 	 309.362907 	 309.362907 	 96149.068901 	 9409992932.841787 
5023 	 265.754884 	 265.754884 	 71068.834504 	 5173077256.116722 
5024 	 277.244253 	 277.244253 	 77217.424288 	 6070857909.675124 
5025 	 181.194329 	 181.194329 	 34337.691344 	 1425827400.530754 
5026 	 57.952193 	 63.944321 	 5849.391109 	 70459219.460103 
5027 	 108.926817 	 109.294411 	 14081.535856 	 296387938.687926 
5028 	 222.217299 	 222.217299 	 50543.034771 	 2796442365.695378 
5029 	 269.379626 	 269.379626 	 74641.939084 	 6139205938.845002 
5030 	 258.433313 	 258.433313 	 67438.969949 	 4699590356.682464 
5031 	 193.946931 	 193.946931 	 38159.626057 	 1536527895.163883 
5032 	 221.354722 	 221.354722 	 49409.375576 	 2526332928.136963 
5033 	 205.110949 	 205.110949 	 43026.417246 	 2007780497.817131 
5034 	 144.243028 	 144.243028 	 21452.203058 	 514039427.027616 
5035 	 220.785068 	 220.785068 	 49525.268283 	 2597569433.647777 
5036 	 187.620052 	 187.620052 	 35959.764944 	 1397757078.309121 
5037 	 168.029961 	 168.029961 	 28767.047340 	 890112944.579026 
5038 	 212.610976 	 212.610976 	 46264.322540 	 2343722259.605598 
5039 	 182.915792 	 182.915792 	 34810.019362 	 1396815931.945750 
5040 	 245.096838 	 245.096838 	 60480.378444 	 3756084807.181770 
5041 	 207.273484 	 207.273484 	 43457.158105 	 1976888912.082996 
5042 	 181.347147 	 181.347147 	 34288.017068 	 1354143377.960675 
5043 	 177.860187 	 177.860187 	 32927.127096 	 1243839385.973331 
5044 	 203.763729 	 203.763729 	 41852.515914 	 1805493212.730048 
5045 	 229.136228 	 229.136228 	 52727.859619 	 2827191798.896753 
5046 	 232.962233 	 232.962233 	 54977.996434 	 3175763353.849892 
5047 	 177.099243 	 177.099243 	 32134.565677 	 1120610578.677410 
5048 	 179.903545 	 179.903545 	 34834.537007 	 1533406825.339203 
5049 	 214.155310 	 214.155310 	 46985.428818 	 2412644829.002310 
5050 	 184.733225 	 184.733225 	 35396.770133 	 1412115900.108580 
5051 	 102.381813 	 102.381813 	 12400.777221 	 233103484.704155 
5052 	 68.731318 	 69.943560 	 5812.054761 	 51674101.050990 
5053 	 46.788338 	 48.747916 	 2839.292851 	 13245142.871386 
5054 	 -122.257110 	 122.257110 	 16280.003665 	 315030478.482994 
5055 	 -155.503647 	 155.503647 	 24973.137738 	 702044483.609406 
5056 	 -143.004983 	 143.004983 	 21192.843177 	 507839293.578678 
5057 	 -87.741446 	 87.741446 	 8128.350642 	 79109865.558290 
5058 	 -131.874572 	 131.874572 	 19210.330209 	 480340834.559477 
5059 	 -145.326755 	 145.326755 	 22622.384918 	 631776935.506602 
5060 	 -108.642952 	 108.642952 	 13361.076576 	 247695697.720280 
5061 	 -171.458460 	 171.458460 	 30725.675668 	 1079806139.581481 
5062 	 -97.023392 	 104.628824 	 14855.636327 	 367056375.004421 
5063 	 57.012516 	 57.012516 	 4259.610421 	 36157986.528744 
5064 	 9.184027 	 42.324666 	 2555.852748 	 14145074.521538 
5065 	 -71.635254 	 71.635254 	 6000.699857 	 51929903.189288 
5066 	 -50.566889 	 55.730456 	 4152.822510 	 35118458.253116 
5067 	 152.891595 	 152.891595 	 25953.472840 	 871441711.917040 
5068 	 189.969912 	 189.969912 	 36747.403185 	 1454517846.790654 
5069 	 136.557353 	 136.557353 	 19744.329584 	 482225440.102700 
5070 	 225.437881 	 225.437881 	 51633.997347 	 2849388374.653762 
5071 	 263.798492 	 263.798492 	 70131.437069 	 5069630680.355366 
5072 	 185.760542 	 185.760542 	 35174.615535 	 1319443634.689910 
5073 	 181.985092 	 181.985092 	 33603.738629 	 1191531909.445846 
5074 	 183.228181 	 183.228181 	 34561.484360 	 1324384887.945718 
5075 	 175.040862 	 175.040862 	 32844.753710 	 1379370179.782721 
5076 	 215.665335 	 215.665335 	 47334.464859 	 2383699390.605075 
5077 	 228.826679 	 228.826679 	 52776.661062 	 2869506487.814991 
5078 	 252.627710 	 252.627710 	 64394.659130 	 4288887476.178797 
5079 	 247.141700 	 247.141700 	 61511.788684 	 3886751804.102334 
5080 	 233.670896 	 233.670896 	 56654.619174 	 3698889049.127127 
5081 	 202.410966 	 202.410966 	 41255.798731 	 1749297552.394542 
5082 	 138.007274 	 138.007274 	 20676.363632 	 539826775.772146 
5083 	 90.712252 	 90.712252 	 9240.081356 	 116442876.792832 
5084 	 -58.982916 	 63.822024 	 5834.862367 	 61595226.794945 
5085 	 -106.566534 	 106.566534 	 12417.707178 	 205155054.586545 
5086 	 -148.530949 	 148.530949 	 22799.975514 	 580841406.889177 
5087 	 -251.886501 	 251.886501 	 64750.288973 	 4501025951.228369 
5088 	 -216.650340 	 216.650340 	 47696.964110 	 2414043123.225467 
5089 	 -193.242816 	 193.242816 	 37893.635406 	 1516420024.539637 
5090 	 -187.373742 	 187.373742 	 35834.459354 	 1375986591.784553 
5091 	 -179.331814 	 179.331814 	 34177.165846 	 1482320158.209148 
5092 	 -229.148152 	 229.148152 	 53112.001964 	 2947228547.379097 
5093 	 -230.010292 	 230.010292 	 53544.163758 	 2998856297.150411 
5094 	 -210.426314 	 210.426314 	 45414.526731 	 2278750602.092657 
5095 	 -100.498495 	 100.498495 	 11290.004626 	 181662872.364202 
5096 	 -49.036900 	 53.270923 	 3658.459350 	 23459587.662960 
5097 	 39.651470 	 41.357596 	 2651.720208 	 17494176.226159 
5098 	 150.988871 	 150.988871 	 29206.299566 	 1565687272.263156 
5099 	 262.408332 	 262.408332 	 69555.892115 	 5031815180.550330 
5100 	 256.470457 	 256.470457 	 66232.901480 	 4514997185.082899 
5101 	 220.185443 	 220.185443 	 49117.500613 	 2534275228.212378 
5102 	 236.746778 	 236.746778 	 57112.970857 	 3498949311.780060 
5103 	 266.648480 	 266.648480 	 71515.786542 	 5234520654.464569 
5104 	 265.774394 	 265.774394 	 71255.166077 	 5251166154.976312 
5105 	 231.179133 	 231.179133 	 54058.309083 	 3050038190.462341 
5106 	 173.091676 	 173.091676 	 30889.324204 	 1065825143.669488 
5107 	 153.134600 	 153.134600 	 24141.495976 	 656630885.194071 
5108 	 189.473446 	 189.473446 	 36346.093009 	 1387505587.302029 
5109 	 222.010680 	 222.010680 	 50186.837199 	 2695810482.528285 
5110 	 213.959728 	 213.959728 	 46982.771355 	 2420771697.311422 
5111 	 237.719961 	 237.719961 	 57220.799794 	 3431546659.401687 
5112 	 284.562739 	 284.562739 	 82343.309274 	 7195229744.122540 
5113 	 259.432424 	 259.432424 	 68131.862206 	 4861821415.352474 
5114 	 278.717054 	 278.717054 	 77921.211130 	 6145967421.607718 
5115 	 257.553966 	 257.553966 	 66882.995234 	 4629561415.127277 
5116 	 247.192943 	 247.192943 	 61307.350362 	 3807883322.611095 
5117 	 235.280621 	 235.280621 	 55802.201475 	 3214114402.716203 
5118 	 190.254533 	 190.254533 	 36590.855010 	 1392536805.777342 
5119 	 155.407970 	 155.407970 	 25444.242027 	 762686703.394523 
5120 	 185.713213 	 185.713213 	 35285.390260 	 1349966082.203749 
5121 	 185.528281 	 185.528281 	 36997.365830 	 1699755026.570721 
5122 	 52.133225 	 55.572795 	 4298.279450 	 35259368.946091 
5123 	 152.278374 	 152.278374 	 25209.892462 	 809789071.098664 
5124 	 240.676840 	 240.676840 	 58535.551226 	 3561155905.647072 
5125 	 214.312669 	 214.312669 	 47208.656236 	 2489550233.510256 
5126 	 178.562567 	 178.562567 	 32601.505742 	 1156180844.220847 
5127 	 188.512946 	 188.512946 	 36068.422884 	 1375956668.465941 
5128 	 148.510464 	 148.510464 	 23171.558702 	 622894882.451642 
5129 	 57.370998 	 59.801504 	 6068.965711 	 93870776.162776 
5130 	 80.076891 	 80.076891 	 6892.878103 	 58899312.789458 
5131 	 140.014278 	 140.014278 	 20017.529492 	 428908716.301876 
5132 	 133.610565 	 133.610565 	 18325.931180 	 370477123.576209 
5133 	 123.025409 	 123.025409 	 17497.077418 	 434830895.553865 
5134 	 239.338442 	 239.338442 	 57782.141539 	 3449537663.551237 
5135 	 246.271423 	 246.271423 	 61203.603065 	 3870568751.861777 
5136 	 222.540003 	 222.540003 	 50117.576546 	 2627717094.665254 
5137 	 220.820829 	 220.820829 	 49535.247886 	 2601850650.566077 
5138 	 217.134633 	 217.134633 	 48290.944813 	 2542479054.149010 
5139 	 220.325296 	 220.325296 	 49104.590614 	 2516169417.864280 
5140 	 134.068142 	 134.068142 	 19072.320373 	 444792672.515636 
5141 	 94.602075 	 94.602075 	 9515.252342 	 112487769.587476 
5142 	 -9.725166 	 41.326317 	 2395.156834 	 10598201.348525 
5143 	 -35.705339 	 36.942108 	 1941.923770 	 8158844.737541 
5144 	 -162.898108 	 162.898108 	 27253.132953 	 811200642.742216 
5145 	 -164.418055 	 164.418055 	 27363.044927 	 783212155.588175 
5146 	 -179.660045 	 179.660045 	 33139.546947 	 1210386726.909500 
5147 	 -236.219260 	 236.219260 	 56217.063357 	 3247288692.819136 
5148 	 -177.524372 	 177.524372 	 33839.856438 	 1455489857.367138 
5149 	 -210.880460 	 210.880460 	 44786.717767 	 2061265415.404402 
5150 	 -157.745843 	 157.745843 	 25470.570444 	 709837093.500418 
5151 	 -80.099626 	 80.099626 	 8340.957342 	 134318993.758570 
5152 	 -82.073159 	 82.073159 	 7266.210016 	 65774351.670343 
5153 	 -79.260225 	 79.260225 	 6892.283816 	 63790363.198386 
5154 	 -3.952809 	 16.763727 	 519.216235 	 992356.291091 
5155 	 -49.118943 	 53.561159 	 3907.446299 	 30554537.243265 
5156 	 -106.305740 	 106.305740 	 11889.882149 	 164629454.314293 
5157 	 -208.474994 	 208.474994 	 43947.455166 	 2017010849.014100 
5158 	 -190.553231 	 190.553231 	 36531.630383 	 1369634481.225080 
5159 	 -207.087596 	 207.087596 	 43540.570703 	 2009575034.199306 
5160 	 -268.984553 	 268.984553 	 73305.627454 	 5658160286.343988 
5161 	 -236.163060 	 236.163060 	 56539.567906 	 3362102498.041464 
5162 	 -167.882450 	 167.882450 	 30038.034454 	 1127093986.470010 
5163 	 -200.547174 	 200.547174 	 41493.283717 	 1909872138.602904 
5164 	 -141.633796 	 141.633796 	 20798.197889 	 493546397.362911 
5165 	 -234.919782 	 234.919782 	 57347.020257 	 3677258982.171720 
5166 	 -246.373523 	 246.373523 	 61514.846869 	 3970366753.326910 
5167 	 -144.805241 	 144.805241 	 25219.779011 	 913328025.092796 
5168 	 19.456224 	 41.462305 	 2091.286984 	 7293307.139635 
5169 	 82.847548 	 82.847548 	 7213.843434 	 60376157.789713 
5170 	 100.956776 	 100.956776 	 11046.566782 	 160091338.000164 
5171 	 179.244034 	 179.244034 	 32941.915051 	 1195467342.878641 
5172 	 85.741927 	 90.752366 	 10653.471193 	 194207887.118207 
5173 	 9.035441 	 20.687458 	 592.685846 	 740700.394975 
5174 	 -55.888231 	 55.888231 	 3880.672186 	 27241403.570722 
5175 	 -76.329883 	 76.329883 	 6134.611168 	 46789298.099019 
5176 	 -90.335661 	 90.335661 	 10064.493256 	 190088336.372083 
5177 	 -86.988854 	 87.437165 	 10217.219111 	 171735307.613656 
5178 	 -14.523049 	 20.940256 	 612.276291 	 957815.079344 
5179 	 -43.710383 	 49.643181 	 3892.488161 	 36370092.362330 
5180 	 50.554193 	 53.937230 	 3807.780624 	 27106736.860500 
5181 	 -104.932564 	 104.932564 	 14732.612421 	 478715475.472553 
5182 	 -255.694731 	 255.694731 	 66096.372776 	 4545421041.366944 
5183 	 -242.935560 	 242.935560 	 60325.316807 	 3923359407.546772 
5184 	 -186.337811 	 186.337811 	 35319.971883 	 1339264307.936185 
5185 	 -266.612835 	 266.612835 	 71534.857106 	 5245224343.100841 
5186 	 -208.821709 	 208.821709 	 44398.059940 	 2114981398.668410 
5187 	 -210.248383 	 210.248383 	 44813.747567 	 2108829178.758808 
5188 	 -302.680414 	 302.680414 	 92502.351369 	 8861429358.163910 
5189 	 -277.616430 	 277.616430 	 77878.373177 	 6301180522.611760 
5190 	 -229.904873 	 229.904873 	 54750.420504 	 3394726717.040741 
5191 	 -253.072508 	 253.072508 	 64837.296022 	 4408032200.579477 
5192 	 -236.402344 	 236.402344 	 56735.655747 	 3426780450.037346 
5193 	 -259.321295 	 259.321295 	 67791.828450 	 4737813405.872512 
5194 	 -213.567442 	 213.567442 	 46066.991844 	 2209298744.703670 
5195 	 -237.518686 	 237.518686 	 56735.511434 	 3292573926.405386 
5196 	 -166.253256 	 166.253256 	 29078.672493 	 1006730152.495874 
5197 	 -80.674929 	 80.674929 	 7343.863053 	 74232554.049419 
5198 	 -75.410184 	 75.410184 	 5974.269969 	 42327312.939558 
5199 	 -38.403024 	 38.403024 	 2065.914315 	 8772928.885731 
5200 	 46.900699 	 51.064893 	 3319.457783 	 16648105.026629 
5201 	 -53.064131 	 60.923530 	 5230.073474 	 61484044.423684 
5202 	 -181.043474 	 181.043474 	 33811.642194 	 1281785253.340108 
5203 	 -268.258521 	 268.258521 	 72231.626599 	 5296834281.940547 
5204 	 -260.785496 	 260.785496 	 68433.369963 	 4803658953.366350 
5205 	 -244.258496 	 244.258496 	 60421.220973 	 3850474314.407576 
5206 	 -199.982482 	 199.982482 	 40640.315107 	 1748354364.610847 
5207 	 -237.207128 	 237.207128 	 57447.370579 	 3557330475.369416 
5208 	 -263.650824 	 263.650824 	 70191.878468 	 5122333632.220017 
5209 	 -257.221090 	 257.221090 	 67834.493451 	 5001070999.351739 
5210 	 -196.786850 	 196.786850 	 38938.822028 	 1549718546.888909 
5211 	 -240.328930 	 240.328930 	 58467.075479 	 3580764627.275777 
5212 	 -255.698973 	 255.698973 	 65644.084899 	 4378766030.250093 
5213 	 -219.488505 	 219.488505 	 48863.493583 	 2516372034.843957 
5214 	 -225.546261 	 225.546261 	 51818.512305 	 2898624084.816911 
5215 	 -259.800045 	 259.800045 	 68513.072345 	 4923702138.429226 
5216 	 -233.498578 	 233.498578 	 56086.505942 	 3513516159.418944 
5217 	 -264.027801 	 264.027801 	 70721.352467 	 5279455064.224334 
5218 	 -240.646233 	 240.646233 	 59159.427624 	 3803260377.215081 
5219 	 -280.461887 	 280.461887 	 79086.121345 	 6388019056.869501 
5220 	 -212.575998 	 212.575998 	 46568.337520 	 2404628279.572328 
5221 	 -199.634633 	 199.634633 	 40049.139222 	 1634854646.348854 
5222 	 -213.051661 	 213.051661 	 45850.291147 	 2183722393.923600 
5223 	 -175.129640 	 175.129640 	 31570.848051 	 1124147788.597902 
5224 	 -184.023268 	 184.023268 	 34440.782066 	 1265617808.107487 
5225 	 -261.997679 	 261.997679 	 69216.890575 	 4940248587.646413 
5226 	 -236.826950 	 236.826950 	 56362.631169 	 3237291487.993063 
5227 	 -275.778904 	 275.778904 	 76809.064522 	 6117288406.990557 
5228 	 -155.792366 	 155.792366 	 24928.649488 	 692632765.621657 
5229 	 -194.296020 	 194.296020 	 39134.395853 	 1752922382.792936 
5230 	 -107.509633 	 107.509633 	 11855.755020 	 153912294.462233 
5231 	 -84.619627 	 84.619627 	 9019.464774 	 154950008.457157 
5232 	 -159.944346 	 159.944346 	 26182.069135 	 746507124.116127 
5233 	 -51.973804 	 52.122983 	 3912.629557 	 36866942.300743 
5234 	 -115.866891 	 115.866891 	 13928.749112 	 221777349.553344 
5235 	 -171.869468 	 171.869468 	 30481.033345 	 1043733793.921327 
5236 	 -168.588046 	 168.588046 	 29279.114972 	 934136989.223597 
5237 	 -110.365162 	 110.365162 	 13499.283513 	 266492932.054313 
5238 	 -202.129792 	 202.129792 	 41514.634832 	 1838088441.456221 
5239 	 -236.866986 	 236.866986 	 56555.195335 	 3295420234.313453 
5240 	 -184.825320 	 184.825320 	 34415.302031 	 1217744013.898716 
5241 	 -223.144477 	 223.144477 	 50954.659471 	 2833287720.726709 
5242 	 -296.482354 	 296.482354 	 88589.356872 	 8084298125.315014 
5243 	 -236.826138 	 236.826138 	 56889.480317 	 3418952842.874269 
5244 	 -230.732732 	 230.732732 	 54003.277709 	 3074465976.462005 
5245 	 -251.208557 	 251.208557 	 63346.684723 	 4072707505.720617 
5246 	 -238.810112 	 238.810112 	 59676.937782 	 4035991620.552356 
5247 	 -194.708852 	 194.708852 	 38515.500328 	 1573850331.128448 
5248 	 -215.448339 	 215.448339 	 46897.389492 	 2286996909.229428 
5249 	 -200.911415 	 200.911415 	 41046.543339 	 1794490248.888035 
5250 	 -126.400100 	 126.400100 	 16648.586479 	 322829306.790550 
5251 	 -187.209289 	 187.209289 	 35974.849638 	 1424528823.780329 
5252 	 -209.424137 	 209.424137 	 45175.974052 	 2251018039.669405 
5253 	 -141.248575 	 141.248575 	 20414.949257 	 451535481.111422 
5254 	 -104.208574 	 104.208574 	 11182.671650 	 139957616.608737 
5255 	 -76.868532 	 76.868532 	 6341.974133 	 50183208.026827 
5256 	 -50.523638 	 55.606020 	 4561.132927 	 44254987.441913 
5257 	 -71.136608 	 71.212273 	 7459.035293 	 116026807.621436 
5258 	 4.639461 	 27.235494 	 1137.851649 	 3036525.145968 
5259 	 59.026718 	 61.412939 	 4956.815771 	 48261046.857209 
5260 	 154.591065 	 154.591065 	 24956.924198 	 726184494.734365 
5261 	 200.611467 	 200.611467 	 41396.658728 	 1915924234.849220 
5262 	 71.510784 	 71.510784 	 6508.573886 	 70925744.498305 
5263 	 7.385843 	 20.556173 	 647.245608 	 1130526.728800 
5264 	 118.678628 	 118.678628 	 16006.601942 	 352455028.985331 
5265 	 191.837208 	 191.837208 	 37643.176051 	 1529850231.731447 
5266 	 145.615827 	 145.615827 	 22954.936656 	 679723983.516892 
5267 	 3.006562 	 60.770315 	 4371.516676 	 27252183.359976 
5268 	 -48.277504 	 48.277504 	 3156.688584 	 19527065.494366 
5269 	 -41.359197 	 41.753162 	 2195.265175 	 8222243.458755 
5270 	 -135.676103 	 135.676103 	 20046.381073 	 497935107.424098 
5271 	 -193.960825 	 193.960825 	 38298.573022 	 1562640449.010502 
5272 	 -213.094835 	 213.094835 	 46167.500667 	 2257605635.557292 
5273 	 -100.498789 	 100.498789 	 10823.078658 	 145668552.937664 
5274 	 -140.093633 	 140.093633 	 20164.690974 	 447652255.982108 
5275 	 -198.660860 	 198.660860 	 40363.424384 	 1767006411.015938 
5276 	 -276.480858 	 276.480858 	 77530.289809 	 6369128915.174881 
5277 	 -178.098713 	 178.098713 	 32390.742996 	 1143357307.313396 
5278 	 -154.544351 	 154.544351 	 24459.546440 	 658596808.817552 
5279 	 -200.300254 	 200.300254 	 40405.333107 	 1679382893.425054 
5280 	 -150.335033 	 150.335033 	 24967.586452 	 811456926.978910 
5281 	 -40.922055 	 40.922055 	 1838.123713 	 4525806.916148 
5282 	 -158.315386 	 158.315386 	 25980.061250 	 742217701.103622 
5283 	 -187.256407 	 187.256407 	 36062.842401 	 1442557559.840489 
5284 	 -239.644447 	 239.644447 	 58299.330201 	 3597355458.188574 
5285 	 -240.092585 	 240.092585 	 58092.625222 	 3482006227.530710 
5286 	 -235.299873 	 235.299873 	 55650.515076 	 3162712243.249782 
5287 	 -164.303194 	 164.303194 	 27904.046699 	 879062974.529003 
5288 	 -101.855087 	 101.855087 	 12075.905535 	 225974936.298454 
5289 	 -166.507528 	 166.507528 	 29085.402146 	 977525054.348829 
5290 	 -190.046007 	 190.046007 	 37997.890594 	 1702569583.879843 
5291 	 -262.765844 	 262.765844 	 69542.507826 	 4973910078.242214 
5292 	 -236.888464 	 236.888464 	 57001.003676 	 3444309834.507894 
5293 	 -183.838701 	 183.838701 	 34475.804444 	 1273345924.081247 
5294 	 -168.372556 	 168.372556 	 28768.318315 	 869382526.545533 
5295 	 -180.296146 	 180.296146 	 33625.384546 	 1260933242.767860 
5296 	 -86.768341 	 86.768341 	 7859.623235 	 72919169.595103 
5297 	 -77.819498 	 77.819498 	 6462.630368 	 51776754.670835 
5298 	 -23.799430 	 33.613833 	 1949.162010 	 9781908.229631 
5299 	 -55.679451 	 55.679451 	 4008.800375 	 27124945.504519 
5300 	 -147.678205 	 147.678205 	 23710.858373 	 741400763.188429 
5301 	 -207.629232 	 207.629232 	 44629.667019 	 2223047805.583508 
5302 	 -224.613400 	 224.613400 	 51616.569094 	 2875535135.954089 
5303 	 -198.387465 	 198.387465 	 39986.734514 	 1708136550.634661 
5304 	 -195.875873 	 195.875873 	 38661.646525 	 1536192957.342005 
5305 	 -180.127138 	 180.127138 	 32997.830157 	 1150061199.567735 
5306 	 -212.845183 	 212.845183 	 45638.396707 	 2141376896.825270 
5307 	 -246.565458 	 246.565458 	 61584.671595 	 3984732009.754599 
5308 	 -239.728314 	 239.728314 	 58875.590855 	 3785222877.216356 
5309 	 -209.202057 	 209.202057 	 45138.580931 	 2277162527.926212 
5310 	 -246.244947 	 246.244947 	 61140.075343 	 3862707379.447627 
5311 	 -189.862252 	 189.862252 	 39428.366523 	 2099855104.957885 
5312 	 -126.835612 	 126.835612 	 16421.294164 	 291121913.599397 
5313 	 -182.600364 	 182.600364 	 34120.744808 	 1257772624.100434 
5314 	 -80.163641 	 80.163641 	 7850.726254 	 99135320.459773 
5315 	 -101.844179 	 101.844179 	 12063.195303 	 198717036.914127 
5316 	 -200.335401 	 200.335401 	 41124.545803 	 1853766980.670055 
5317 	 -212.189467 	 212.189467 	 45340.504514 	 2110227869.448288 
5318 	 -202.296418 	 202.296418 	 41193.714399 	 1743033948.679479 
5319 	 -197.906918 	 197.906918 	 39838.248091 	 1688402747.975154 
5320 	 -143.656865 	 143.656865 	 22146.505961 	 612709724.629451 
5321 	 -192.247227 	 192.247227 	 37537.364529 	 1495112707.323923 
5322 	 -181.547441 	 181.547441 	 34615.233658 	 1416619989.291146 
5323 	 -210.745431 	 210.745431 	 44784.063123 	 2072575162.885576 
5324 	 -213.364790 	 213.364790 	 45825.164509 	 2155431909.885942 
5325 	 -166.715693 	 166.715693 	 28202.751312 	 841779317.818762 
5326 	 -194.572594 	 194.572594 	 38347.344401 	 1543362898.150788 
5327 	 -264.663674 	 264.663674 	 71841.013273 	 5622037836.814338 
5328 	 -276.508069 	 276.508069 	 78560.393601 	 6791561911.951284 
5329 	 -213.574821 	 213.574821 	 46102.599342 	 2212071610.874879 
5330 	 -166.465473 	 166.465473 	 29184.872573 	 1012399558.117655 
5331 	 -203.657350 	 203.657350 	 42302.412423 	 1938611411.669628 
5332 	 -263.230076 	 263.230076 	 69825.288922 	 5018948831.049378 
5333 	 -259.454871 	 259.454871 	 68000.849926 	 4800033326.854822 
5334 	 -244.411108 	 244.411108 	 59882.222720 	 3620625681.449006 
5335 	 -282.535173 	 282.535173 	 80889.760658 	 6869114593.116245 
5336 	 -255.933046 	 255.933046 	 66234.361251 	 4588523135.765109 
5337 	 -268.618467 	 268.618467 	 72456.587164 	 5334599286.472992 
5338 	 -264.426434 	 264.426434 	 70381.855769 	 5080426635.587237 
5339 	 -221.080631 	 221.080631 	 49736.259431 	 2674528812.429126 
5340 	 -64.853718 	 83.566580 	 10743.517041 	 242494804.017349 
5341 	 -6.325926 	 31.407891 	 1239.525830 	 2522720.956423 
5342 	 -135.166296 	 135.166296 	 19451.088297 	 451754445.510734 
5343 	 -196.674392 	 196.674392 	 39383.917051 	 1660434583.737731 
5344 	 -200.653720 	 200.653720 	 40522.125014 	 1684501131.905066 
5345 	 -127.058666 	 127.058666 	 16833.464801 	 330321737.093442 
5346 	 -164.254759 	 164.254759 	 27362.179330 	 795463065.990196 
5347 	 -126.349231 	 126.349231 	 17248.597321 	 377612176.047809 
5348 	 -208.307826 	 208.307826 	 44585.666006 	 2178227235.313858 
5349 	 -250.504836 	 250.504836 	 63639.838898 	 4287876673.718130 
5350 	 -268.457969 	 268.457969 	 72808.417818 	 5511357336.790888 
5351 	 -200.205371 	 200.205371 	 40724.731098 	 1760638026.115195 
5352 	 -170.151614 	 170.151614 	 29760.259477 	 971008667.530237 
5353 	 -161.979985 	 161.979985 	 27221.832724 	 845328634.612713 
5354 	 -80.656203 	 92.785684 	 12101.561077 	 291791323.789970 
5355 	 42.266446 	 42.408933 	 2234.634065 	 7973256.615966 
5356 	 7.460685 	 16.484828 	 422.131331 	 521967.231977 
5357 	 17.818112 	 30.456519 	 1362.439424 	 4076689.550796 
5358 	 10.168220 	 21.362677 	 648.664987 	 915172.786479 
5359 	 95.610727 	 95.610727 	 11023.103495 	 169948817.213391 
5360 	 191.080977 	 191.080977 	 38461.386013 	 1738949909.013512 
5361 	 185.870946 	 185.870946 	 35160.036895 	 1316855245.091867 
5362 	 144.952062 	 144.952062 	 22080.877952 	 566900421.902524 
5363 	 214.132032 	 214.132032 	 46232.519055 	 2204927917.883812 
5364 	 250.679472 	 250.679472 	 64653.471258 	 4618927053.014951 
5365 	 217.073706 	 217.073706 	 47592.317355 	 2350673922.576620 
5366 	 237.158413 	 237.158413 	 56842.757128 	 3370708884.162120 
5367 	 262.565144 	 262.565144 	 69370.416735 	 4926556342.290374 
5368 	 208.160500 	 208.160500 	 45440.836966 	 2537211071.344550 
5369 	 173.120333 	 173.120333 	 30409.432448 	 976688318.721509 
5370 	 215.070599 	 215.070599 	 47700.704051 	 2562081158.178949 
5371 	 217.426368 	 217.426368 	 48285.071640 	 2524812197.180640 
5372 	 155.768435 	 155.768435 	 25528.383860 	 792012173.552299 
5373 	 55.078611 	 79.037736 	 8670.542666 	 135625348.072764 
5374 	 -121.180422 	 121.180422 	 16107.623073 	 357097522.303846 
5375 	 -253.689176 	 253.689176 	 66354.502459 	 4878025388.437640 
5376 	 -145.726305 	 145.726305 	 26049.622358 	 1193885011.663803 
5377 	 -155.757000 	 155.757000 	 25109.634290 	 713023440.659383 
5378 	 -142.226905 	 142.226905 	 20463.773257 	 437983823.633776 
5379 	 -152.282297 	 152.282297 	 23743.419341 	 610912386.694359 
5380 	 -218.743309 	 218.743309 	 48661.761195 	 2512906282.630727 
5381 	 -190.360719 	 190.360719 	 36856.121678 	 1451542899.413655 
5382 	 -201.177121 	 201.177121 	 42765.220319 	 2264261969.480721 
5383 	 -264.554035 	 264.554035 	 70407.488563 	 5077582532.269078 
5384 	 -281.817005 	 281.817005 	 80309.536272 	 6770545112.388710 
5385 	 -228.546622 	 228.546622 	 56108.493336 	 3994177001.081453 
5386 	 -215.684373 	 215.684373 	 46875.893228 	 2257979665.206309 
5387 	 -145.101095 	 145.101095 	 24552.654562 	 871281637.626582 
5388 	 52.452350 	 58.220660 	 5932.565999 	 86183145.353935 
5389 	 220.091055 	 220.091055 	 49772.116662 	 2734890292.107234 
5390 	 195.642886 	 195.642886 	 39511.924655 	 1739746161.177707 
5391 	 121.990274 	 121.990274 	 15655.174284 	 283451167.850638 
5392 	 36.907146 	 42.311124 	 3443.774283 	 35630163.051590 
5393 	 43.818047 	 44.718730 	 3097.092551 	 22387955.739411 
5394 	 154.361383 	 154.361383 	 24266.788684 	 632419624.792627 
5395 	 126.302511 	 126.302511 	 18281.412720 	 483089390.343021 
5396 	 11.546038 	 18.488903 	 500.924612 	 667840.426726 
5397 	 42.976790 	 66.330101 	 6312.782889 	 79852570.617515 
5398 	 93.092712 	 93.092712 	 9350.031158 	 109652124.657157 
5399 	 179.570861 	 179.570861 	 34150.969077 	 1394721982.234764 
5400 	 260.598146 	 260.598146 	 68245.050172 	 4750862653.624786 
5401 	 277.748124 	 277.748124 	 77424.273854 	 6080381309.123011 
5402 	 230.192561 	 230.192561 	 54264.185468 	 3214933000.608136 
5403 	 252.003861 	 252.003861 	 64072.024215 	 4246211107.039613 
5404 	 225.138398 	 225.138398 	 50990.840970 	 2661537871.767962 
5405 	 262.496594 	 262.496594 	 69400.323180 	 4955529918.153924 
5406 	 220.594019 	 220.594019 	 49294.356314 	 2551395483.482458 
5407 	 242.951458 	 242.951458 	 59630.195454 	 3698331759.138725 
5408 	 260.632288 	 260.632288 	 68421.693821 	 4817117871.274376 
5409 	 256.177482 	 256.177482 	 65843.424756 	 4393858961.629107 
5410 	 242.061162 	 242.061162 	 59077.685631 	 3604639285.743768 
5411 	 188.290362 	 188.290362 	 36165.967618 	 1414690718.973789 
5412 	 249.383425 	 249.383425 	 62799.605371 	 4089680114.805798 
5413 	 215.057603 	 215.057603 	 46937.361432 	 2329282753.961372 
5414 	 251.586160 	 251.586160 	 64050.950873 	 4292375375.793393 
5415 	 225.243237 	 225.243237 	 51226.003328 	 2731719639.265357 
5416 	 231.464418 	 231.464418 	 53785.392932 	 2938013449.414615 
5417 	 277.542162 	 277.542162 	 77530.895648 	 6158725540.272573 
5418 	 217.224903 	 217.224903 	 49591.562551 	 2846907121.988015 
5419 	 118.388903 	 118.388903 	 16502.218924 	 444314976.498703 
5420 	 248.653494 	 248.653494 	 62333.791052 	 4002651092.668888 
5421 	 240.465526 	 240.465526 	 58552.920432 	 3601909449.345428 
5422 	 229.635779 	 229.635779 	 54009.025492 	 3193276625.240114 
5423 	 236.560281 	 236.560281 	 56408.181068 	 3286350631.574362 
5424 	 244.328569 	 244.328569 	 59913.054037 	 3644451082.097282 
5425 	 185.479239 	 185.479239 	 35294.420847 	 1380031389.478869 
5426 	 146.455046 	 146.455046 	 21720.972899 	 494970244.952932 
5427 	 40.629823 	 58.020845 	 4050.704221 	 24923367.029278 
5428 	 -44.642823 	 44.642823 	 2445.526810 	 9272669.231117 
5429 	 -108.628554 	 108.628554 	 12564.523350 	 190619109.915236 
5430 	 -147.479966 	 147.479966 	 22174.234226 	 529006075.338206 
5431 	 -75.990778 	 75.990778 	 7353.009825 	 97396456.053432 
5432 	 -34.609247 	 38.434469 	 2082.449384 	 7598644.568592 
5433 	 33.626758 	 34.681655 	 1632.108315 	 4894543.892185 
5434 	 70.310894 	 70.310894 	 5600.319814 	 41776755.187948 
5435 	 -56.676239 	 59.222569 	 8164.682902 	 221598083.611515 
5436 	 -177.796712 	 177.796712 	 31963.625510 	 1066517869.161085 
5437 	 -172.389285 	 172.389285 	 30371.120272 	 1001246365.828825 
5438 	 -182.674333 	 182.674333 	 33950.199891 	 1233596465.032865 
5439 	 -214.505905 	 214.505905 	 46555.427334 	 2263125222.000212 
5440 	 -170.378252 	 170.378252 	 30968.223465 	 1219355007.164921 
5441 	 -167.287550 	 167.287550 	 28578.172964 	 890112341.675278 
5442 	 -197.252458 	 197.252458 	 40175.007804 	 1811590036.133627 
5443 	 -219.684999 	 219.684999 	 48531.518497 	 2407023872.957449 
5444 	 -222.657197 	 222.657197 	 49911.264595 	 2556032859.072416 
5445 	 -163.977780 	 163.977780 	 27457.529367 	 825409904.183293 
5446 	 -223.409435 	 223.409435 	 50337.422572 	 2613370886.027340 
5447 	 -172.606404 	 172.606404 	 30913.360707 	 1089218092.751559 
5448 	 -152.557324 	 152.557324 	 23553.227725 	 580710412.589235 
5449 	 -122.390486 	 122.390486 	 16068.383303 	 331465597.454305 
5450 	 -104.623267 	 104.623267 	 12438.977298 	 230471770.489544 
5451 	 -74.756008 	 74.756008 	 6049.398261 	 48178551.158775 
5452 	 -16.274197 	 37.926750 	 1818.219066 	 5764943.453547 
5453 	 76.638642 	 76.638642 	 8750.395370 	 174260446.185736 
5454 	 79.077799 	 79.077799 	 6833.497462 	 62800584.847078 
5455 	 -16.694282 	 48.414493 	 3128.521766 	 19395911.198614 
5456 	 -177.121950 	 177.121950 	 33113.433253 	 1289316690.512463 
5457 	 -221.155066 	 221.155066 	 49288.323822 	 2510068472.789435 
5458 	 -223.476303 	 223.476303 	 50848.743027 	 2734449703.136961 
5459 	 -117.489456 	 117.489456 	 14476.927961 	 245337129.728708 
5460 	 -73.369663 	 73.369663 	 5929.390152 	 48407013.280371 
5461 	 -53.127704 	 55.819821 	 4602.360765 	 42167523.018980 
5462 	 -49.137679 	 49.137679 	 2774.599054 	 11573305.826534 
5463 	 -56.059835 	 56.059835 	 3524.945963 	 16455231.226779 
5464 	 -142.021452 	 142.021452 	 21348.980217 	 557349241.686753 
5465 	 -175.649458 	 175.649458 	 33736.219371 	 1578885384.095741 
5466 	 -289.451075 	 289.451075 	 84152.100589 	 7212193485.217581 
5467 	 -223.198201 	 223.198201 	 51006.713549 	 2849284110.996777 
5468 	 -227.009768 	 227.009768 	 51843.335686 	 2752464399.558991 
5469 	 -263.360002 	 263.360002 	 69975.876408 	 5067560249.883899 
5470 	 -228.449459 	 228.449459 	 54071.249054 	 3326037872.288745 
5471 	 -63.468794 	 64.824424 	 5607.574751 	 58130808.935502 
5472 	 -71.761620 	 71.761620 	 6349.773731 	 68950363.049190 
5473 	 -144.250569 	 144.250569 	 21508.729014 	 520955687.642328 
5474 	 -192.473036 	 192.473036 	 38769.249757 	 1780190380.598945 
5475 	 -198.622182 	 198.622182 	 39996.185141 	 1691511724.988701 
5476 	 -154.239101 	 154.239101 	 25131.231306 	 790838791.843608 
5477 	 -177.317080 	 177.317080 	 31844.655693 	 1064686125.630111 
5478 	 -185.417044 	 185.417044 	 35046.436148 	 1331248902.779052 
5479 	 -148.792526 	 148.792526 	 22753.825359 	 575887741.730327 
5480 	 -135.168850 	 135.168850 	 18848.671789 	 396958385.532511 
5481 	 -132.487491 	 132.487491 	 20282.676967 	 653974383.672553 
5482 	 -187.967585 	 187.967585 	 35735.940915 	 1334292165.346040 
5483 	 -135.194810 	 135.194810 	 19074.669589 	 435857391.228294 
5484 	 -134.665340 	 134.665340 	 18574.747289 	 377469193.433128 
5485 	 -74.173272 	 74.173272 	 6003.320672 	 49235872.118909 
5486 	 -134.062073 	 134.062073 	 18382.931197 	 365903063.134861 
5487 	 -95.757275 	 95.757275 	 10206.152928 	 140692510.414184 
5488 	 -198.239868 	 198.239868 	 40588.478290 	 1849851873.173704 
5489 	 -256.321871 	 256.321871 	 66438.844870 	 4612070457.970190 
5490 	 -272.382522 	 272.382522 	 74594.409535 	 5689030124.620484 
5491 	 -265.950175 	 265.950175 	 71316.060494 	 5261745607.677478 
5492 	 -263.635651 	 263.635651 	 69926.797149 	 5007775424.858044 
5493 	 -220.362880 	 220.362880 	 48930.976886 	 2472724712.728328 
5494 	 -217.132537 	 217.132537 	 48034.864819 	 2462124210.752540 
5495 	 -229.802069 	 229.802069 	 54419.267279 	 3294847678.846726 
5496 	 -211.123448 	 211.123448 	 45731.525942 	 2291826877.471438 
5497 	 -88.491661 	 88.491661 	 8372.663365 	 89108188.540716 
5498 	 -117.077429 	 117.077429 	 14167.540007 	 224572799.047983 
5499 	 -131.363854 	 131.363854 	 17494.207940 	 321791675.183205 
5500 	 -96.554736 	 96.554736 	 9969.826204 	 120618149.256622 
5501 	 -102.285312 	 102.285312 	 12531.972170 	 244961800.590980 
5502 	 -120.672697 	 120.672697 	 15196.854522 	 263273865.740369 
5503 	 -108.907217 	 108.907217 	 12660.922545 	 205264119.709603 
5504 	 -94.041186 	 94.041186 	 9361.701021 	 106294917.620467 
5505 	 -105.706029 	 105.706029 	 12842.391620 	 251219120.803478 
5506 	 -68.540805 	 68.830727 	 6651.723297 	 85453827.791073 
5507 	 50.238796 	 50.238796 	 3089.447627 	 16619159.567650 
5508 	 134.775971 	 134.775971 	 18922.106259 	 401682135.035804 
5509 	 213.298368 	 213.298368 	 45882.821691 	 2178748524.357285 
5510 	 205.468833 	 205.468833 	 42506.969441 	 1855221476.309100 
5511 	 229.434668 	 229.434668 	 53070.761890 	 2906272517.949481 
5512 	 274.521913 	 274.521913 	 75770.969926 	 5864326524.432254 
5513 	 276.812952 	 276.812952 	 77534.868888 	 6310996407.362134 
5514 	 224.472557 	 224.472557 	 50750.449394 	 2649261396.692436 
5515 	 220.863227 	 220.863227 	 49103.999887 	 2473563672.867191 
5516 	 174.118926 	 174.118926 	 31313.659062 	 1095409252.767215 
5517 	 189.133826 	 189.133826 	 36082.392348 	 1345739557.613482 
5518 	 193.257139 	 193.257139 	 37780.103961 	 1491580202.055983 
5519 	 181.439720 	 181.439720 	 33575.505584 	 1218432532.688320 
5520 	 227.235614 	 227.235614 	 52731.042952 	 3010999745.639120 
5521 	 242.017453 	 242.017453 	 58825.622248 	 3519593333.721192 
5522 	 205.468351 	 205.468351 	 42849.510562 	 1943830612.872863 
5523 	 121.753851 	 121.753851 	 16666.303857 	 399360420.745467 
5524 	 36.360380 	 50.480928 	 3255.985863 	 17220749.595046 
5525 	 -38.034506 	 40.217782 	 2567.143838 	 17246788.874151 
5526 	 -32.863550 	 37.124313 	 2258.734153 	 13877974.742073 
5527 	 -76.590493 	 76.590493 	 6661.367783 	 65106344.245883 
5528 	 -104.909584 	 104.909584 	 11358.580635 	 145072646.720574 
5529 	 -67.620447 	 67.620447 	 5166.247384 	 38857509.668393 
5530 	 -85.707284 	 85.707284 	 7697.427434 	 69185473.764579 
5531 	 -164.902815 	 164.902815 	 27715.341505 	 822058965.419927 
5532 	 -216.328310 	 216.328310 	 48566.613654 	 2677015337.500185 
5533 	 -240.985868 	 240.985868 	 59104.871410 	 3742958517.510750 
5534 	 -245.393530 	 245.393530 	 60574.069351 	 3751006147.683418 
5535 	 -232.485761 	 232.485761 	 54788.862615 	 3146969570.600506 
5536 	 -176.413926 	 176.413926 	 32305.920718 	 1190417667.188995 
5537 	 -182.097362 	 182.097362 	 34199.172303 	 1304384783.092382 
5538 	 -242.018903 	 242.018903 	 59902.079238 	 3880624026.131931 
5539 	 -225.651637 	 225.651637 	 51721.031101 	 2838258600.770760 
5540 	 -197.334059 	 197.334059 	 39421.445011 	 1630040926.919764 
5541 	 -218.238498 	 218.238498 	 48667.965931 	 2562336591.882363 
5542 	 -144.518037 	 144.518037 	 21663.116892 	 530163192.883390 
5543 	 -115.737852 	 115.737852 	 14061.785616 	 229813344.335270 
5544 	 -56.531753 	 57.046962 	 5028.331506 	 58703680.253945 
5545 	 -102.378544 	 102.378544 	 11858.553240 	 210725966.595446 
5546 	 -247.171936 	 247.171936 	 62531.807439 	 4260307824.174161 
5547 	 -242.279250 	 242.279250 	 59624.379733 	 3761307936.098392 
5548 	 -232.090612 	 232.090612 	 54951.615660 	 3239770412.886662 
5549 	 -204.241016 	 204.241016 	 42630.507885 	 1964036636.807774 
5550 	 -206.730295 	 206.730295 	 43863.412976 	 2120578475.053129 
5551 	 -45.520684 	 61.707242 	 5910.878108 	 81097093.236778 
5552 	 -4.886235 	 24.856703 	 940.719183 	 2666532.753954 
5553 	 18.457793 	 26.628516 	 1006.910384 	 1977895.529243 
5554 	 -76.522479 	 76.522479 	 6879.079733 	 71689876.590923 
5555 	 -189.034262 	 189.034262 	 36663.182541 	 1489659935.802115 
5556 	 -88.763145 	 88.763145 	 8714.278053 	 107049481.707166 
5557 	 -147.225419 	 147.225419 	 23094.791605 	 653629668.449868 
5558 	 -183.124573 	 183.124573 	 33977.604212 	 1214322521.499944 
5559 	 -172.785850 	 172.785850 	 30500.323988 	 1013149823.819764 
5560 	 -231.921461 	 231.921461 	 55520.555559 	 3434233880.082880 
5561 	 -310.161364 	 310.161364 	 97068.575736 	 9768518198.106230 
5562 	 -208.101279 	 208.101279 	 45808.148469 	 2500791184.803150 
5563 	 -74.061044 	 74.061044 	 6161.743618 	 51024941.754070 
5564 	 -92.886328 	 92.886328 	 8972.202473 	 91779601.507665 
5565 	 -126.538393 	 126.538393 	 17536.791472 	 430292761.763773 
5566 	 -209.086767 	 209.086767 	 45371.638354 	 2341727099.802996 
5567 	 -218.848603 	 218.848603 	 48447.931225 	 2454465322.286217 
5568 	 -232.912263 	 232.912263 	 55121.955691 	 3221083626.082829 
5569 	 -286.301701 	 286.301701 	 82437.736153 	 6948241716.579258 
5570 	 -262.179475 	 262.179475 	 69355.776983 	 4960342553.411187 
5571 	 -241.896036 	 241.896036 	 59340.514995 	 3708040298.911304 
5572 	 -255.987178 	 255.987178 	 65868.451764 	 4426939867.410260 
5573 	 -229.771636 	 229.771636 	 53529.750309 	 3017916776.262389 
5574 	 -247.033309 	 247.033309 	 61306.690766 	 3829670361.331762 
5575 	 -245.942868 	 245.942868 	 61346.581498 	 3964696471.818075 
5576 	 -184.962102 	 184.962102 	 35185.661016 	 1371551035.934089 
5577 	 -129.971121 	 129.971121 	 19223.348990 	 531928803.467544 
5578 	 -244.236313 	 244.236313 	 60237.985605 	 3773794815.575927 
5579 	 -237.653090 	 237.653090 	 56832.333386 	 3307028670.317800 
5580 	 -269.478306 	 269.478306 	 72787.696543 	 5348414970.756732 
5581 	 -226.711378 	 226.711378 	 51906.702302 	 2795098368.067999 
5582 	 -254.533510 	 254.533510 	 65606.974071 	 4520812998.228584 
5583 	 -190.525616 	 190.525616 	 36655.250809 	 1393229361.480593 
5584 	 -197.324666 	 197.324666 	 40525.341413 	 1886309378.500036 
5585 	 -61.773356 	 77.327409 	 8659.708375 	 142462606.744673 
5586 	 17.800283 	 52.990913 	 3321.900111 	 17881348.459155 
5587 	 -173.824318 	 173.824318 	 31130.103207 	 1082657536.170016 
5588 	 -187.184325 	 187.184325 	 35787.439798 	 1399524965.035424 
5589 	 -174.028845 	 174.028845 	 31190.282742 	 1070226829.721882 
5590 	 -216.579710 	 216.579710 	 47557.154784 	 2395693795.189072 
5591 	 -180.952509 	 180.952509 	 33300.927607 	 1185444961.201331 
5592 	 -146.057755 	 146.057755 	 21675.378071 	 498129950.817560 
5593 	 -158.727780 	 158.727780 	 25756.841613 	 718674346.878056 
5594 	 -162.646079 	 162.646079 	 26644.159128 	 729841051.041469 
5595 	 -234.363590 	 234.363590 	 56127.437817 	 3397927274.021602 
5596 	 -248.246007 	 248.246007 	 61847.652007 	 3879026606.417945 
5597 	 -245.177992 	 245.177992 	 61298.629970 	 4033734018.988678 
5598 	 -189.707414 	 189.707414 	 36831.933220 	 1481852308.371459 
5599 	 -121.271229 	 121.271229 	 17251.982512 	 415368793.359427 
5600 	 -72.602294 	 72.727531 	 7258.496688 	 137682711.800017 
5601 	 -117.386687 	 117.386687 	 14684.131618 	 256284550.597563 
5602 	 -135.464089 	 135.464089 	 19458.837055 	 463948987.948052 
5603 	 -226.206380 	 226.206380 	 51807.695809 	 2810816207.055274 
5604 	 -269.441476 	 269.441476 	 73159.319952 	 5519959579.910040 
5605 	 -245.818096 	 245.818096 	 60876.917137 	 3817344312.936326 
5606 	 -251.159976 	 251.159976 	 63501.111177 	 4139943112.775751 
5607 	 -291.493181 	 291.493181 	 85372.847011 	 7420382239.013008 
5608 	 -255.869930 	 255.869930 	 66418.983292 	 4670666838.145647 
5609 	 -247.502821 	 247.502821 	 62126.522597 	 4069526650.545083 
5610 	 -303.917782 	 303.917782 	 93003.218685 	 8882033761.538322 
5611 	 -283.164394 	 283.164394 	 80953.592221 	 6799863263.136418 
5612 	 -216.194166 	 216.194166 	 47689.516588 	 2471769573.910470 
5613 	 -269.244864 	 269.244864 	 73377.656918 	 5630907403.603319 
5614 	 -232.263822 	 232.263822 	 55470.964739 	 3424033960.863566 
5615 	 -234.074807 	 234.074807 	 56878.669177 	 3693485653.564966 
5616 	 -82.665169 	 82.665169 	 8707.598778 	 182819942.979629 
5617 	 -92.634534 	 93.371088 	 10894.613969 	 177234037.076440 
5618 	 -246.543558 	 246.543558 	 62793.181504 	 4387054261.964549 
5619 	 -278.301969 	 278.301969 	 77800.769252 	 6160758432.929767 
5620 	 -210.785120 	 210.785120 	 48056.286507 	 2960037178.125569 
5621 	 -174.088895 	 174.088895 	 30735.790378 	 998747591.489543 
5622 	 -121.322138 	 121.322138 	 15147.337591 	 253637218.343087 
5623 	 -140.753393 	 140.753393 	 20930.348222 	 544299707.751094 
5624 	 -212.529490 	 212.529490 	 45745.758078 	 2192624568.073200 
5625 	 -215.463589 	 215.463589 	 46719.216297 	 2238007952.594112 
5626 	 -196.624434 	 196.624434 	 39314.520514 	 1647733843.199018 
5627 	 -116.013696 	 116.013696 	 14480.023603 	 264548082.894903 
5628 	 -149.609399 	 149.609399 	 23348.447659 	 638859413.429967 
5629 	 -180.647036 	 180.647036 	 33235.261285 	 1179337183.305860 
5630 	 -108.505182 	 108.505182 	 13408.915992 	 263359686.060920 
5631 	 -204.785530 	 204.785530 	 43411.602887 	 2111265821.549726 
5632 	 -277.652631 	 277.652631 	 77608.155010 	 6192247645.922149 
5633 	 -198.413303 	 198.413303 	 40976.919851 	 1960641079.866417 
5634 	 -31.156785 	 52.663092 	 4796.231535 	 85570078.514202 
5635 	 71.577498 	 71.577498 	 5634.956281 	 43253540.615022 
5636 	 12.444460 	 34.548289 	 1554.153896 	 5187209.231153 
5637 	 122.086166 	 122.086166 	 16328.858504 	 355706444.500164 
5638 	 180.260961 	 180.260961 	 33659.949833 	 1316749538.895061 
5639 	 230.211317 	 230.211317 	 53577.290383 	 2992028479.387286 
5640 	 235.369463 	 235.369463 	 56004.470297 	 3269405665.949170 
5641 	 233.691052 	 233.691052 	 55338.120410 	 3223594373.079828 
5642 	 245.130822 	 245.130822 	 61216.324873 	 4009860178.846659 
5643 	 172.330313 	 172.330313 	 30342.629688 	 1004414646.615110 
5644 	 174.642730 	 174.642730 	 31103.310228 	 1041392118.629361 
5645 	 169.517891 	 169.517891 	 29713.125842 	 986853148.953391 
5646 	 148.527903 	 148.527903 	 22982.478875 	 612576400.598871 
5647 	 167.047942 	 167.047942 	 28964.025041 	 945672993.586525 
5648 	 180.512357 	 180.512357 	 32976.783566 	 1138137519.912532 
5649 	 126.394194 	 126.394194 	 17243.827031 	 373552327.968492 
5650 	 78.034320 	 78.034320 	 7034.151753 	 66302466.540775 
5651 	 68.849417 	 68.849417 	 5863.377492 	 56809097.924780 
5652 	 117.156713 	 117.156713 	 15248.038851 	 309646010.381238 
5653 	 186.910931 	 186.910931 	 35768.982615 	 1398989821.301852 
5654 	 201.243450 	 201.243450 	 40944.940800 	 1750038774.583250 
5655 	 197.361464 	 197.361464 	 40652.283243 	 1922388603.882123 
5656 	 74.786724 	 74.786724 	 7325.772967 	 114133328.587577 
5657 	 16.549678 	 22.588117 	 763.235167 	 1484576.948229 
5658 	 -51.153878 	 56.674066 	 4320.515913 	 31945298.054699 
5659 	 -136.461409 	 136.461409 	 19171.678173 	 403660876.761528 
5660 	 -202.474120 	 202.474120 	 42373.415248 	 2028144998.827322 
5661 	 -185.192228 	 185.192228 	 36353.564649 	 1619499200.984998 
5662 	 -149.176766 	 149.176766 	 22935.741280 	 580797379.692163 
5663 	 -189.577912 	 189.577912 	 38856.480863 	 1984003167.828926 
5664 	 -158.169284 	 158.169284 	 26132.322566 	 804974803.019119 
5665 	 -177.537661 	 177.537661 	 32271.071696 	 1134632496.546747 
5666 	 -219.192685 	 219.192685 	 48667.395229 	 2500081951.436424 
5667 	 -247.181972 	 247.181972 	 61619.171728 	 3920405903.228123 
5668 	 -220.621489 	 220.621489 	 49282.596159 	 2546379685.023392 
5669 	 -219.536357 	 219.536357 	 48751.674515 	 2475403684.784678 
5670 	 -222.584604 	 222.584604 	 51155.331794 	 2923172265.443645 
5671 	 -231.879821 	 231.879821 	 56206.921694 	 3711701232.376805 
5672 	 -209.671638 	 209.671638 	 44573.294648 	 2085688187.994700 
5673 	 -214.523175 	 214.523175 	 46818.339268 	 2334449466.356283 
5674 	 -237.917209 	 237.917209 	 56911.991977 	 3308182312.759844 
5675 	 -251.360347 	 251.360347 	 63557.608841 	 4132449962.465755 
5676 	 -214.872894 	 214.872894 	 46840.608847 	 2310452143.532825 
5677 	 -158.308236 	 158.308236 	 26303.902111 	 838416672.636452 
5678 	 -150.646400 	 150.646400 	 22963.457884 	 552704592.912488 
5679 	 -194.925173 	 194.925173 	 43279.448867 	 2567523272.663395 
5680 	 -247.236008 	 247.236008 	 61734.352370 	 3957246948.415588 
5681 	 -213.264829 	 213.264829 	 47393.319401 	 2578994948.314999 
5682 	 -185.984577 	 185.984577 	 35069.915571 	 1298528898.773615 
5683 	 -181.028226 	 181.028226 	 33459.017909 	 1211891628.063293 
5684 	 -171.609070 	 171.609070 	 30428.681280 	 1057226505.572125 
5685 	 -191.001162 	 191.001162 	 45062.533632 	 3305214183.876920 
5686 	 -44.732777 	 45.384880 	 4447.151728 	 78342995.935301 
5687 	 -139.062412 	 139.062412 	 19729.628086 	 419914290.898041 
5688 	 -155.612837 	 155.612837 	 24536.232356 	 631782186.817467 
5689 	 -201.680786 	 201.680786 	 41040.919541 	 1739190607.049225 
5690 	 -215.387743 	 215.387743 	 47643.635422 	 2474788536.524835 
5691 	 -158.042580 	 158.042580 	 25482.186204 	 697692377.129940 
5692 	 -117.908630 	 117.908630 	 14624.517158 	 248884760.693517 
5693 	 -108.925218 	 108.925218 	 12557.452301 	 187182924.608863 
5694 	 -141.217364 	 141.217364 	 20806.186699 	 488459321.348629 
5695 	 -102.310867 	 102.310867 	 10851.058872 	 133805382.492944 
5696 	 -50.861540 	 50.861540 	 3243.498574 	 17566938.923955 
5697 	 -106.632460 	 106.632460 	 12648.086278 	 235163845.373612 
5698 	 -233.833549 	 233.833549 	 55438.691940 	 3217259367.783304 
5699 	 -281.916572 	 281.916572 	 79932.796255 	 6539188640.949801 
5700 	 -258.829899 	 258.829899 	 67437.103482 	 4666915981.788573 
5701 	 -272.718623 	 272.718623 	 74738.237572 	 5692139015.393394 
5702 	 -227.391118 	 227.391118 	 53758.459747 	 3335147407.935693 
5703 	 -166.642108 	 166.642108 	 28387.277361 	 878874362.006680 
5704 	 -181.774513 	 181.774513 	 33662.995624 	 1215267051.314005 
5705 	 -150.404998 	 150.404998 	 24226.860797 	 699216265.451994 
5706 	 -119.683499 	 119.683499 	 15192.022221 	 278085817.078100 
5707 	 -10.719573 	 26.394114 	 933.182255 	 1712182.262644 
5708 	 54.366717 	 54.614282 	 3852.416103 	 24579659.807031 
5709 	 51.000576 	 51.652982 	 3651.541188 	 24980688.295270 
5710 	 82.966831 	 82.966831 	 8776.553871 	 145486012.732853 
5711 	 196.384603 	 196.384603 	 39631.836808 	 1728726526.158293 
5712 	 198.892068 	 198.892068 	 39931.800193 	 1650049197.838962 
5713 	 201.015344 	 201.015344 	 41037.293980 	 1788630165.058799 
5714 	 226.586959 	 226.586959 	 52140.159672 	 2876577225.014459 
5715 	 238.485233 	 238.485233 	 57495.313689 	 3445528213.756444 
5716 	 262.570958 	 262.570958 	 69577.311341 	 5008604971.120782 
5717 	 188.937078 	 188.937078 	 40220.980193 	 2245939637.698528 
5718 	 73.556650 	 80.782840 	 9342.168339 	 158637448.351433 
5719 	 31.939324 	 40.005646 	 3500.165257 	 48544331.525184 
5720 	 117.301872 	 117.301872 	 14654.523328 	 269765693.894927 
5721 	 117.468397 	 117.468397 	 16763.205865 	 479650663.525460 
5722 	 168.350020 	 168.350020 	 31796.703611 	 1377147458.100707 
5723 	 245.972207 	 245.972207 	 61231.272470 	 3917742501.531833 
5724 	 234.756255 	 234.756255 	 57037.516423 	 3711320603.166640 
5725 	 188.435607 	 188.435607 	 35916.141697 	 1342634116.287971 
5726 	 182.733715 	 182.733715 	 34890.182131 	 1422202667.105400 
5727 	 60.871383 	 60.871383 	 4229.511000 	 28761367.083635 
5728 	 34.467407 	 42.316271 	 2789.317244 	 19493300.803655 
5729 	 -59.585033 	 65.137191 	 5715.890973 	 59050475.869945 
5730 	 -112.765840 	 112.765840 	 12963.354533 	 180067165.703500 
5731 	 -180.538854 	 180.538854 	 33566.144917 	 1242901178.633858 
5732 	 -245.690953 	 245.690953 	 61303.146870 	 3993244110.214184 
5733 	 -228.175054 	 228.175054 	 52809.273281 	 2947139303.198390 
5734 	 -198.979605 	 198.979605 	 40094.397766 	 1686707315.830826 
5735 	 -187.949476 	 187.949476 	 38545.361817 	 1952036280.644368 
5736 	 -230.437067 	 230.437067 	 53315.925799 	 2888220773.912067 
5737 	 -241.102575 	 241.102575 	 58697.903863 	 3573956802.708730 
5738 	 -216.772758 	 216.772758 	 48117.674347 	 2544684877.472254 
5739 	 -268.313791 	 268.313791 	 74317.548324 	 6221934698.481272 
5740 	 -301.589534 	 301.589534 	 91885.053270 	 8774622138.440792 
5741 	 -234.799889 	 234.799889 	 55802.449209 	 3262963477.279767 
5742 	 -239.126057 	 239.126057 	 57724.320018 	 3463703273.707688 
5743 	 -261.007325 	 261.007325 	 68653.412665 	 4857542233.283975 
5744 	 -287.404740 	 287.404740 	 83296.845510 	 7180664724.123578 
5745 	 -277.226062 	 277.226062 	 77701.248600 	 6301016401.450323 
5746 	 -256.513226 	 256.513226 	 68199.245264 	 5204511195.213758 
5747 	 -109.714473 	 109.714473 	 12778.820259 	 193296247.383793 
5748 	 -124.408337 	 124.408337 	 17721.653958 	 499473669.621107 
5749 	 -236.009248 	 236.009248 	 56612.706058 	 3415651374.159079 
5750 	 -240.014906 	 240.014906 	 58250.764670 	 3548040230.780702 
5751 	 -234.020176 	 234.020176 	 55307.551504 	 3187483101.847835 
5752 	 -206.603986 	 206.603986 	 43364.169752 	 2006737038.055046 
5753 	 -193.509303 	 193.509303 	 38853.918552 	 1695995512.052176 
5754 	 -130.692048 	 130.692048 	 17621.203036 	 348281525.510795 
5755 	 -131.099565 	 131.099565 	 17803.271259 	 361446978.049367 
5756 	 -198.190205 	 198.190205 	 39898.652216 	 1687652836.010810 
5757 	 -153.172029 	 153.172029 	 24043.954376 	 630623729.535676 
5758 	 -113.728363 	 113.728363 	 13270.486044 	 194010726.330079 
5759 	 -172.610042 	 172.610042 	 30286.965566 	 978328412.533924 
5760 	 -228.806546 	 228.806546 	 53554.444237 	 3092102415.763788 
5761 	 -277.744963 	 277.744963 	 77466.727318 	 6098888279.756989 
5762 	 -252.579704 	 252.579704 	 64842.834636 	 4497704546.169473 
5763 	 -172.107754 	 172.107754 	 31997.531301 	 1376259253.770921 
5764 	 -153.388468 	 153.388468 	 27013.218878 	 1096407680.775985 
5765 	 -243.720419 	 243.720419 	 60056.271996 	 3775768030.381623 
5766 	 -245.019753 	 245.019753 	 60723.871737 	 3855170735.463566 
5767 	 -255.806580 	 255.806580 	 66545.318233 	 4706133697.822930 
5768 	 -279.813164 	 279.813164 	 78902.622891 	 6416167584.040932 
5769 	 -280.704348 	 280.704348 	 79145.879490 	 6376138393.183534 
5770 	 -261.995386 	 261.995386 	 69127.676545 	 4921158702.806087 
5771 	 -282.170850 	 282.170850 	 80096.461390 	 6568004749.275269 
5772 	 -219.037782 	 219.037782 	 49459.107648 	 2757609716.567382 
5773 	 -269.072321 	 269.072321 	 73830.812865 	 5839914036.747899 
5774 	 -241.882975 	 241.882975 	 60190.366333 	 4022036546.085682 
5775 	 -179.995526 	 179.995526 	 33147.209839 	 1188401673.874758 
5776 	 -138.235805 	 138.235805 	 20082.015373 	 464609442.833421 
5777 	 -192.325148 	 192.325148 	 37960.419681 	 1571653117.635655 
5778 	 -249.186043 	 249.186043 	 62466.164408 	 3992705958.829295 
5779 	 -216.888349 	 216.888349 	 47595.227563 	 2372966441.845738 
5780 	 -238.931921 	 238.931921 	 57771.893567 	 3499771564.895077 
5781 	 -238.575446 	 238.575446 	 58103.151369 	 3618458178.130204 
5782 	 -175.488927 	 175.488927 	 31147.990064 	 1014143480.787946 
5783 	 -191.788095 	 191.788095 	 37295.616252 	 1468964259.090647 
5784 	 -227.830645 	 227.830645 	 52281.782143 	 2813219039.780981 
5785 	 -271.716738 	 271.716738 	 74196.363570 	 5614428258.470454 
5786 	 -253.015581 	 253.015581 	 64967.863931 	 4465904389.755335 
5787 	 -187.323630 	 187.323630 	 35749.713167 	 1368870795.463045 
5788 	 -192.542772 	 192.542772 	 37622.697951 	 1502399051.011719 
5789 	 -247.431658 	 247.431658 	 61707.680365 	 3928157867.907715 
5790 	 -262.375375 	 262.375375 	 69475.231321 	 5004458609.694661 
5791 	 -292.876017 	 292.876017 	 86375.531220 	 7665627646.495739 
5792 	 -210.580474 	 210.580474 	 47124.107580 	 2737249466.176325 
5793 	 -229.931661 	 229.931661 	 53576.248712 	 3019127583.524982 
5794 	 -264.704554 	 264.704554 	 70451.839357 	 5066972395.555198 
5795 	 -254.800530 	 254.800530 	 66061.300441 	 4629759006.488558 
5796 	 -223.874806 	 223.874806 	 50446.347717 	 2611564984.230963 
5797 	 -243.657540 	 243.657540 	 60282.477295 	 3859133215.834017 
5798 	 -243.581734 	 243.581734 	 60170.113032 	 3813363571.588869 
5799 	 -253.345098 	 253.345098 	 64588.509876 	 4276423529.241965 
5800 	 -237.117968 	 237.117968 	 56460.084618 	 3240577475.521823 
5801 	 -203.774657 	 203.774657 	 43690.186491 	 2260228668.759829 
5802 	 -212.041635 	 212.041635 	 46402.448789 	 2402251785.675627 
5803 	 -204.328505 	 204.328505 	 42665.792247 	 1977711562.766059 
5804 	 -243.483829 	 243.483829 	 60235.326912 	 3867244413.962836 
5805 	 -218.457875 	 218.457875 	 48337.383683 	 2446611385.009289 
5806 	 -201.956574 	 201.956574 	 41318.720699 	 1790428109.116925 
5807 	 -198.398668 	 198.398668 	 40433.083491 	 1823052549.144208 
5808 	 -183.159113 	 183.159113 	 33879.422199 	 1191540616.185314 
5809 	 -203.125499 	 203.125499 	 41727.094273 	 1819291806.717463 
5810 	 -200.858358 	 200.858358 	 40952.213553 	 1774115896.734674 
5811 	 -106.761670 	 106.761670 	 15001.875258 	 365473223.581808 
5812 	 -12.007067 	 28.840265 	 1016.649846 	 1664670.421423 
5813 	 -49.484343 	 49.484343 	 2757.244814 	 10923958.601870 
5814 	 -40.132022 	 74.455365 	 6378.884627 	 57144441.382679 
5815 	 85.003935 	 85.016628 	 8968.385491 	 124875545.678942 
5816 	 135.230223 	 135.230223 	 18601.109012 	 367019518.162804 
5817 	 188.713986 	 188.713986 	 37767.957562 	 1698339315.667230 
5818 	 263.002891 	 263.002891 	 70028.697636 	 5142204663.665777 
5819 	 259.100979 	 259.100979 	 67437.468987 	 4631197781.172730 
5820 	 242.667712 	 242.667712 	 59317.556677 	 3622051635.977348 
5821 	 234.837510 	 234.837510 	 55982.225885 	 3316408434.628913 
5822 	 122.153000 	 122.153000 	 15727.695233 	 296353945.992619 
5823 	 46.964845 	 72.956727 	 8695.166833 	 196652690.000367 
5824 	 -111.962669 	 111.962669 	 13808.648985 	 248100091.802355 
5825 	 -142.674266 	 142.674266 	 21158.773843 	 523755736.689157 
5826 	 -183.725772 	 183.725772 	 34526.265338 	 1300978921.199720 
5827 	 -234.439058 	 234.439058 	 55614.391442 	 3239017717.820437 
5828 	 -185.451288 	 185.451288 	 36120.577421 	 1539417431.319792 
5829 	 -218.425277 	 218.425277 	 48013.399219 	 2361381405.037557 
5830 	 -177.212928 	 177.212928 	 31932.239607 	 1084871075.988391 
5831 	 -174.563732 	 174.563732 	 30736.626398 	 975395822.280961 
5832 	 -179.339411 	 179.339411 	 34143.585261 	 1403986730.950686 
5833 	 -117.053306 	 117.053306 	 14205.589895 	 233785545.324064 
5834 	 -168.205907 	 168.205907 	 29123.136667 	 943213976.055314 
5835 	 -108.762194 	 108.762194 	 13754.255705 	 286751144.461056 
5836 	 -5.205333 	 33.690660 	 1480.030063 	 4713350.709290 
5837 	 32.058697 	 32.280249 	 1400.141559 	 4546486.820248 
5838 	 35.617091 	 35.687587 	 1551.311311 	 3862471.158437 
5839 	 9.335862 	 22.714269 	 789.372916 	 1526555.312196 
5840 	 -88.085825 	 89.451254 	 9560.594816 	 133021828.949667 
5841 	 -145.867487 	 145.867487 	 22441.932243 	 607123164.565837 
5842 	 -251.715844 	 251.715844 	 63834.426317 	 4191422476.754392 
5843 	 -254.988497 	 254.988497 	 65810.066135 	 4544440577.027052 
5844 	 -199.263449 	 199.263449 	 40448.480857 	 1755368694.422955 
5845 	 -186.297429 	 186.297429 	 36741.497819 	 1678871871.515451 
5846 	 -233.074666 	 233.074666 	 54736.495360 	 3091121540.047222 
5847 	 -220.226021 	 220.226021 	 49075.160549 	 2525518102.522426 
5848 	 -220.925603 	 220.925603 	 49615.482035 	 2617774767.399002 
5849 	 -236.823457 	 236.823457 	 57265.347795 	 3529260035.095874 
5850 	 -226.286668 	 226.286668 	 51828.259023 	 2813954914.927927 
5851 	 -207.501516 	 207.501516 	 43403.651246 	 1944564681.505121 
5852 	 -247.493389 	 247.493389 	 61435.843827 	 3818954010.015759 
5853 	 -199.904156 	 199.904156 	 40404.141786 	 1705811647.581581 
5854 	 -191.948424 	 191.948424 	 37718.196643 	 1543948379.462340 
5855 	 -200.634281 	 200.634281 	 40646.042475 	 1712615059.907631 
5856 	 -212.140086 	 212.140086 	 45497.204491 	 2146768186.823515 
5857 	 -165.371239 	 165.371239 	 27719.929536 	 809086492.043386 
5858 	 -138.762895 	 138.762895 	 21046.188616 	 593582134.495519 
5859 	 -96.172873 	 96.172873 	 10181.327806 	 134657087.945223 
5860 	 -183.601694 	 183.601694 	 37410.863466 	 1903566888.856910 
5861 	 -232.849216 	 232.849216 	 55859.554176 	 3448157301.347979 
5862 	 -236.105806 	 236.105806 	 58679.094572 	 4176521584.641546 
5863 	 -242.289499 	 242.289499 	 60148.144849 	 3977405091.209053 
5864 	 -205.628936 	 205.628936 	 42612.134533 	 1866823091.689700 
5865 	 -132.208869 	 132.208869 	 17895.318684 	 348615875.116025 
5866 	 -71.917402 	 72.026706 	 5819.521079 	 45479229.778668 
5867 	 -77.663815 	 78.428833 	 7284.122654 	 79389198.732560 
5868 	 -133.533372 	 133.533372 	 21585.314433 	 770586836.543396 
5869 	 -270.858155 	 270.858155 	 73803.378171 	 5575320696.097941 
5870 	 -243.182591 	 243.182591 	 59587.916145 	 3648292448.177823 
5871 	 -233.380047 	 233.380047 	 55296.984563 	 3248068243.815629 
5872 	 -252.014468 	 252.014468 	 65524.309173 	 4818970896.788249 
5873 	 -276.446867 	 276.446867 	 77462.218738 	 6307864439.085305 
5874 	 -181.053166 	 181.053166 	 33121.149307 	 1142062955.235306 
5875 	 -204.816325 	 204.816325 	 42972.475416 	 2012810637.378438 
5876 	 -156.961314 	 156.961314 	 25734.485115 	 769989825.615915 
5877 	 -164.782652 	 164.782652 	 27727.929125 	 825129220.288415 
5878 	 -155.803481 	 155.803481 	 25759.563562 	 807587759.548133 
5879 	 -212.644882 	 212.644882 	 46861.500974 	 2482166981.155074 
5880 	 -250.965087 	 250.965087 	 63593.747182 	 4196576213.841494 
5881 	 -248.946091 	 248.946091 	 62617.140743 	 4075016257.677320 
5882 	 -252.910093 	 252.910093 	 64624.822653 	 4340792081.343381 
5883 	 -216.884554 	 216.884554 	 47499.744100 	 2353753945.101888 
5884 	 -154.299623 	 154.299623 	 26875.597870 	 1011938040.785410 
5885 	 -86.543894 	 86.543894 	 8046.587160 	 83646650.799605 
5886 	 -66.349779 	 66.349779 	 4978.619212 	 36435241.312319 
5887 	 -47.717725 	 47.717725 	 2856.161107 	 12854378.496724 
5888 	 -120.422455 	 120.422455 	 15819.173175 	 331973475.344336 
5889 	 -232.074116 	 232.074116 	 54809.796216 	 3207138543.505784 
5890 	 -269.852950 	 269.852950 	 73339.373683 	 5532363091.855695 
5891 	 -174.407582 	 174.407582 	 31382.758168 	 1115128125.821623 
5892 	 -99.200708 	 99.200708 	 11034.233268 	 177770182.766841 
5893 	 -180.514864 	 180.514864 	 33270.066769 	 1201786415.665514 
5894 	 -220.155890 	 220.155890 	 49006.547076 	 2500643844.533764 
5895 	 -192.759155 	 192.759155 	 37698.222190 	 1507356366.201503 
5896 	 -280.576167 	 280.576167 	 79343.381810 	 6479517217.937784 
5897 	 -254.698251 	 254.698251 	 64959.226050 	 4242315721.403795 
5898 	 -262.582946 	 262.582946 	 69812.138010 	 5081549031.569519 
5899 	 -173.840565 	 173.840565 	 30660.763950 	 993405185.819598 
5900 	 -258.291163 	 258.291163 	 68616.017516 	 5195838479.944487 
5901 	 -226.282461 	 226.282461 	 51759.728403 	 2795601129.890078 
5902 	 -203.367061 	 203.367061 	 41509.754576 	 1748694340.047089 
5903 	 -191.628555 	 191.628555 	 37199.894381 	 1453350701.824131 
5904 	 -111.634155 	 111.634155 	 13521.193992 	 243136735.366405 
5905 	 -106.304575 	 106.304575 	 14050.329684 	 349373033.674049 
5906 	 -239.246197 	 239.246197 	 58306.964421 	 3640712152.752385 
5907 	 -174.763272 	 174.763272 	 34237.276442 	 1679336678.551392 
5908 	 -189.146946 	 189.146946 	 36024.383527 	 1333070149.874257 
5909 	 -237.642020 	 237.642020 	 56863.730902 	 3323319315.742149 
5910 	 -153.130307 	 153.130307 	 24503.859163 	 694497609.401264 
5911 	 -111.379556 	 111.379556 	 14029.331972 	 272927071.696349 
5912 	 15.581051 	 20.413611 	 587.266561 	 723764.352302 
5913 	 128.602327 	 128.602327 	 18239.404474 	 427212171.547222 
5914 	 207.752311 	 207.752311 	 43599.146467 	 1987319749.315086 
5915 	 180.924603 	 180.924603 	 33752.004867 	 1268099669.331048 
5916 	 174.256177 	 174.256177 	 30904.971927 	 1025139608.502876 
5917 	 212.246721 	 212.246721 	 45432.972537 	 2133763851.061975 
5918 	 223.596436 	 223.596436 	 51346.356283 	 2887532092.026833 
5919 	 237.503683 	 237.503683 	 56850.547598 	 3337493413.365948 
5920 	 244.215685 	 244.215685 	 60305.428854 	 3787027194.274626 
5921 	 274.727580 	 274.727580 	 75742.927652 	 5816561411.435512 
5922 	 259.786532 	 259.786532 	 68129.639608 	 4808889777.663039 
5923 	 226.302839 	 226.302839 	 52171.512614 	 2937239715.196930 
5924 	 234.477782 	 234.477782 	 56870.882293 	 3617459819.623556 
5925 	 200.531771 	 200.531771 	 40818.361281 	 1763093488.429220 
5926 	 169.309177 	 169.309177 	 29451.794875 	 957468936.779304 
5927 	 196.418922 	 196.418922 	 39182.806857 	 1624541993.056910 
5928 	 228.917940 	 228.917940 	 52989.292524 	 2920074214.957815 
5929 	 303.894694 	 303.894694 	 92718.546345 	 8728667664.349092 
5930 	 297.606514 	 297.606514 	 88989.875741 	 8066054960.829637 
5931 	 182.084931 	 182.084931 	 37640.984199 	 2122760147.443535 
5932 	 190.023494 	 190.023494 	 36420.864236 	 1372585828.335618 
5933 	 229.294034 	 229.294034 	 53197.088721 	 2958065471.162554 
5934 	 206.334464 	 206.334464 	 43713.543986 	 2105093802.319296 
5935 	 228.708321 	 228.708321 	 52815.376666 	 2897677473.214474 
5936 	 220.935736 	 220.935736 	 49176.328188 	 2487359893.882820 
5937 	 223.080379 	 223.080379 	 50093.178156 	 2574943213.914938 
5938 	 258.235800 	 258.235800 	 67696.513516 	 4881270709.274529 
5939 	 279.407574 	 279.407574 	 78356.501767 	 6229241023.785229 
5940 	 311.738299 	 311.738299 	 97639.701299 	 9711937609.292824 
5941 	 264.665540 	 264.665540 	 71243.305993 	 5402741125.638614 
5942 	 237.622231 	 237.622231 	 57460.158153 	 3519589353.982459 
5943 	 205.511380 	 205.511380 	 43960.939196 	 2220869682.700045 
5944 	 227.792230 	 227.792230 	 52364.906446 	 2833784959.303477 
5945 	 263.676778 	 263.676778 	 70490.232921 	 5226162809.962563 
5946 	 258.225400 	 258.225400 	 67473.556213 	 4776643150.461354 
5947 	 170.141956 	 170.141956 	 29201.138298 	 886601394.032387 
5948 	 167.019616 	 167.019616 	 28365.307032 	 856796238.010022 
5949 	 210.165378 	 210.165378 	 47319.228093 	 2817582098.858964 
5950 	 255.377057 	 255.377057 	 65604.568176 	 4404765306.303623 
5951 	 245.516263 	 245.516263 	 61867.272900 	 4224417759.262477 
5952 	 283.218585 	 283.218585 	 80451.457472 	 6547716816.840181 
5953 	 270.622832 	 270.622832 	 74462.662768 	 5916035544.745736 
5954 	 224.719573 	 224.719573 	 51059.878160 	 2717483792.821491 
5955 	 255.920069 	 255.920069 	 66040.166216 	 4496291390.629375 
5956 	 225.508770 	 225.508770 	 51244.964574 	 2705348979.772621 
5957 	 203.911078 	 203.911078 	 42548.896986 	 1966257684.872827 
5958 	 209.884111 	 209.884111 	 44388.674514 	 2026695090.980206 
5959 	 201.260511 	 201.260511 	 40985.892625 	 1753472518.403531 
5960 	 213.942349 	 213.942349 	 46962.366191 	 2427374280.224981 
5961 	 128.198165 	 128.198165 	 19103.840481 	 573803442.968673 
5962 	 144.332768 	 144.332768 	 22582.424711 	 653705961.341210 
5963 	 148.801259 	 148.801259 	 22339.973025 	 517978286.160831 
5964 	 171.973466 	 171.973466 	 30556.926279 	 1064201536.005902 
5965 	 235.802606 	 235.802606 	 56167.342596 	 3281333409.456653 
5966 	 261.617031 	 261.617031 	 68868.114635 	 4865583087.801203 
5967 	 272.498604 	 272.498604 	 74667.926604 	 5693659615.605981 
5968 	 245.574668 	 245.574668 	 61100.303140 	 3919792719.953054 
5969 	 184.586946 	 184.586946 	 35148.571266 	 1354969935.185955 
5970 	 224.765239 	 224.765239 	 51189.432848 	 2740093140.128000 
5971 	 239.730847 	 239.730847 	 57802.206248 	 3416813696.821902 
5972 	 255.984880 	 255.984880 	 65815.642031 	 4408457657.456266 
5973 	 220.731103 	 220.731103 	 49094.416176 	 2484733568.522468 
5974 	 216.548514 	 216.548514 	 47972.146553 	 2530711760.442949 
5975 	 107.549932 	 107.549932 	 14127.270458 	 339078086.513396 
5976 	 31.132672 	 33.990711 	 1707.845061 	 6158954.066639 
5977 	 53.135782 	 64.357477 	 5664.830889 	 59092535.938148 
5978 	 -33.174435 	 45.191572 	 2590.113480 	 14237952.486856 
5979 	 59.648591 	 59.648591 	 4782.881826 	 48179779.124783 
5980 	 134.492874 	 134.492874 	 18404.461503 	 360635019.083587 
5981 	 148.483875 	 148.483875 	 24572.226299 	 866967363.038114 
5982 	 253.875676 	 253.875676 	 64853.330304 	 4308392403.961199 
5983 	 268.303603 	 268.303603 	 72787.822871 	 5531413894.032003 
5984 	 233.986935 	 233.986935 	 55993.082002 	 3444077355.401913 
5985 	 234.043971 	 234.043971 	 55506.029807 	 3242841257.518546 
5986 	 203.427277 	 203.427277 	 44430.198551 	 2453849385.605414 
5987 	 174.282631 	 174.282631 	 31505.378693 	 1138520013.199259 
5988 	 175.407639 	 175.407639 	 31744.057830 	 1116427071.724171 
5989 	 245.901312 	 245.901312 	 60779.796912 	 3769305438.101556 
5990 	 246.689759 	 246.689759 	 61837.923009 	 4064464448.141212 
5991 	 219.258772 	 219.258772 	 48659.468529 	 2478552381.547020 
5992 	 207.040551 	 207.040551 	 43140.032921 	 1907152850.620700 
5993 	 217.887882 	 217.887882 	 48226.178628 	 2468278579.658729 
5994 	 222.919051 	 222.919051 	 51416.426037 	 2938292329.095639 
5995 	 164.870409 	 164.870409 	 27786.723337 	 836282660.276826 
5996 	 95.862815 	 96.375560 	 10816.960871 	 158968448.551567 
5997 	 109.114280 	 109.114280 	 13422.706013 	 241276095.744214 
5998 	 127.510151 	 127.510151 	 19502.624715 	 635483843.192648 
5999 	 205.796439 	 205.796439 	 43040.805316 	 1963834918.104300 
6000 	 184.035656 	 184.035656 	 34309.935512 	 1238130171.354289 

%ACCRATE = 0.895125
