%%%%%%%%%%%%%%%%%%%%%%%%%%%%%%%%%%%%%%%%%%%%%%%%%%%%%%%%%%%%%%%%%%%%%%%%%%%
%SIMULAZIONE D = 3, L = 4, V = 64
%NUMERO DI MISURE PER OGNI KAPPA: T = 100
%%%%%%%%%%%%%%%%%%%%%%%%%%%%%%%%%%%%%%%%%%%%%%%%%%%%%%%%%%%%%%%%%%%%%%%%%%%
1 	 -9.388356 	 23.496037 	 715.590782 	 933515.425944 
2 	 -3.934938 	 28.497267 	 970.048572 	 1437366.091782 
3 	 -12.193435 	 29.854069 	 1091.465048 	 1772864.019640 
4 	 15.092122 	 29.183150 	 1031.345480 	 1589950.818066 
5 	 -0.231064 	 27.567288 	 952.381426 	 1470690.938674 
6 	 12.546655 	 30.636701 	 1113.444857 	 1826162.122180 
7 	 -25.968053 	 29.150958 	 1046.884645 	 1700476.404916 
8 	 -10.031906 	 26.867712 	 908.681489 	 1333656.072982 
9 	 0.842398 	 27.298660 	 906.409783 	 1256411.833031 
10 	 -16.774304 	 29.305440 	 1035.834884 	 1643621.816898 
11 	 -11.864478 	 30.860019 	 1098.621236 	 1704537.827886 
12 	 14.918028 	 28.112872 	 982.574290 	 1497824.313758 
13 	 12.444592 	 29.978297 	 1047.739516 	 1569277.695472 
14 	 22.190884 	 30.284066 	 1090.616415 	 1759048.956847 
15 	 -5.965310 	 30.299865 	 1077.963303 	 1671548.786086 
16 	 -13.179488 	 29.156397 	 1050.672003 	 1738485.970296 
17 	 -17.167793 	 30.380211 	 1069.799893 	 1613654.092160 
18 	 19.853978 	 28.255888 	 949.527985 	 1367145.388334 
19 	 24.378834 	 28.160913 	 992.821475 	 1555775.995066 
20 	 -7.853454 	 30.458705 	 1093.378796 	 1712113.602115 
21 	 -10.988837 	 29.789986 	 1064.853326 	 1705592.189358 
22 	 -6.289394 	 28.453524 	 985.244370 	 1495076.585991 
23 	 -7.540172 	 28.053185 	 959.336269 	 1443273.431453 
24 	 16.133322 	 29.993101 	 1048.561233 	 1591416.884354 
25 	 14.506968 	 28.064105 	 943.351050 	 1372427.699762 
26 	 -12.556667 	 28.078604 	 967.081775 	 1472564.646783 
27 	 -18.711831 	 26.411814 	 881.113391 	 1281341.951026 
28 	 -6.869351 	 29.285860 	 1041.901568 	 1657338.752838 
29 	 -6.262753 	 29.286129 	 1014.882445 	 1494651.750295 
30 	 -1.676112 	 26.316131 	 887.407531 	 1320550.599652 
31 	 -15.014783 	 29.962836 	 1068.420657 	 1696315.051415 
32 	 4.861163 	 24.690053 	 807.918936 	 1176177.972043 
33 	 -27.184130 	 30.859859 	 1112.509006 	 1774000.357077 
34 	 4.016907 	 30.479990 	 1094.850707 	 1747775.973895 
35 	 3.429622 	 29.081724 	 1053.924077 	 1722071.054590 
36 	 -1.200114 	 28.589372 	 1004.744529 	 1591155.346833 
37 	 -6.405084 	 27.127205 	 928.806012 	 1441231.431410 
38 	 -3.237730 	 31.008667 	 1127.929864 	 1806349.878260 
39 	 -11.672497 	 29.671688 	 1044.333377 	 1655301.783630 
40 	 -11.037405 	 26.665972 	 928.439442 	 1464372.201640 
41 	 1.117265 	 25.887057 	 855.940344 	 1220690.303250 
42 	 -12.858600 	 27.157792 	 955.294049 	 1552474.242873 
43 	 0.175715 	 27.034773 	 935.728307 	 1468592.539573 
44 	 -2.780735 	 27.632612 	 976.123226 	 1592458.381243 
45 	 -0.858081 	 22.068439 	 688.589489 	 934729.994608 
46 	 -4.060342 	 28.886440 	 1022.122450 	 1600586.670899 
47 	 -10.360330 	 26.519552 	 875.649024 	 1265367.010387 
48 	 -11.947131 	 23.265206 	 716.025108 	 929335.450476 
49 	 21.579703 	 30.931969 	 1109.775464 	 1731442.444211 
50 	 -13.222169 	 28.131566 	 983.993717 	 1517869.503409 
51 	 -8.674439 	 29.005968 	 1007.691670 	 1547599.460064 
52 	 -2.001866 	 28.400326 	 979.424020 	 1465154.414746 
53 	 -9.579861 	 25.145524 	 828.461019 	 1195661.003737 
54 	 9.869046 	 26.908205 	 891.341925 	 1281573.754001 
55 	 -17.039077 	 29.224574 	 1043.509031 	 1683324.921155 
56 	 -3.894339 	 33.685116 	 1258.893879 	 2054905.705854 
57 	 -10.970627 	 25.927257 	 877.242829 	 1308699.064647 
58 	 -7.689739 	 28.391799 	 998.804192 	 1571468.130902 
59 	 11.742160 	 25.749353 	 851.078366 	 1292875.093694 
60 	 -6.380206 	 27.301211 	 904.597677 	 1266745.404500 
61 	 0.858934 	 25.795296 	 832.897164 	 1128959.910320 
62 	 0.439526 	 30.035332 	 1096.907642 	 1830403.458928 
63 	 14.178616 	 29.720900 	 1070.188374 	 1733261.238119 
64 	 14.582588 	 31.395029 	 1126.722042 	 1750783.975600 
65 	 -5.591390 	 35.205610 	 1345.132029 	 2277389.777621 
66 	 9.988402 	 32.307367 	 1188.955212 	 1934805.241001 
67 	 -15.620825 	 30.292134 	 1118.665522 	 1888170.748862 
68 	 -15.937839 	 24.337179 	 794.951747 	 1171501.905028 
69 	 8.057443 	 26.724661 	 892.490300 	 1294035.596782 
70 	 -11.613053 	 29.310181 	 1052.971372 	 1689571.665038 
71 	 -5.405005 	 27.935240 	 963.449337 	 1470619.228483 
72 	 -7.770958 	 23.948475 	 776.409992 	 1151449.782523 
73 	 1.125766 	 24.577757 	 784.412701 	 1092555.533202 
74 	 -15.080029 	 27.174374 	 935.052821 	 1435483.602204 
75 	 -12.592512 	 30.163652 	 1089.336038 	 1769583.054808 
76 	 25.565221 	 29.941353 	 1045.137316 	 1560176.712541 
77 	 -11.096607 	 29.582932 	 1054.413797 	 1690823.871453 
78 	 0.032372 	 27.355659 	 907.610461 	 1265880.009910 
79 	 -14.118928 	 24.447381 	 791.098025 	 1125788.522951 
80 	 7.925797 	 24.803405 	 829.336662 	 1232602.287067 
81 	 13.525462 	 30.899366 	 1086.473854 	 1621077.191950 
82 	 15.318605 	 30.171534 	 1072.326573 	 1651568.488398 
83 	 -8.608227 	 26.767815 	 899.502180 	 1354162.385617 
84 	 -4.377414 	 30.594006 	 1111.336236 	 1812523.015558 
85 	 -1.148831 	 29.131471 	 1000.882272 	 1449625.201379 
86 	 10.017459 	 26.372607 	 880.401500 	 1276734.663653 
87 	 -5.242013 	 28.000884 	 961.650124 	 1441202.620233 
88 	 -17.201194 	 31.290356 	 1158.855301 	 1943424.565771 
89 	 -0.956018 	 29.280798 	 1035.701060 	 1632714.272488 
90 	 -15.122075 	 27.026748 	 886.484583 	 1197997.111087 
91 	 -17.751321 	 29.896115 	 1102.952942 	 1888757.033953 
92 	 10.649576 	 27.449207 	 951.987835 	 1482566.463296 
93 	 -12.958126 	 30.849767 	 1094.755704 	 1678049.432493 
94 	 -8.529712 	 27.892282 	 952.624335 	 1425197.718373 
95 	 16.176282 	 29.323036 	 1046.621494 	 1686292.538530 
96 	 -14.028748 	 29.257092 	 1033.798738 	 1591371.085258 
97 	 -9.689988 	 25.577510 	 841.118482 	 1245942.180918 
98 	 12.113932 	 28.834665 	 1010.454472 	 1571684.082920 
99 	 -2.715792 	 27.037322 	 947.578797 	 1525317.094327 
100 	 -6.933885 	 26.882161 	 896.853674 	 1301302.578977 
%ACCRATE = 0.898510

%%%%%%%%%%%%%%%%%%%%%%%%%%%%%%%%%%%%%%%%%%%%%%%%%%%%%%%%%%%%%%%%%%%%%%%%%%%
%SIMULAZIONE D = 3, L = 6, V = 216
%NUMERO DI MISURE PER OGNI KAPPA: T = 100
%%%%%%%%%%%%%%%%%%%%%%%%%%%%%%%%%%%%%%%%%%%%%%%%%%%%%%%%%%%%%%%%%%%%%%%%%%%
1 	 38.543069 	 58.089144 	 4936.584114 	 51364652.990769 
2 	 -26.553975 	 70.685230 	 6268.635507 	 63548346.402886 
3 	 -54.247194 	 71.829813 	 6892.689169 	 83772896.558719 
4 	 -60.830040 	 78.493794 	 7503.785029 	 90250338.847591 
5 	 -12.101280 	 87.164090 	 9159.486986 	 122020087.932712 
6 	 -7.644681 	 86.531547 	 9309.904785 	 136734413.299461 
7 	 66.251800 	 77.839479 	 7316.390679 	 82993809.445688 
8 	 -76.853855 	 93.973572 	 9808.739668 	 127666362.033056 
9 	 64.247991 	 93.861181 	 9979.693139 	 134697559.464422 
10 	 92.405765 	 92.921942 	 9737.580913 	 125987968.708375 
11 	 50.763088 	 72.000775 	 6313.371440 	 64334737.034333 
12 	 -96.295419 	 96.295419 	 10017.232121 	 126361529.302860 
13 	 -30.659081 	 69.081213 	 5974.391149 	 58790505.117690 
14 	 -53.503581 	 73.125773 	 6599.830059 	 69902253.278779 
15 	 -84.812939 	 85.005484 	 8428.607809 	 100504392.373025 
16 	 33.251117 	 81.320561 	 8158.293182 	 104671409.525617 
17 	 -9.936937 	 93.530669 	 9814.281480 	 128363899.470658 
18 	 -41.929543 	 79.981955 	 7821.569337 	 94041324.552848 
19 	 -93.590285 	 93.590285 	 9543.932820 	 116508041.309600 
20 	 -70.206829 	 94.314920 	 9753.686304 	 121849333.250128 
21 	 52.374539 	 72.364892 	 6571.507968 	 73810791.262794 
22 	 26.886836 	 63.093602 	 5313.885892 	 53783667.423345 
23 	 79.194927 	 84.620411 	 8256.028585 	 96914525.572378 
24 	 32.165019 	 76.875258 	 7262.081382 	 81343536.708146 
25 	 -20.912632 	 83.735338 	 8464.133094 	 103475807.896244 
26 	 -71.496847 	 76.767554 	 7300.485766 	 86388214.291733 
27 	 -51.061954 	 79.722008 	 7732.504018 	 89464803.557546 
28 	 48.947837 	 84.378929 	 8372.411954 	 101920900.710948 
29 	 69.028793 	 73.995876 	 7208.097299 	 89590075.480421 
30 	 16.080985 	 79.148160 	 7736.093815 	 95684969.239659 
31 	 -14.267136 	 62.978660 	 5120.117074 	 44944476.741436 
32 	 70.318453 	 76.817004 	 7026.954184 	 75704710.228619 
33 	 0.728225 	 71.917891 	 6711.836619 	 76728094.335410 
34 	 -80.780114 	 81.041523 	 7676.606873 	 86481745.632803 
35 	 -58.954669 	 70.849231 	 6728.758094 	 81734448.936324 
36 	 45.416623 	 71.108460 	 6611.536865 	 75999173.600976 
37 	 -73.451571 	 75.989363 	 7108.917428 	 79099603.742236 
38 	 -24.646929 	 88.482937 	 8926.473007 	 108225928.024084 
39 	 -78.111554 	 79.404725 	 7493.153436 	 84106760.503015 
40 	 3.341102 	 78.258364 	 7801.307429 	 99724191.869497 
41 	 29.989749 	 80.616198 	 7576.566680 	 84844930.824707 
42 	 -3.671295 	 96.384919 	 10233.055639 	 135771888.977915 
43 	 -13.946040 	 59.329470 	 4949.505623 	 48577065.639387 
44 	 -84.875341 	 85.025175 	 8238.353203 	 93458420.818111 
45 	 -59.598774 	 88.539195 	 9308.972139 	 123600382.324177 
46 	 12.278967 	 62.686851 	 5403.862636 	 59980973.421176 
47 	 73.820902 	 82.440849 	 8332.918689 	 105183764.900352 
48 	 -7.400317 	 64.597719 	 5524.837684 	 56759801.333775 
49 	 68.443771 	 70.428634 	 6148.387866 	 60876337.805902 
50 	 -16.160551 	 77.341439 	 7221.480188 	 81605228.152329 
51 	 -67.229446 	 81.664440 	 7863.808603 	 92361920.463013 
52 	 14.139681 	 73.974308 	 6953.315798 	 81008859.829324 
53 	 37.842182 	 95.186791 	 10270.839495 	 140452099.484155 
54 	 -45.017199 	 91.417385 	 9912.446925 	 139083407.233870 
55 	 -37.363217 	 87.851554 	 8902.988325 	 113878206.989635 
56 	 -52.520152 	 81.855932 	 7786.076192 	 83421513.679717 
57 	 9.859424 	 76.274964 	 7158.037030 	 82509169.535758 
58 	 -67.799272 	 83.385946 	 8425.212917 	 110816865.261865 
59 	 -87.804653 	 87.811326 	 8598.571891 	 98663598.817033 
60 	 -61.650827 	 82.265431 	 8150.119382 	 102305243.873461 
61 	 80.658261 	 88.067830 	 9035.118087 	 112241505.595551 
62 	 52.194107 	 77.248197 	 7415.428164 	 86494830.577568 
63 	 -39.301071 	 70.140469 	 6555.732257 	 79151736.714769 
64 	 55.425501 	 89.322658 	 9554.010265 	 137776213.078888 
65 	 22.593257 	 80.466604 	 7989.410219 	 101936246.595843 
66 	 52.779700 	 80.220463 	 7678.033630 	 87802081.136389 
67 	 63.494753 	 77.076141 	 7229.917175 	 81074295.718759 
68 	 -65.829289 	 78.496191 	 7393.128649 	 84385273.398445 
69 	 -34.452564 	 73.164655 	 6919.292189 	 83301542.855039 
70 	 14.944748 	 76.893100 	 7501.732802 	 92970811.498955 
71 	 -28.677519 	 98.034218 	 11029.638120 	 162304136.085159 
72 	 -82.782819 	 82.942963 	 8005.852064 	 91086065.410632 
73 	 1.941646 	 61.890715 	 5280.409303 	 52887120.060787 
74 	 41.982255 	 84.992131 	 8604.289872 	 110186261.693611 
75 	 35.647443 	 74.442224 	 7220.369862 	 92415855.741863 
76 	 -46.321155 	 85.458481 	 8605.531519 	 104302831.354895 
77 	 93.526477 	 94.734692 	 10150.216830 	 135543369.123208 
78 	 -20.390785 	 80.170175 	 7537.716034 	 83588815.433592 
79 	 -82.627254 	 84.070074 	 8296.086607 	 99615845.547543 
80 	 -8.562625 	 73.484040 	 6657.368927 	 69015444.163713 
81 	 65.827494 	 84.020764 	 8705.885085 	 117121017.356459 
82 	 32.817881 	 72.276253 	 6912.787974 	 85441455.449069 
83 	 -34.056734 	 76.103850 	 7012.477924 	 81191692.511851 
84 	 -42.804317 	 94.959565 	 9818.326627 	 124017339.647287 
85 	 23.537694 	 55.600463 	 4520.454326 	 45392274.118557 
86 	 -74.091491 	 91.844410 	 9549.039185 	 122745473.031108 
87 	 -84.251297 	 87.861320 	 9004.783743 	 114811988.848253 
88 	 55.682113 	 75.009108 	 7000.999208 	 78399418.842511 
89 	 72.942275 	 75.120551 	 6936.560558 	 78594966.014160 
90 	 -54.453887 	 79.207339 	 7561.934016 	 88102979.249020 
91 	 -32.984271 	 66.641600 	 6147.865172 	 72602550.764578 
92 	 5.493314 	 68.358600 	 6115.933171 	 65628142.802408 
93 	 20.651650 	 79.776353 	 7621.332949 	 89203595.200417 
94 	 66.122317 	 73.662271 	 6815.407351 	 78543078.327322 
95 	 78.982450 	 79.089402 	 7578.907180 	 91047839.058282 
96 	 -12.685091 	 78.371800 	 7590.241238 	 91284337.112370 
97 	 58.042658 	 83.130634 	 8115.797657 	 97321820.577072 
98 	 -17.909378 	 65.609837 	 5668.459781 	 59415826.901088 
99 	 -39.045307 	 81.963253 	 8178.994934 	 102764873.482587 
100 	 -68.846651 	 76.802071 	 7640.618428 	 99936872.108037 
%ACCRATE = 0.885580

%%%%%%%%%%%%%%%%%%%%%%%%%%%%%%%%%%%%%%%%%%%%%%%%%%%%%%%%%%%%%%%%%%%%%%%%%%%
%SIMULAZIONE D = 3, L = 8, V = 512
%NUMERO DI MISURE PER OGNI KAPPA: T = 100
%%%%%%%%%%%%%%%%%%%%%%%%%%%%%%%%%%%%%%%%%%%%%%%%%%%%%%%%%%%%%%%%%%%%%%%%%%%
1 	 197.190404 	 197.190404 	 44416.031315 	 2699931055.049869 
2 	 -65.956625 	 153.454052 	 29633.819217 	 1521494670.596764 
3 	 -196.584787 	 196.919973 	 43920.260382 	 2585384759.545761 
4 	 -96.353864 	 153.424330 	 28391.150487 	 1243220920.170138 
5 	 178.553446 	 178.553446 	 37209.235045 	 2033968514.140273 
6 	 193.877841 	 193.927831 	 43247.302324 	 2551387328.915707 
7 	 -95.299720 	 169.604057 	 34200.964956 	 1765605947.474339 
8 	 6.251511 	 134.734373 	 23634.469182 	 1016190119.883117 
9 	 -199.738222 	 199.738222 	 42307.229626 	 2164367170.000109 
10 	 23.013974 	 162.993194 	 30094.179583 	 1264241307.153163 
11 	 -172.419637 	 196.512132 	 42486.925168 	 2294416583.823771 
12 	 51.549814 	 127.676590 	 23943.413103 	 1166173067.887220 
13 	 149.414244 	 149.450071 	 26974.891673 	 1204282781.095151 
14 	 -94.781422 	 124.895233 	 20527.877590 	 780751483.051538 
15 	 -57.026473 	 186.679501 	 39450.326130 	 2067804114.667080 
16 	 -46.306732 	 120.219474 	 19672.194577 	 738958938.113475 
17 	 87.489287 	 168.539326 	 33519.465031 	 1628178996.875157 
18 	 37.241890 	 153.207762 	 28102.107177 	 1209328588.282136 
19 	 167.696547 	 167.702076 	 32857.335254 	 1627469338.628056 
20 	 176.514450 	 176.838057 	 37119.095978 	 2039296218.770514 
21 	 137.664255 	 153.148507 	 29193.127606 	 1357936203.715285 
22 	 109.741277 	 150.989971 	 29667.109077 	 1522508164.626784 
23 	 188.668363 	 189.214010 	 41141.420451 	 2291149764.713474 
24 	 189.646733 	 189.646733 	 39017.205462 	 1985941468.609797 
25 	 -129.854364 	 134.429337 	 25502.128461 	 1394669514.676972 
26 	 -82.696380 	 100.875455 	 14163.798499 	 441517532.532913 
27 	 -97.215669 	 167.775771 	 34971.924599 	 1967813457.503908 
28 	 -61.620870 	 168.962280 	 34025.997050 	 1741422056.886437 
29 	 194.517795 	 194.517795 	 42367.511114 	 2424634262.900140 
30 	 -26.904138 	 152.059146 	 27296.632937 	 1084743545.471704 
31 	 -115.464525 	 149.557011 	 28019.039504 	 1276672114.845520 
32 	 149.722166 	 151.642091 	 28633.315060 	 1411646780.788433 
33 	 -216.773855 	 220.618581 	 51672.690947 	 3154184980.326138 
34 	 -50.710097 	 167.677929 	 34748.355252 	 1855396878.248552 
35 	 208.887406 	 208.887406 	 47065.764814 	 2772855621.521068 
36 	 -24.736211 	 173.277874 	 36741.328726 	 2000394938.600201 
37 	 33.612650 	 187.790886 	 41686.590270 	 2538277693.369696 
38 	 89.449770 	 164.215974 	 30751.560294 	 1295280401.474196 
39 	 40.408281 	 175.520013 	 35709.147850 	 1782780685.158118 
40 	 187.652786 	 200.390617 	 45485.662817 	 2712910002.922958 
41 	 27.557078 	 143.389849 	 25785.206933 	 1082265301.585094 
42 	 -117.168000 	 152.704710 	 30878.310827 	 1665202833.519725 
43 	 -207.771958 	 211.158358 	 50476.160762 	 3265636618.661170 
44 	 -191.505784 	 191.510558 	 40633.075425 	 2177111449.954706 
45 	 -63.585223 	 128.074038 	 21717.844598 	 873395032.762612 
46 	 -180.789260 	 181.103321 	 37085.128290 	 1839562614.465904 
47 	 -195.905385 	 197.306819 	 43549.436351 	 2481659996.828189 
48 	 22.970530 	 164.933844 	 33512.147793 	 1722564013.540963 
49 	 23.158181 	 174.400508 	 37101.827009 	 2078827687.114476 
50 	 118.174376 	 176.635962 	 38031.607823 	 2118821896.114253 
51 	 -140.926261 	 152.686190 	 29076.055677 	 1383249286.838438 
52 	 -167.473992 	 167.517372 	 32586.734779 	 1610015611.170144 
53 	 70.037251 	 148.273136 	 27816.340499 	 1319183728.594771 
54 	 -171.487510 	 174.103784 	 36707.373056 	 2024284025.573126 
55 	 -192.954356 	 195.717404 	 42546.907658 	 2349106858.203141 
56 	 -208.212998 	 208.240576 	 48629.970494 	 3126357970.062709 
57 	 61.801041 	 156.948758 	 29443.684227 	 1320968775.226738 
58 	 -181.572373 	 182.889660 	 37705.048872 	 1886683834.445385 
59 	 -45.101002 	 160.033615 	 32074.001298 	 1671084804.699919 
60 	 -107.550533 	 196.118287 	 44494.793825 	 2771455335.283675 
61 	 -214.143257 	 214.143257 	 49186.976205 	 2988027781.167824 
62 	 -212.234577 	 212.773240 	 48961.060134 	 2868653588.014835 
63 	 -42.131399 	 151.354522 	 29215.071585 	 1425984093.995202 
64 	 -198.592752 	 198.620730 	 43218.159384 	 2378289013.066670 
65 	 -188.084396 	 188.084396 	 40326.185917 	 2238233587.003028 
66 	 154.064029 	 205.487390 	 46016.856874 	 2635739299.579720 
67 	 226.256737 	 226.256737 	 54084.288129 	 3472289635.923713 
68 	 175.927360 	 178.902031 	 37533.687164 	 1970356706.217410 
69 	 84.729590 	 161.606416 	 33226.793293 	 1854608652.858353 
70 	 3.919040 	 143.923685 	 27008.978305 	 1316702980.636791 
71 	 52.740969 	 181.983900 	 38656.091886 	 2143809735.660337 
72 	 120.620887 	 154.908058 	 29582.787600 	 1407066214.419716 
73 	 193.573695 	 193.573695 	 40852.586506 	 2158684042.428798 
74 	 66.674813 	 141.065776 	 26954.604257 	 1346242801.723763 
75 	 227.516124 	 227.516124 	 53458.246026 	 3209943120.581025 
76 	 45.443359 	 166.897419 	 34151.753138 	 1938170880.827987 
77 	 -88.681266 	 141.355108 	 25636.467187 	 1157450602.407175 
78 	 -185.487072 	 194.946774 	 43356.116977 	 2472568992.044859 
79 	 -180.344708 	 193.154778 	 43650.860952 	 2726012980.027145 
80 	 -104.166506 	 164.794390 	 32218.275297 	 1541110772.595359 
81 	 205.220548 	 205.220548 	 45511.117757 	 2645283678.634132 
82 	 -167.699040 	 183.733996 	 37231.291081 	 1833719010.830479 
83 	 -21.616416 	 120.435837 	 19369.263521 	 768497714.148327 
84 	 -185.292897 	 186.023849 	 38994.822463 	 2024809173.943697 
85 	 -98.951935 	 145.034338 	 26988.308491 	 1308443615.134240 
86 	 -7.273424 	 167.019109 	 34560.788046 	 1876256639.010611 
87 	 -188.591249 	 188.591249 	 38803.865166 	 1914477013.294794 
88 	 -52.205036 	 189.081990 	 41007.000669 	 2279742007.456521 
89 	 165.810272 	 167.671218 	 34170.920719 	 1814794665.827796 
90 	 41.577722 	 127.225715 	 21225.185986 	 805530918.962121 
91 	 143.632183 	 168.072329 	 35877.187760 	 2070713712.663496 
92 	 223.543704 	 223.543704 	 52441.061424 	 3211563848.496259 
93 	 181.291167 	 187.567360 	 42710.103223 	 2591026961.042367 
94 	 178.189113 	 178.514639 	 38541.427749 	 2229152947.227159 
95 	 233.841110 	 233.841110 	 56523.823233 	 3587821247.492504 
96 	 203.983428 	 204.042424 	 45563.367245 	 2563735198.898740 
97 	 121.563032 	 158.083486 	 30481.780957 	 1457058885.414728 
98 	 -10.561029 	 177.012101 	 35906.746882 	 1807802983.351897 
99 	 -226.254563 	 226.254563 	 53283.169981 	 3264077121.481841 
100 	 -64.069246 	 186.861148 	 40972.080292 	 2443291069.289793 
%ACCRATE = 0.895410

%%%%%%%%%%%%%%%%%%%%%%%%%%%%%%%%%%%%%%%%%%%%%%%%%%%%%%%%%%%%%%%%%%%%%%%%%%%
%SIMULAZIONE D = 3, L = 10, V = 1000
%NUMERO DI MISURE PER OGNI KAPPA: T = 100
%%%%%%%%%%%%%%%%%%%%%%%%%%%%%%%%%%%%%%%%%%%%%%%%%%%%%%%%%%%%%%%%%%%%%%%%%%%
1 	 84.774486 	 310.680602 	 114342.027843 	 19742281188.735268 
2 	 -291.302844 	 296.380962 	 107517.552529 	 17776040938.676033 
3 	 176.753635 	 270.971841 	 99129.072856 	 18205216704.684273 
4 	 -331.937154 	 331.937154 	 118901.103763 	 18001763398.725262 
5 	 -389.537998 	 389.537998 	 160721.474590 	 30697727510.241756 
6 	 -346.414924 	 346.414924 	 127312.883618 	 19704172941.187637 
7 	 36.743477 	 270.202551 	 89575.174935 	 12464201996.759232 
8 	 255.905910 	 272.493318 	 87892.629122 	 11542219345.726744 
9 	 309.066968 	 309.066968 	 107510.726425 	 16240564281.368240 
10 	 261.126127 	 263.217182 	 86943.640203 	 12011496760.750067 
11 	 343.082074 	 343.085412 	 129843.395753 	 21786027481.651711 
12 	 396.889774 	 396.889774 	 167567.373510 	 33447713511.116577 
13 	 326.262672 	 329.547419 	 124131.348433 	 21262998318.811497 
14 	 382.090303 	 382.090303 	 156976.118994 	 30279524066.903389 
15 	 388.006566 	 388.107310 	 161482.759991 	 31174806308.661453 
16 	 340.759170 	 348.749901 	 140494.753344 	 26987389498.425022 
17 	 -70.642298 	 279.468038 	 95933.841048 	 14464084051.794243 
18 	 350.586458 	 356.865981 	 138612.624024 	 23621294448.920128 
19 	 319.270666 	 324.191772 	 124017.186667 	 21224398945.828556 
20 	 281.439888 	 283.888357 	 98586.468159 	 14669589366.070827 
21 	 64.183252 	 318.489804 	 113001.762071 	 17459989312.386806 
22 	 -393.987575 	 393.987575 	 162041.817004 	 29894733302.966648 
23 	 -240.334802 	 243.737144 	 76279.530068 	 10170969721.474310 
24 	 -363.052371 	 363.052371 	 137570.281186 	 21501980584.414097 
25 	 -319.208191 	 319.208191 	 116224.776172 	 19607712910.719570 
26 	 -307.891530 	 310.658286 	 111421.787116 	 18157428880.953747 
27 	 -241.439988 	 247.101000 	 77523.355488 	 10666520618.595327 
28 	 -292.607523 	 313.017224 	 119655.637888 	 21493676769.611801 
29 	 -378.656994 	 378.656994 	 150629.678389 	 26967247138.359356 
30 	 -398.090068 	 398.090068 	 164568.058253 	 30494326270.154106 
31 	 -67.571781 	 212.785857 	 67996.410126 	 11711735805.599609 
32 	 364.908788 	 364.908788 	 141311.374484 	 24240483446.438759 
33 	 81.286595 	 334.197102 	 131989.529704 	 24418754218.996063 
34 	 -298.699144 	 301.581245 	 105997.105445 	 15883640747.950912 
35 	 -310.732523 	 311.284380 	 114432.488551 	 19068287157.914616 
36 	 -88.192003 	 342.123670 	 129116.246705 	 21662194559.504097 
37 	 213.030866 	 229.808956 	 68611.489136 	 8234666841.867365 
38 	 -322.329545 	 322.329545 	 116816.142226 	 19248446320.849728 
39 	 -366.508360 	 366.508360 	 139890.608542 	 22486184418.926960 
40 	 -413.242192 	 413.242192 	 183079.477360 	 39629213831.676323 
41 	 -168.486630 	 234.481458 	 77296.468962 	 12034745454.144699 
42 	 -364.334800 	 364.334800 	 140603.477144 	 23822293103.915173 
43 	 114.863321 	 246.878613 	 76563.358658 	 9426504311.830534 
44 	 199.192212 	 226.480706 	 71154.886790 	 11534240475.023230 
45 	 -159.459944 	 290.387786 	 105629.236531 	 17892953755.129406 
46 	 -196.485016 	 272.526011 	 95034.443601 	 14867521905.953133 
47 	 378.926906 	 378.926906 	 151175.398766 	 26946068796.397957 
48 	 351.986405 	 351.986405 	 130897.153915 	 20475739194.259659 
49 	 358.942354 	 358.942354 	 137737.305545 	 23244370582.517738 
50 	 362.047350 	 362.047350 	 141756.445691 	 25998683653.966129 
51 	 69.974239 	 189.022419 	 50594.335963 	 5664952482.521729 
52 	 206.062293 	 305.942413 	 114018.795415 	 19102067894.635914 
53 	 -260.189268 	 266.777433 	 89069.896150 	 12372844303.746384 
54 	 155.876398 	 308.167328 	 109157.729714 	 17109559483.222071 
55 	 325.648467 	 325.820149 	 121583.377381 	 19895175937.237659 
56 	 261.782648 	 263.126157 	 87232.764953 	 12740139452.565027 
57 	 -137.568677 	 251.062592 	 83761.010750 	 11768995251.972357 
58 	 181.630761 	 231.410909 	 71631.438801 	 9638106438.437466 
59 	 -279.587788 	 284.709875 	 96396.593406 	 14057032837.817614 
60 	 -372.687661 	 372.687661 	 150274.058954 	 28205849156.180382 
61 	 229.168085 	 301.006190 	 102036.258227 	 13728835478.558468 
62 	 188.518660 	 255.621493 	 87693.868504 	 14486363366.813120 
63 	 -396.211826 	 396.211826 	 162969.925494 	 29937756817.487347 
64 	 101.722803 	 322.007043 	 114705.542382 	 17111112365.314226 
65 	 357.133894 	 357.133894 	 137590.103834 	 23738770096.732533 
66 	 -235.976823 	 295.151974 	 106965.282659 	 16713935821.966698 
67 	 -342.781622 	 342.853424 	 126574.710494 	 19512491308.559147 
68 	 -382.592313 	 382.592313 	 151332.848227 	 25734031914.857605 
69 	 76.145292 	 299.870168 	 104217.263899 	 15394478602.651003 
70 	 -254.334084 	 288.756451 	 107683.489674 	 18609437517.247971 
71 	 -364.999689 	 364.999689 	 140963.213036 	 24135544515.678898 
72 	 -104.111334 	 322.999374 	 122556.367750 	 20451170314.871433 
73 	 342.485696 	 342.485696 	 128357.123994 	 21929236312.799591 
74 	 325.187276 	 325.187276 	 121771.753772 	 21502672188.368195 
75 	 401.981826 	 401.981826 	 167468.518702 	 31986375136.762371 
76 	 58.769249 	 261.201073 	 90688.949415 	 15236920137.302078 
77 	 152.890711 	 285.542140 	 102605.144987 	 16022570859.794708 
78 	 5.014885 	 254.312694 	 80028.263441 	 10628150796.173565 
79 	 -354.283674 	 359.547812 	 155639.217704 	 32805289314.969299 
80 	 -392.479427 	 392.479427 	 157613.355176 	 27034549315.859764 
81 	 -190.976937 	 239.994859 	 72269.741011 	 9089209415.717485 
82 	 -237.220819 	 342.799271 	 126805.713355 	 19721026644.235455 
83 	 -318.554109 	 318.554109 	 109259.156458 	 14983392761.108757 
84 	 -180.612910 	 271.170755 	 92756.352021 	 14755053860.077864 
85 	 273.196786 	 306.219057 	 109248.259007 	 16456792593.081408 
86 	 355.443556 	 355.443556 	 136766.675774 	 23049762689.788036 
87 	 267.947832 	 268.947206 	 87378.087045 	 11397582481.864040 
88 	 -223.844913 	 246.235365 	 89013.956253 	 16039942755.669338 
89 	 -274.042724 	 329.428725 	 123639.594004 	 20703097920.617775 
90 	 319.172474 	 319.172474 	 115177.944250 	 18311947407.754929 
91 	 372.273844 	 372.273844 	 142334.281316 	 22452667092.120697 
92 	 323.481172 	 324.429079 	 119683.137167 	 19240014874.183422 
93 	 317.538385 	 317.749317 	 124768.229020 	 23546637517.799583 
94 	 398.506309 	 398.506309 	 165930.672921 	 31300281757.944645 
95 	 363.126605 	 363.126605 	 139370.891128 	 23200838853.076759 
96 	 391.943870 	 391.943870 	 159808.607509 	 29310583183.526783 
97 	 343.807298 	 343.807298 	 132396.112122 	 24083330518.473251 
98 	 404.905113 	 404.905113 	 169004.830723 	 31845538316.563919 
99 	 404.104810 	 404.104810 	 169996.148548 	 33200617832.310184 
100 	 139.240827 	 254.066418 	 80118.374818 	 10142644472.347572 
%ACCRATE = 0.890530

%%%%%%%%%%%%%%%%%%%%%%%%%%%%%%%%%%%%%%%%%%%%%%%%%%%%%%%%%%%%%%%%%%%%%%%%%%%
%SIMULAZIONE D = 3, L = 12, V = 1728
%NUMERO DI MISURE PER OGNI KAPPA: T = 100
%%%%%%%%%%%%%%%%%%%%%%%%%%%%%%%%%%%%%%%%%%%%%%%%%%%%%%%%%%%%%%%%%%%%%%%%%%%
1 	 607.399993 	 607.399993 	 392803.670511 	 183842135046.378113 
2 	 460.994581 	 460.994581 	 244697.156685 	 86752682161.810135 
3 	 508.854318 	 508.854318 	 293956.189605 	 118760846588.000168 
4 	 590.675631 	 590.675631 	 377633.254073 	 174726536058.882507 
5 	 529.624330 	 529.624330 	 309393.505499 	 120023513937.050110 
6 	 576.346437 	 576.346437 	 360810.542317 	 161282346859.689667 
7 	 529.659842 	 529.659842 	 321580.417267 	 143712139111.002441 
8 	 535.245149 	 537.236250 	 333831.121568 	 149871963432.103729 
9 	 680.506873 	 680.506873 	 475431.068333 	 248317779746.519958 
10 	 531.487329 	 532.594755 	 329511.400982 	 153976729630.127563 
11 	 198.679965 	 254.884499 	 90820.954031 	 17133405722.079618 
12 	 563.531765 	 563.531765 	 333342.583149 	 128768058410.053879 
13 	 679.197406 	 679.197406 	 469022.902727 	 234068898187.250275 
14 	 618.753247 	 618.753247 	 402303.492939 	 191127810292.869324 
15 	 692.290435 	 692.290435 	 493956.466929 	 270437177324.487671 
16 	 506.391555 	 506.845541 	 299144.828388 	 126240203065.734955 
17 	 546.533395 	 546.616221 	 344258.510029 	 161482418081.339508 
18 	 598.053032 	 598.053032 	 380970.399342 	 175733041494.493927 
19 	 319.102554 	 321.741776 	 138573.333242 	 41365581650.895691 
20 	 572.943305 	 573.030691 	 386957.324244 	 212626810501.676849 
21 	 564.503802 	 564.503802 	 350732.066728 	 159624166626.042267 
22 	 628.660215 	 628.660215 	 420463.180799 	 209153527421.520721 
23 	 556.841592 	 556.841592 	 330386.378008 	 131863155627.076508 
24 	 560.601108 	 561.212723 	 356146.510077 	 165269231275.008209 
25 	 341.386064 	 415.245337 	 232648.456127 	 96004395641.321915 
26 	 -609.076974 	 609.076974 	 398211.424246 	 192769942478.995667 
27 	 569.319269 	 578.869763 	 380048.288178 	 187713703230.744995 
28 	 473.815401 	 473.815401 	 256085.404774 	 94361453670.821518 
29 	 537.135339 	 537.135339 	 324804.849906 	 151257707314.627655 
30 	 585.975075 	 585.975075 	 356060.640636 	 142843358631.693268 
31 	 84.789453 	 380.437363 	 185186.794284 	 62139889098.053825 
32 	 401.859591 	 483.600548 	 284532.441466 	 127518571206.643341 
33 	 568.010871 	 575.897725 	 373182.733946 	 172521643756.327393 
34 	 -645.728222 	 645.728222 	 445320.794938 	 234897554906.073212 
35 	 -572.094454 	 572.094454 	 356416.610206 	 157208433598.926178 
36 	 -522.242904 	 522.690888 	 324604.426200 	 153518313922.699890 
37 	 -580.670079 	 580.670079 	 379179.473419 	 190167930962.705994 
38 	 -44.003490 	 398.538174 	 209037.974581 	 77091635088.568008 
39 	 625.544278 	 625.544278 	 409993.929830 	 193805260256.345306 
40 	 445.125788 	 454.925678 	 261773.547336 	 107780818364.456238 
41 	 607.866828 	 607.866828 	 395694.872966 	 188710359704.256683 
42 	 601.650457 	 601.650457 	 376185.486750 	 161300369900.153717 
43 	 671.427369 	 671.427369 	 459605.546358 	 226935153920.767883 
44 	 594.190203 	 594.190203 	 376302.800107 	 172912562667.064850 
45 	 560.366775 	 560.366775 	 344152.863669 	 151402457991.512726 
46 	 -64.106469 	 423.874589 	 227299.678272 	 82812166960.912964 
47 	 701.471399 	 701.471399 	 504320.002526 	 276992591528.419067 
48 	 578.212322 	 578.212322 	 370445.381435 	 172656191060.819824 
49 	 509.380255 	 509.661516 	 303242.517973 	 128548033641.114792 
50 	 735.753950 	 735.753950 	 555917.120950 	 337654810849.759583 
51 	 505.224018 	 505.224018 	 272335.745789 	 91736987140.372452 
52 	 607.059427 	 607.059427 	 395565.321325 	 189015849240.096893 
53 	 -417.907535 	 546.574171 	 343343.246475 	 160185705105.971191 
54 	 -570.257648 	 570.687816 	 377091.811099 	 191032776531.997498 
55 	 -596.864100 	 596.864100 	 370431.171807 	 155549428981.753448 
56 	 -552.823432 	 552.823432 	 331783.105052 	 137142514311.886734 
57 	 385.538139 	 491.557300 	 304160.611790 	 144247921137.230103 
58 	 565.396395 	 565.396395 	 328097.015488 	 118526302948.964432 
59 	 622.325646 	 622.325646 	 401558.153290 	 184247232748.222321 
60 	 513.570328 	 513.570328 	 292336.198311 	 114904914438.701950 
61 	 253.132504 	 268.480021 	 107631.526339 	 25381155522.181915 
62 	 533.678832 	 534.474336 	 321263.713796 	 137232306842.244873 
63 	 616.032143 	 616.032143 	 401704.547548 	 193379480399.764862 
64 	 198.405312 	 451.173123 	 247897.444882 	 89546945751.385406 
65 	 -557.112239 	 557.247022 	 347469.615829 	 158783783185.908051 
66 	 -609.079892 	 609.079892 	 396044.063325 	 190509606253.591217 
67 	 -594.831561 	 594.831561 	 375734.629560 	 164629613579.897491 
68 	 -640.810209 	 640.810209 	 432937.693930 	 220118090271.786560 
69 	 -440.760911 	 440.760911 	 218663.209280 	 67570577818.379883 
70 	 -531.528700 	 531.528700 	 317731.506495 	 140061741750.389923 
71 	 -575.122266 	 575.122266 	 342427.966270 	 132639688206.753159 
72 	 -583.541449 	 583.541449 	 360489.259976 	 155535562567.684204 
73 	 357.682605 	 489.990931 	 297425.782886 	 135203349422.196884 
74 	 651.874771 	 651.874771 	 438764.853472 	 217287044998.863831 
75 	 644.006045 	 644.006045 	 423406.692970 	 193176914886.223389 
76 	 532.399790 	 532.407303 	 321048.853083 	 142781126504.290771 
77 	 407.288407 	 409.288745 	 215991.611590 	 81031618096.699417 
78 	 570.531974 	 570.531974 	 343672.387729 	 143026282665.890839 
79 	 549.503304 	 549.503304 	 324030.267991 	 132831907472.310730 
80 	 606.654000 	 606.654000 	 383694.964381 	 168663631722.543427 
81 	 604.100425 	 604.100425 	 375517.632881 	 155415279920.666168 
82 	 643.094379 	 643.094379 	 427234.573185 	 204213180097.500854 
83 	 635.922288 	 635.922288 	 417986.182257 	 195863760682.136353 
84 	 605.141648 	 605.141648 	 382131.885365 	 170429683965.531830 
85 	 537.954825 	 537.967941 	 318189.489232 	 130519866498.015778 
86 	 632.551188 	 632.551188 	 418445.921479 	 200160508440.368042 
87 	 616.453770 	 616.453770 	 400540.666067 	 186430548484.143951 
88 	 698.063134 	 698.063134 	 497519.561417 	 266774411418.759460 
89 	 236.112603 	 581.761000 	 380944.216834 	 189361155386.884216 
90 	 -616.678879 	 616.678879 	 395246.646592 	 179311537294.608917 
91 	 -646.004936 	 646.004936 	 434139.729869 	 215347232250.859711 
92 	 -582.168866 	 582.168866 	 363994.162308 	 164019159784.214081 
93 	 -556.365437 	 556.365437 	 330102.739534 	 131181708123.382004 
94 	 -80.253256 	 468.259795 	 266963.380370 	 111876327473.278809 
95 	 669.319909 	 669.319909 	 460144.606006 	 232061429371.038330 
96 	 523.297012 	 523.297012 	 302562.141631 	 122326141139.365433 
97 	 536.236956 	 536.250205 	 332155.687555 	 149132299094.563385 
98 	 644.846741 	 644.846741 	 429379.559262 	 205221538410.238647 
99 	 579.365502 	 579.365502 	 364603.039209 	 164817566842.027466 
100 	 163.866658 	 570.450442 	 358859.471057 	 157971450556.842255 
%ACCRATE = 0.900050

%%%%%%%%%%%%%%%%%%%%%%%%%%%%%%%%%%%%%%%%%%%%%%%%%%%%%%%%%%%%%%%%%%%%%%%%%%%
%SIMULAZIONE D = 3, L = 14, V = 2744
%NUMERO DI MISURE PER OGNI KAPPA: T = 100
%%%%%%%%%%%%%%%%%%%%%%%%%%%%%%%%%%%%%%%%%%%%%%%%%%%%%%%%%%%%%%%%%%%%%%%%%%%
1 	 -123.581170 	 425.558149 	 261402.898469 	 146267232454.430756 
2 	 786.813977 	 786.926909 	 713808.861161 	 695872639397.305420 
3 	 723.185736 	 723.185736 	 590586.637913 	 482082218412.872070 
4 	 817.587194 	 817.587194 	 760886.075369 	 797556926392.233032 
5 	 875.184402 	 875.184402 	 804857.018511 	 761739497936.844727 
6 	 1025.984322 	 1025.984322 	 1096154.658260 	 1375753096651.323730 
7 	 974.412489 	 974.412489 	 970400.887936 	 1009596656809.337036 
8 	 702.422289 	 702.422289 	 553357.716070 	 437926423433.638062 
9 	 988.151843 	 988.151843 	 994656.607561 	 1056594252409.940918 
10 	 791.965953 	 791.965953 	 696339.438038 	 651897400947.261963 
11 	 991.377940 	 991.377940 	 994973.068122 	 1035649020027.400513 
12 	 1036.090789 	 1036.090789 	 1092820.574466 	 1277609196408.200928 
13 	 950.330498 	 950.330498 	 939246.441012 	 999569288147.926636 
14 	 855.148580 	 855.148580 	 761976.546234 	 660497095979.982910 
15 	 472.083782 	 751.005906 	 695690.973679 	 726633300388.783691 
16 	 -500.290188 	 573.133188 	 443853.205739 	 364262511106.261780 
17 	 -787.968013 	 787.968013 	 683130.963921 	 627587981692.720947 
18 	 -877.585968 	 877.585968 	 828023.300673 	 843045406130.495728 
19 	 -899.738484 	 899.738484 	 836631.858035 	 791659450010.652710 
20 	 -900.228920 	 900.228920 	 892691.071420 	 972487395814.418945 
21 	 -702.549208 	 702.676375 	 578394.572567 	 503660282965.071899 
22 	 -788.259380 	 788.259380 	 652758.687082 	 497318123599.679260 
23 	 -712.765003 	 763.203520 	 717869.435392 	 774840660749.977905 
24 	 -768.985881 	 773.684512 	 698937.577312 	 653526717414.652832 
25 	 -984.392873 	 984.392873 	 987794.182461 	 1050807438085.816162 
26 	 -734.081137 	 734.361935 	 626666.905358 	 536967559139.470398 
27 	 -917.332590 	 917.332590 	 912830.643454 	 1032592573790.648315 
28 	 581.332670 	 790.760959 	 738553.217243 	 736260591693.719727 
29 	 726.140855 	 726.483365 	 670017.772932 	 700789961505.177856 
30 	 997.027328 	 997.027328 	 1029736.149047 	 1201133465342.957031 
31 	 697.452292 	 697.452292 	 515376.123284 	 326924547984.131226 
32 	 420.107507 	 452.746950 	 256150.023599 	 112799441441.841949 
33 	 862.257736 	 862.257736 	 788663.223535 	 763397289946.310791 
34 	 -306.383880 	 441.176298 	 277395.388115 	 148163430149.292603 
35 	 -890.763527 	 890.763527 	 806536.906649 	 691215736815.559082 
36 	 -840.935385 	 840.935385 	 737158.783128 	 632730134190.679199 
37 	 -1034.449497 	 1034.449497 	 1087826.734599 	 1259191730649.469727 
38 	 -921.569706 	 921.569706 	 914369.108690 	 1053089840789.635864 
39 	 -1073.860533 	 1073.860533 	 1176737.924789 	 1484069118737.003662 
40 	 -479.066972 	 485.831828 	 369643.749968 	 319535998714.723389 
41 	 -768.054982 	 769.627018 	 700307.357773 	 708894899879.492798 
42 	 -632.682385 	 634.809010 	 562121.404956 	 617828200703.387817 
43 	 -1028.717216 	 1028.717216 	 1086785.595357 	 1292958009807.595459 
44 	 -825.229881 	 825.229881 	 749687.408271 	 705899707715.902100 
45 	 -953.733511 	 953.733511 	 931015.302801 	 944248785609.752319 
46 	 -497.765019 	 535.943753 	 425833.218237 	 390748650032.558472 
47 	 -667.475892 	 668.706620 	 526490.017856 	 401710052412.989746 
48 	 -856.797120 	 856.797120 	 790333.849125 	 781825897136.791626 
49 	 -648.433579 	 648.433579 	 469664.363396 	 301649063404.502380 
50 	 -170.089823 	 477.761043 	 294522.853923 	 147777143055.377045 
51 	 940.579052 	 940.579052 	 911625.131685 	 916241666905.211914 
52 	 682.599084 	 742.181324 	 652539.447674 	 620651163683.470947 
53 	 -920.126159 	 920.126159 	 902037.104360 	 970618119508.701904 
54 	 -899.287675 	 899.287675 	 848763.513914 	 828102958067.676147 
55 	 -651.142833 	 651.142833 	 476082.872477 	 316803676544.147644 
56 	 -665.094792 	 665.094792 	 484378.289829 	 331857910047.654663 
57 	 -1040.763346 	 1040.763346 	 1104909.362373 	 1310893342899.533447 
58 	 -932.643001 	 932.643001 	 922647.218769 	 1024745728995.627930 
59 	 -999.406233 	 999.406233 	 1031442.529779 	 1192513372893.983154 
60 	 -863.727492 	 863.727492 	 780907.879134 	 705639997210.004639 
61 	 -596.576105 	 596.653466 	 420929.555941 	 272243094727.429321 
62 	 -889.909898 	 889.909898 	 818373.664950 	 751026834718.267578 
63 	 -1055.948533 	 1055.948533 	 1133530.766399 	 1361811382711.581055 
64 	 -802.773068 	 802.773068 	 706335.353557 	 651859199142.875854 
65 	 -969.017967 	 969.017967 	 975678.796750 	 1083866282628.724365 
66 	 -920.385189 	 920.385189 	 882007.881439 	 900513850089.957153 
67 	 -299.724910 	 568.314066 	 478741.644882 	 460360733440.568481 
68 	 829.638930 	 829.638930 	 746984.708585 	 709588661453.905151 
69 	 836.811590 	 836.811590 	 759248.357193 	 728122806004.735718 
70 	 838.270378 	 838.270378 	 759808.384631 	 731708667664.618164 
71 	 849.874347 	 849.874347 	 759610.516003 	 694470152330.030884 
72 	 901.806703 	 901.806703 	 845961.573748 	 827203007098.712769 
73 	 855.652295 	 855.652295 	 792105.028551 	 773299367050.010986 
74 	 1067.793880 	 1067.793880 	 1154267.158660 	 1395109958409.356201 
75 	 985.300183 	 985.300183 	 979706.837710 	 994359149827.719849 
76 	 966.596894 	 966.596894 	 967232.215944 	 1055282767301.974731 
77 	 909.093539 	 909.093539 	 863561.254635 	 862079916047.792236 
78 	 879.333978 	 879.333978 	 839408.880466 	 922362664127.631104 
79 	 -615.360119 	 621.343350 	 468231.761735 	 316284567342.570312 
80 	 -938.682799 	 938.682799 	 930490.417570 	 1014500570726.941772 
81 	 -775.915282 	 775.915282 	 649811.765655 	 527552644265.061951 
82 	 -958.763549 	 958.763549 	 949460.370661 	 1031498325596.394043 
83 	 -678.825858 	 679.177820 	 507180.839092 	 332331387322.348511 
84 	 -874.652360 	 874.652360 	 830040.928303 	 885481213443.669189 
85 	 -751.959762 	 767.835082 	 735243.898975 	 820163555173.168091 
86 	 -1049.004057 	 1049.004057 	 1115979.880852 	 1313252266915.366211 
87 	 -978.813178 	 978.813178 	 981769.665728 	 1058754723583.318481 
88 	 -923.909487 	 923.909487 	 879337.050583 	 860832532002.867432 
89 	 -938.589048 	 938.589048 	 916742.465279 	 959604452476.120361 
90 	 -991.407871 	 991.407871 	 1013100.652692 	 1135592605284.951172 
91 	 -1038.989301 	 1038.989301 	 1100567.670797 	 1303678697650.444092 
92 	 -743.144940 	 743.144940 	 638175.461006 	 625601333411.592285 
93 	 -965.922647 	 965.922647 	 965237.999616 	 1051643261337.672729 
94 	 -908.375026 	 908.375026 	 869360.125657 	 900438268499.705200 
95 	 -1049.531037 	 1049.531037 	 1130023.776539 	 1412342525055.197021 
96 	 -777.890079 	 777.890079 	 701040.068492 	 657249090052.880737 
97 	 -1024.413428 	 1024.413428 	 1084294.381381 	 1315845249460.229736 
98 	 -931.184432 	 931.184432 	 889169.576317 	 863307447685.694458 
99 	 -701.796358 	 701.796358 	 596537.016981 	 549361206999.312988 
100 	 -929.737050 	 929.737050 	 893445.646786 	 885868016202.462524 
%ACCRATE = 0.897980

%%%%%%%%%%%%%%%%%%%%%%%%%%%%%%%%%%%%%%%%%%%%%%%%%%%%%%%%%%%%%%%%%%%%%%%%%%%
%SIMULAZIONE D = 3, L = 16, V = 4096
%NUMERO DI MISURE PER OGNI KAPPA: T = 100
%%%%%%%%%%%%%%%%%%%%%%%%%%%%%%%%%%%%%%%%%%%%%%%%%%%%%%%%%%%%%%%%%%%%%%%%%%%
1 	 1096.069756 	 1096.069756 	 1314362.247558 	 2271738760389.796875 
2 	 1328.999828 	 1328.999828 	 1849709.032176 	 3978928364869.098145 
3 	 1442.821769 	 1442.821769 	 2141683.455445 	 5120936796735.220703 
4 	 1380.833774 	 1380.833774 	 1962658.185945 	 4247421814514.437012 
5 	 1512.444860 	 1512.444860 	 2320412.399719 	 5642030193792.002930 
6 	 1307.361260 	 1307.361260 	 1765115.250780 	 3482180075899.638184 
7 	 1117.514851 	 1117.514851 	 1369694.900112 	 2461627569914.081055 
8 	 1156.909958 	 1156.909958 	 1418781.436993 	 2455772262785.395996 
9 	 1044.762297 	 1045.996305 	 1399401.081561 	 3036021204803.996582 
10 	 1361.703993 	 1361.703993 	 1893663.757260 	 3882260566155.144043 
11 	 1322.210639 	 1322.210639 	 1922711.578344 	 4671662295146.041992 
12 	 1384.006603 	 1384.006603 	 1972128.206080 	 4319867300873.574219 
13 	 1461.757815 	 1461.757815 	 2171820.369134 	 5007922764882.754883 
14 	 1323.398652 	 1323.398652 	 1808012.463070 	 3692444121846.975098 
15 	 1227.344977 	 1227.344977 	 1737065.939957 	 4214544044882.132324 
16 	 1458.167900 	 1458.167900 	 2194397.210870 	 5352742414921.358398 
17 	 1386.826550 	 1386.826550 	 1998602.112767 	 4567206486600.207031 
18 	 1090.594004 	 1090.594004 	 1294574.887115 	 2110908020318.178711 
19 	 991.369938 	 991.369938 	 1071227.349776 	 1551208894273.761719 
20 	 1310.890623 	 1310.890623 	 1755202.646761 	 3325821265142.852051 
21 	 1284.810321 	 1284.810321 	 1697281.616898 	 3186124901139.192383 
22 	 1411.823972 	 1411.823972 	 2047710.311792 	 4642689501879.458984 
23 	 1391.357538 	 1391.357538 	 1993042.709630 	 4397098805596.455078 
24 	 1501.564826 	 1501.564826 	 2302161.323965 	 5720984528920.638672 
25 	 1472.509409 	 1472.509409 	 2230346.953237 	 5457824381116.677734 
26 	 1369.318577 	 1369.318577 	 1904076.524813 	 3846561379352.680664 
27 	 1256.840476 	 1256.840476 	 1611632.495740 	 2801017300493.140137 
28 	 1415.181508 	 1415.181508 	 2042880.398094 	 4492567847058.520508 
29 	 820.987547 	 820.987547 	 797775.591793 	 1041946568880.242432 
30 	 1049.754451 	 1049.754451 	 1160963.262228 	 1627399603844.240479 
31 	 1317.393457 	 1317.393457 	 1828719.796044 	 3929828313317.468262 
32 	 650.042572 	 659.193698 	 650270.253652 	 941920603328.854126 
33 	 1567.435652 	 1567.435652 	 2489388.312603 	 6542523156420.306641 
34 	 1671.758165 	 1671.758165 	 2825380.414639 	 8331270853451.719727 
35 	 1497.460671 	 1497.460671 	 2283079.711707 	 5577298654137.800781 
36 	 1369.855301 	 1369.855301 	 1963160.767809 	 4407117562936.337891 
37 	 1423.041548 	 1423.041548 	 2085082.775013 	 4775768299471.868164 
38 	 -526.327560 	 867.983699 	 886125.856850 	 1242275730342.151367 
39 	 -1482.298156 	 1482.298156 	 2257555.578836 	 5605045127883.211914 
40 	 -1240.094935 	 1240.094935 	 1643840.550483 	 3299042233892.662598 
41 	 -1376.084258 	 1376.084258 	 1970548.617064 	 4467190558860.932617 
42 	 -896.452912 	 910.227874 	 959303.606994 	 1308263608062.954834 
43 	 1099.487851 	 1102.801563 	 1415846.253886 	 2641586074840.834473 
44 	 1322.605471 	 1322.605471 	 1847936.967213 	 3992889205598.667969 
45 	 1416.558282 	 1416.558282 	 2101845.473406 	 5112944859058.346680 
46 	 1102.787910 	 1102.787910 	 1245989.242624 	 1704871970821.302490 
47 	 1362.784626 	 1362.784626 	 1963806.687500 	 4507021628956.010742 
48 	 1317.710095 	 1317.710095 	 1803844.554630 	 3686981725961.573730 
49 	 544.824995 	 632.527897 	 729661.785474 	 1420249142007.649170 
50 	 1501.107934 	 1501.107934 	 2295233.330063 	 5615443729054.917969 
51 	 761.220507 	 814.897880 	 927269.142193 	 1446663268312.819336 
52 	 -172.403269 	 578.965130 	 447045.494601 	 404407216816.929504 
53 	 1511.392750 	 1511.392750 	 2321615.948702 	 5737661897411.482422 
54 	 1256.822773 	 1256.822773 	 1625269.700867 	 2938383911037.827637 
55 	 1303.522638 	 1303.522638 	 1743709.586158 	 3349349812208.879883 
56 	 1319.614213 	 1319.614213 	 1842565.921174 	 4126112772187.945312 
57 	 937.962131 	 937.962131 	 924492.313334 	 1013467373068.561523 
58 	 1313.307749 	 1313.307749 	 1814929.952088 	 3966326874234.867676 
59 	 1436.238656 	 1436.238656 	 2095544.475114 	 4676224400810.701172 
60 	 1081.227784 	 1081.227784 	 1346192.098488 	 2636943285410.943359 
61 	 1328.805136 	 1328.805136 	 1837883.902241 	 3898024071189.985352 
62 	 1306.099619 	 1306.099619 	 1755496.619342 	 3414286823024.674316 
63 	 1402.645451 	 1402.645451 	 2015504.675867 	 4466984780051.492188 
64 	 1352.193996 	 1352.193996 	 1880642.920718 	 3880120970900.586914 
65 	 625.597039 	 774.001286 	 883527.128746 	 1469616066987.719971 
66 	 -1113.376621 	 1113.376621 	 1467294.497876 	 3128665639534.399414 
67 	 -1551.866975 	 1551.866975 	 2434722.834349 	 6176031804289.298828 
68 	 -1537.489985 	 1537.489985 	 2407187.722005 	 6181515093502.897461 
69 	 -1406.484385 	 1406.484385 	 2025589.875361 	 4456793048777.703125 
70 	 -768.658996 	 803.410953 	 859186.177504 	 1183168565509.948975 
71 	 -1436.069776 	 1436.069776 	 2112845.776361 	 4864242502824.938477 
72 	 -1372.468309 	 1372.468309 	 1970649.108085 	 4465452273561.388672 
73 	 -1324.680836 	 1324.680836 	 1799978.140983 	 3569248996787.567383 
74 	 -1302.267400 	 1302.267400 	 1788504.673941 	 3740490666959.541016 
75 	 -1428.788336 	 1428.788336 	 2083136.752038 	 4671050061115.795898 
76 	 -1446.236007 	 1446.236007 	 2156865.252218 	 5171095019261.189453 
77 	 -1434.038157 	 1434.038157 	 2092021.015191 	 4654984093414.613281 
78 	 -1596.373797 	 1596.373797 	 2574022.678661 	 6879681963433.530273 
79 	 -1370.998554 	 1370.998554 	 1946696.025062 	 4315644326478.248535 
80 	 -1226.973924 	 1226.973924 	 1583326.865577 	 2908818977419.190430 
81 	 -1323.781155 	 1323.781155 	 1795888.443550 	 3542764073322.932129 
82 	 -1254.308823 	 1254.308823 	 1651227.756709 	 3239576557221.291992 
83 	 -1406.100966 	 1406.100966 	 2029442.768181 	 4525307901161.032227 
84 	 -1540.645295 	 1540.645295 	 2402899.470261 	 6058277705556.291992 
85 	 -1133.114752 	 1133.114752 	 1355401.628144 	 2185680043532.877686 
86 	 -1431.203469 	 1431.203469 	 2120347.921044 	 5076678614001.690430 
87 	 -1451.439533 	 1451.439533 	 2148091.863326 	 4960028484096.169922 
88 	 -1312.674571 	 1312.674571 	 1768568.093044 	 3459968281177.946777 
89 	 -1496.732003 	 1496.732003 	 2299412.413834 	 5778449801613.008789 
90 	 -1509.376907 	 1509.376907 	 2327232.411190 	 5932266811298.652344 
91 	 -1483.108879 	 1483.108879 	 2252198.459772 	 5476369052879.463867 
92 	 -1362.125175 	 1362.125175 	 1958859.506583 	 4592959999201.119141 
93 	 -1456.331838 	 1456.331838 	 2144980.945971 	 4800089838966.424805 
94 	 -1307.662605 	 1307.662605 	 1776495.690309 	 3594605783017.731445 
95 	 -1265.141454 	 1265.141454 	 1685261.353072 	 3346648712074.568848 
96 	 -636.413642 	 636.446489 	 489731.888201 	 427220793077.315674 
97 	 -1296.599797 	 1296.599797 	 1714695.131559 	 3162631902205.578125 
98 	 -1383.662167 	 1383.662167 	 1951965.054210 	 4082392694644.643066 
99 	 -1407.754751 	 1407.754751 	 2023033.042810 	 4405865276418.269531 
100 	 -958.623428 	 958.623428 	 1033948.827971 	 1433369578694.040283 
%ACCRATE = 0.898240

