%%%%%%%%%%%%%%%%%%%%%%%%%%%%%%%%%%%%%%%%%%%%%%%%%%%%%%%%%%%%%%%%%%%%%%%%%%%
%SIMULAZIONE D = 3, L = 10, V = 1000
%NUMERO DI MISURE PER OGNI KAPPA: T = 100
%%%%%%%%%%%%%%%%%%%%%%%%%%%%%%%%%%%%%%%%%%%%%%%%%%%%%%%%%%%%%%%%%%%%%%%%%%%

%%%%%%%%%%%%%%%%%%%%%%%%%%%%%%%%%%%%%%%%%%%%%%%%%%%%%%%%%%%%%%%%%%%%%%%%%%%
%KAPPA = 0.150000
%%%%%%%%%%%%%%%%%%%%%%%%%%%%%%%%%%%%%%%%%%%%%%%%%%%%%%%%%%%%%%%%%%%%%%%%%%%

1 	 0.986326 	 50.095021 	 3871.939960 	 42544312.482124 
2 	 -2.107333 	 48.482436 	 3668.060453 	 39790519.496667 
3 	 0.213856 	 49.576452 	 3861.341969 	 44489504.986452 
4 	 3.597014 	 49.696506 	 3770.366154 	 38740785.279191 
5 	 1.760260 	 51.114330 	 4109.914096 	 50204721.469322 
6 	 3.355062 	 49.337376 	 3780.599086 	 41962489.259827 
7 	 -4.216562 	 49.270080 	 3838.653055 	 45155131.806943 
8 	 -1.668368 	 46.857130 	 3424.610953 	 34644866.012444 
9 	 2.121621 	 50.427469 	 3998.805220 	 49041428.744202 
10 	 -2.750912 	 47.821898 	 3570.236184 	 36729851.313062 
11 	 -1.742707 	 53.202080 	 4376.052688 	 55197863.150212 
12 	 -1.319681 	 50.729596 	 4091.602768 	 50941694.755878 
13 	 -0.470531 	 47.571061 	 3519.829164 	 35973566.549750 
14 	 -1.971411 	 48.531476 	 3687.248879 	 39764507.065114 
15 	 0.709732 	 49.709753 	 3955.113551 	 49276019.039740 
16 	 -1.835664 	 49.666625 	 3749.543463 	 38362778.979312 
17 	 2.193408 	 47.927936 	 3696.876809 	 42719604.962243 
18 	 4.196918 	 50.623078 	 4052.541996 	 49597139.090063 
19 	 0.180238 	 46.503778 	 3389.418805 	 33362147.883833 
20 	 3.935495 	 50.520519 	 3916.717616 	 42516739.898584 
21 	 -5.701792 	 50.697159 	 4008.848958 	 46006418.794598 
22 	 -5.044329 	 48.226085 	 3665.852175 	 40498944.793505 
23 	 -2.216010 	 49.289519 	 3794.265592 	 40914763.749276 
24 	 0.531245 	 49.470641 	 3834.112640 	 45761703.157392 
25 	 1.839408 	 48.987265 	 3745.635221 	 41505715.014876 
26 	 2.077535 	 48.034143 	 3532.265843 	 35249404.923573 
27 	 -5.861320 	 50.671341 	 4008.307804 	 46117291.187422 
28 	 3.852482 	 47.970067 	 3616.244136 	 42821526.049488 
29 	 -2.740900 	 49.617258 	 3847.781347 	 44084820.788471 
30 	 1.620637 	 48.671120 	 3689.338734 	 39933413.270933 
31 	 -3.923972 	 50.474129 	 3970.182733 	 45264473.585520 
32 	 -1.038494 	 49.525531 	 3831.861248 	 42784092.343194 
33 	 2.615356 	 49.155620 	 3830.833105 	 48366909.359365 
34 	 -0.503818 	 48.718916 	 3745.596861 	 41640132.369574 
35 	 0.353831 	 49.104834 	 3783.381842 	 42013870.476175 
36 	 -0.911219 	 46.943638 	 3475.996363 	 36893589.434833 
37 	 9.108424 	 51.621833 	 4225.262685 	 54186373.066361 
38 	 1.567230 	 48.641660 	 3673.226231 	 39948255.280211 
39 	 -4.853602 	 48.453856 	 3698.272471 	 40321033.117129 
40 	 -2.367083 	 49.470154 	 3825.373260 	 44189570.947573 
41 	 -1.484042 	 49.010666 	 3748.775571 	 40323722.505153 
42 	 -11.802155 	 49.482458 	 3866.694233 	 46659452.966731 
43 	 -1.562515 	 50.748884 	 4043.320066 	 48248656.777559 
44 	 3.084102 	 48.571524 	 3714.421794 	 41563644.999004 
45 	 1.159444 	 49.244144 	 3767.300011 	 41501842.039697 
46 	 -1.852525 	 49.611519 	 3875.201257 	 45249806.460274 
47 	 -3.870070 	 48.052115 	 3627.791390 	 39213671.786979 
48 	 -2.353512 	 51.023211 	 4057.519231 	 48305171.655070 
49 	 2.300890 	 49.134983 	 3881.315981 	 49087699.911642 
50 	 -0.368368 	 50.873500 	 3934.351167 	 43734668.257034 
51 	 3.112992 	 48.930847 	 3719.273326 	 39964098.789978 
52 	 -0.975787 	 47.859313 	 3610.145210 	 38973565.992148 
53 	 4.388871 	 50.619104 	 3968.737949 	 44011966.063013 
54 	 1.043362 	 50.020880 	 3899.699513 	 46255109.716443 
55 	 -2.685767 	 48.298306 	 3683.435339 	 41780502.899806 
56 	 -1.568887 	 45.910117 	 3342.178255 	 33680386.573279 
57 	 -2.067705 	 49.227772 	 3752.586952 	 40445550.075787 
58 	 -5.107770 	 49.330006 	 3898.544496 	 47171853.222902 
59 	 -4.304192 	 49.029137 	 3732.246480 	 41511506.284168 
60 	 -1.405340 	 50.528582 	 3907.442961 	 42488858.857043 
61 	 -1.669145 	 48.005820 	 3551.839810 	 36507533.837387 
62 	 4.898065 	 48.659159 	 3711.125108 	 39108818.274425 
63 	 -5.206569 	 49.877737 	 3950.381880 	 46827460.812304 
64 	 9.162530 	 48.645461 	 3708.490439 	 40415432.663670 
65 	 3.572657 	 48.357805 	 3608.069299 	 37319203.958098 
66 	 3.617546 	 49.062112 	 3710.021520 	 40637959.703920 
67 	 3.883242 	 48.678698 	 3778.971057 	 43510811.926669 
68 	 0.898135 	 50.562804 	 3976.412994 	 45654089.686291 
69 	 -2.183913 	 49.525020 	 3773.224890 	 39149386.368929 
70 	 7.298927 	 48.584363 	 3735.574332 	 43533520.980566 
71 	 -2.652141 	 48.933176 	 3700.338361 	 40088669.803329 
72 	 -1.500285 	 49.495520 	 3861.850330 	 44778206.906116 
73 	 -2.689905 	 48.734329 	 3671.402732 	 38039001.994816 
74 	 2.669322 	 47.147501 	 3468.290601 	 35504907.559194 
75 	 2.400823 	 50.379269 	 3895.771260 	 42483425.431282 
76 	 -3.599063 	 45.894178 	 3353.099086 	 34546517.557526 
77 	 0.035056 	 49.468786 	 3852.520099 	 45743141.165456 
78 	 2.288433 	 47.859384 	 3587.147744 	 38871666.704760 
79 	 3.817211 	 50.261818 	 3959.786512 	 45530449.216058 
80 	 -6.379621 	 47.910437 	 3560.290087 	 37862564.561361 
81 	 3.518424 	 50.387129 	 3914.955676 	 42914831.969812 
82 	 -3.289528 	 49.000553 	 3814.845121 	 44998655.627381 
83 	 6.007218 	 48.747994 	 3763.942540 	 43369954.590520 
84 	 2.114234 	 48.884243 	 3671.439789 	 38190510.797775 
85 	 1.358718 	 48.083091 	 3674.920066 	 41272495.768105 
86 	 -1.485631 	 48.570622 	 3629.103425 	 36928854.117709 
87 	 -4.417609 	 47.264526 	 3549.468173 	 38429338.086203 
88 	 1.011993 	 49.284287 	 3869.876338 	 47493772.729387 
89 	 2.319298 	 48.472791 	 3647.109621 	 38927613.570370 
90 	 2.010401 	 50.934438 	 4064.644754 	 50004127.318715 
91 	 -6.431929 	 50.378190 	 3948.143987 	 45385992.754557 
92 	 7.453214 	 50.665307 	 3997.720062 	 46860558.304422 
93 	 -0.075621 	 47.861761 	 3563.603518 	 36030976.237699 
94 	 2.429381 	 49.156484 	 3747.303663 	 40737258.493830 
95 	 -0.094165 	 52.312197 	 4217.301240 	 50644827.164119 
96 	 2.316712 	 51.128106 	 3978.508402 	 43171746.223709 
97 	 -6.899121 	 49.326007 	 3895.546833 	 50355769.518341 
98 	 -3.758941 	 50.364243 	 3906.763112 	 44012773.057084 
99 	 0.834103 	 49.389763 	 3856.551328 	 44002289.211643 
100 	 2.880103 	 46.655510 	 3342.325775 	 30878376.904343 

%ACCRATE = 0.902756

%%%%%%%%%%%%%%%%%%%%%%%%%%%%%%%%%%%%%%%%%%%%%%%%%%%%%%%%%%%%%%%%%%%%%%%%%%%
%KAPPA = 0.160000
%%%%%%%%%%%%%%%%%%%%%%%%%%%%%%%%%%%%%%%%%%%%%%%%%%%%%%%%%%%%%%%%%%%%%%%%%%%

101 	 6.536188 	 63.094087 	 6187.681829 	 108626166.026418 
102 	 -10.307128 	 59.143897 	 5476.739024 	 86007529.198171 
103 	 -2.810470 	 60.050946 	 5637.082538 	 93851778.629349 
104 	 0.418456 	 62.129794 	 5880.684537 	 94532180.702844 
105 	 -10.592233 	 60.768408 	 5678.391022 	 91592618.720081 
106 	 -4.650762 	 57.315136 	 5227.027230 	 81605202.296473 
107 	 5.191145 	 62.896048 	 5993.266573 	 92611999.959856 
108 	 -4.520301 	 58.634369 	 5319.387780 	 79584066.155535 
109 	 -3.468852 	 59.605826 	 5516.449219 	 87544476.993815 
110 	 0.077122 	 58.572894 	 5345.350268 	 84925317.974895 
111 	 -1.857849 	 64.570437 	 6222.422751 	 100613350.010030 
112 	 6.816939 	 58.666060 	 5552.459393 	 95456662.455428 
113 	 4.429964 	 58.596867 	 5413.293829 	 85381311.440645 
114 	 -5.975491 	 58.379666 	 5335.725967 	 82096733.742050 
115 	 -9.014407 	 61.912955 	 5823.255206 	 88675373.964908 
116 	 1.424654 	 60.486619 	 5830.600517 	 105152531.124449 
117 	 9.056550 	 56.528949 	 4971.206592 	 70960464.121756 
118 	 3.192936 	 61.201197 	 5877.545267 	 101666959.853890 
119 	 -5.580192 	 59.886823 	 5653.319742 	 95973800.012543 
120 	 -1.288370 	 59.700013 	 5432.105177 	 79111938.714839 
121 	 3.425670 	 56.555876 	 5032.424379 	 74648388.683463 
122 	 -3.111718 	 58.003720 	 5224.859409 	 79347358.049511 
123 	 0.813014 	 60.712783 	 5731.564571 	 97544432.453274 
124 	 10.497473 	 57.077080 	 5149.145018 	 82910466.477900 
125 	 -2.448296 	 57.649123 	 5358.189149 	 90005623.937877 
126 	 6.380949 	 58.689932 	 5380.421443 	 87268963.051191 
127 	 -4.815832 	 61.268735 	 5746.062162 	 93044569.763413 
128 	 4.131172 	 60.915859 	 5799.771476 	 98012236.079768 
129 	 -3.133739 	 60.293334 	 5798.355446 	 104975183.726131 
130 	 -1.514909 	 61.681679 	 5948.698142 	 105309717.511607 
131 	 -9.392768 	 59.416906 	 5612.342619 	 95890804.840545 
132 	 2.030970 	 58.607385 	 5440.102617 	 88720017.434415 
133 	 -4.971203 	 60.226589 	 5545.892562 	 84733432.466441 
134 	 -10.925927 	 63.643060 	 6379.268089 	 121529934.129596 
135 	 1.058902 	 58.378313 	 5496.126764 	 98305077.122598 
136 	 5.907374 	 60.309915 	 5628.409498 	 90482932.096765 
137 	 -3.521368 	 59.002138 	 5432.405814 	 86497452.254948 
138 	 2.117260 	 56.327216 	 4948.800602 	 70287204.521485 
139 	 0.339480 	 56.360785 	 4921.131730 	 68711488.243918 
140 	 1.797866 	 59.290647 	 5662.849759 	 105313894.626377 
141 	 7.028190 	 60.270753 	 5786.090440 	 99209708.636319 
142 	 2.328377 	 59.911975 	 5621.121919 	 95354506.657888 
143 	 6.184867 	 60.589632 	 5670.869107 	 92213736.351870 
144 	 -6.942034 	 61.509313 	 5867.057413 	 96915333.175359 
145 	 -1.551642 	 59.410198 	 5534.767815 	 89591479.218676 
146 	 -2.455782 	 55.918921 	 4905.189634 	 70607754.363184 
147 	 3.756132 	 58.937819 	 5423.321774 	 89155190.078252 
148 	 0.086403 	 59.011047 	 5561.795341 	 96420043.017224 
149 	 4.877250 	 62.378587 	 5907.689664 	 92890014.540018 
150 	 1.813387 	 62.182558 	 5951.640951 	 98448805.105375 
151 	 -2.741393 	 56.348278 	 4936.359835 	 69164588.123881 
152 	 -7.668750 	 61.386010 	 5847.042638 	 98479075.877644 
153 	 1.386502 	 58.804488 	 5488.734756 	 95430776.431204 
154 	 1.529276 	 59.390640 	 5499.716820 	 87464996.706453 
155 	 10.685218 	 59.067151 	 5567.202738 	 99413173.698566 
156 	 1.923757 	 63.235536 	 6289.276413 	 123267336.698666 
157 	 -1.701400 	 60.562292 	 5547.308141 	 81964001.676489 
158 	 3.595306 	 59.248389 	 5503.902218 	 91420515.697048 
159 	 5.044155 	 60.751398 	 5782.519869 	 99344041.803353 
160 	 -8.727704 	 61.526062 	 5995.384028 	 107211550.500258 
161 	 -7.115981 	 57.801188 	 5269.445357 	 88251467.408708 
162 	 1.723746 	 58.520250 	 5290.868185 	 81119137.211458 
163 	 5.340027 	 59.580834 	 5605.461190 	 93195869.722087 
164 	 6.324746 	 60.256797 	 5553.621239 	 84658757.656735 
165 	 -0.585980 	 57.806052 	 5231.837144 	 79085098.943340 
166 	 11.975299 	 59.418420 	 5334.460682 	 77491543.554239 
167 	 1.213790 	 59.668618 	 5532.359077 	 91359946.073774 
168 	 5.687194 	 60.140194 	 5712.953210 	 97811029.346926 
169 	 9.788666 	 60.806808 	 5691.269800 	 87364435.552091 
170 	 11.013043 	 60.639179 	 5849.263279 	 108288985.280758 
171 	 -7.562964 	 57.384685 	 5229.106756 	 78687597.206493 
172 	 -1.252673 	 58.427812 	 5274.791722 	 79561332.070737 
173 	 3.184668 	 59.039683 	 5505.320452 	 93618164.923593 
174 	 -0.652199 	 59.446726 	 5529.717044 	 90123489.647079 
175 	 2.909064 	 62.073386 	 5926.727772 	 101364753.302182 
176 	 -3.758371 	 57.200681 	 5109.493602 	 75401568.917155 
177 	 -1.906502 	 58.795095 	 5374.397020 	 81366526.003584 
178 	 10.321596 	 59.277768 	 5543.330637 	 92353438.728714 
179 	 7.417531 	 61.320195 	 5845.143368 	 99287006.463584 
180 	 -5.073067 	 59.813211 	 5743.132348 	 98895349.862600 
181 	 -8.758857 	 59.622409 	 5572.983216 	 88657198.552645 
182 	 5.678832 	 62.800880 	 6132.610504 	 107283974.817598 
183 	 -1.074806 	 64.389941 	 6354.180582 	 114781678.075121 
184 	 -6.793433 	 60.887139 	 5798.603562 	 99759182.947236 
185 	 -3.500580 	 62.268358 	 5948.615411 	 96717912.772457 
186 	 -2.489176 	 60.695397 	 5622.052636 	 88741994.942158 
187 	 -4.592534 	 58.720580 	 5385.509939 	 86770423.829120 
188 	 -7.812265 	 58.764894 	 5489.011428 	 92984163.732157 
189 	 2.862326 	 59.849704 	 5708.156526 	 100983636.488957 
190 	 0.064188 	 58.941589 	 5450.750634 	 91126331.980764 
191 	 -0.874446 	 60.287632 	 5609.516638 	 92392021.340128 
192 	 -0.668881 	 61.498730 	 5749.127602 	 86337952.755388 
193 	 -2.119040 	 56.096917 	 4958.168988 	 73207513.332711 
194 	 -4.582751 	 59.107957 	 5532.519459 	 90924736.784431 
195 	 -3.409773 	 58.592329 	 5398.836902 	 87719536.188596 
196 	 -3.868341 	 59.456178 	 5649.905469 	 98485524.072418 
197 	 -5.165784 	 65.625704 	 6667.418057 	 130371465.124393 
198 	 2.336629 	 60.277031 	 5817.803284 	 105552530.441104 
199 	 6.723555 	 61.755153 	 5821.193578 	 93910099.999554 
200 	 -0.908935 	 62.265595 	 6085.699865 	 105355830.949273 

%ACCRATE = 0.900389

%%%%%%%%%%%%%%%%%%%%%%%%%%%%%%%%%%%%%%%%%%%%%%%%%%%%%%%%%%%%%%%%%%%%%%%%%%%
%KAPPA = 0.170000
%%%%%%%%%%%%%%%%%%%%%%%%%%%%%%%%%%%%%%%%%%%%%%%%%%%%%%%%%%%%%%%%%%%%%%%%%%%

201 	 -25.148867 	 77.858979 	 9242.754143 	 238476172.889804 
202 	 -0.424197 	 80.233020 	 9895.781937 	 266312970.629194 
203 	 10.742892 	 86.350615 	 11451.363419 	 369808438.207130 
204 	 9.824065 	 72.624316 	 8457.391566 	 225387150.660285 
205 	 -2.881821 	 80.288443 	 10121.642326 	 297872003.410190 
206 	 -1.797091 	 75.707673 	 9149.654753 	 254015548.712427 
207 	 -3.723147 	 73.930606 	 8337.442339 	 194561478.223204 
208 	 9.734900 	 79.822502 	 9811.756607 	 267671333.769020 
209 	 -0.515395 	 81.848534 	 10241.255386 	 285930251.324275 
210 	 0.910133 	 80.322176 	 9812.891576 	 261239511.766893 
211 	 -8.170895 	 83.563531 	 10750.762211 	 310953567.142328 
212 	 -5.625219 	 86.969331 	 11705.759418 	 390916468.435328 
213 	 23.287588 	 83.246005 	 10422.766519 	 293055852.067876 
214 	 9.121737 	 76.881147 	 9231.474089 	 252239050.446706 
215 	 -2.161309 	 75.021560 	 8589.447730 	 200353470.588372 
216 	 -4.968641 	 81.658568 	 10348.054209 	 307325034.391344 
217 	 19.652087 	 77.447986 	 9329.668179 	 252002004.495484 
218 	 -10.090471 	 75.191658 	 8945.529132 	 241012512.103007 
219 	 5.411838 	 68.811566 	 7486.870591 	 168699588.609735 
220 	 -5.645205 	 80.454305 	 9781.781610 	 263299624.304540 
221 	 -0.110881 	 79.735762 	 9865.921715 	 274691125.313790 
222 	 1.476143 	 77.370542 	 9368.639848 	 254537611.962044 
223 	 0.517936 	 74.750092 	 8696.236628 	 221296248.068740 
224 	 -6.100701 	 75.837176 	 8932.890998 	 224692542.433227 
225 	 -3.324173 	 82.056531 	 10433.060304 	 312644771.269278 
226 	 7.829281 	 78.292425 	 9419.304817 	 241684106.490744 
227 	 17.046006 	 80.229833 	 10152.901914 	 301848272.403537 
228 	 7.708517 	 80.369701 	 9865.727432 	 269682766.656158 
229 	 -9.938564 	 81.608360 	 10328.846342 	 304688256.288000 
230 	 -14.566486 	 78.532796 	 9668.272827 	 289163565.696590 
231 	 5.151037 	 78.978474 	 9581.356287 	 243059929.957884 
232 	 -17.299958 	 80.625888 	 10026.063577 	 280374690.050569 
233 	 -9.203493 	 72.817681 	 8172.045716 	 187221604.834236 
234 	 -0.868722 	 87.326710 	 11885.230304 	 404870435.472225 
235 	 7.422874 	 82.055450 	 10314.014431 	 280915759.049047 
236 	 11.968829 	 77.347720 	 9512.230935 	 273426315.464763 
237 	 -15.920008 	 77.817224 	 9721.168361 	 296762578.664991 
238 	 -17.179468 	 87.331273 	 11675.508504 	 377103500.699453 
239 	 6.225489 	 84.519879 	 10955.548219 	 332373740.675353 
240 	 3.329473 	 74.654913 	 8828.146332 	 236312320.191974 
241 	 -5.348285 	 80.160137 	 9838.398708 	 259277686.365712 
242 	 -0.571352 	 84.619293 	 10685.823441 	 292519058.481784 
243 	 4.607070 	 75.014724 	 8724.246913 	 224225491.678312 
244 	 -22.541090 	 80.738725 	 10082.159647 	 282292973.399862 
245 	 -5.527680 	 78.218227 	 9581.211411 	 264666127.054043 
246 	 7.678932 	 81.184296 	 10261.857761 	 332370023.817017 
247 	 -5.994132 	 81.579364 	 10228.696181 	 294011963.990420 
248 	 8.769422 	 76.532096 	 9242.869213 	 271312617.558070 
249 	 -1.613232 	 81.379840 	 9948.797502 	 255029755.171731 
250 	 -4.669839 	 82.800048 	 10429.461232 	 296818639.799183 
251 	 13.769229 	 76.281361 	 8802.752548 	 221411105.963443 
252 	 -0.276353 	 77.263247 	 9338.270484 	 256917375.382063 
253 	 2.707066 	 72.772907 	 8148.993911 	 180893207.604138 
254 	 1.308990 	 75.753710 	 8975.803681 	 234152931.498783 
255 	 -3.984675 	 86.317269 	 11243.335841 	 334781689.204093 
256 	 -5.522311 	 79.712166 	 9509.400812 	 233696469.051776 
257 	 -2.492884 	 80.387954 	 9842.832521 	 259423399.283352 
258 	 3.685052 	 83.192187 	 10796.037803 	 335396741.653514 
259 	 -16.670281 	 78.281858 	 9509.871958 	 254515162.310322 
260 	 7.657925 	 74.739932 	 8654.000361 	 220873978.817760 
261 	 -6.185191 	 74.642990 	 8461.678473 	 190409322.197161 
262 	 -9.009772 	 77.782925 	 9531.295428 	 269594174.445397 
263 	 -9.438858 	 78.213975 	 9433.719656 	 251382656.871269 
264 	 9.510920 	 81.733745 	 10245.954747 	 292334564.712903 
265 	 -10.101464 	 77.343002 	 9385.859212 	 262624166.710070 
266 	 5.311993 	 78.580148 	 9722.863754 	 285149412.566612 
267 	 -2.183818 	 78.030920 	 9910.305914 	 322904448.101840 
268 	 -4.607638 	 81.812841 	 10129.892036 	 277590239.366778 
269 	 3.821182 	 78.344874 	 9562.973566 	 260698121.612742 
270 	 -5.948529 	 81.430827 	 10313.857115 	 293657787.617229 
271 	 -13.320714 	 85.881061 	 11126.618982 	 321619840.772617 
272 	 -5.764815 	 78.998549 	 9548.026435 	 246679964.283020 
273 	 -6.838718 	 74.532498 	 8589.075110 	 203814745.884951 
274 	 -3.040443 	 81.152205 	 10068.580657 	 276961925.283426 
275 	 8.689896 	 83.652473 	 10461.445494 	 279926773.928813 
276 	 -3.167070 	 77.749677 	 9255.355752 	 237191995.045511 
277 	 -5.286511 	 83.320762 	 10501.841997 	 297940868.427650 
278 	 -8.377415 	 82.285021 	 10753.965715 	 349944821.208128 
279 	 2.029388 	 76.040275 	 9180.717308 	 245286488.232612 
280 	 9.418541 	 79.478233 	 10161.948998 	 313877301.395750 
281 	 -8.156315 	 82.687772 	 10604.961493 	 319193278.225891 
282 	 10.030896 	 81.293880 	 9978.308436 	 256950172.589510 
283 	 -0.041736 	 78.115413 	 9418.308088 	 244697020.408725 
284 	 3.980190 	 81.834847 	 10154.941256 	 279108940.311983 
285 	 3.395949 	 78.202227 	 9445.771651 	 251079761.325964 
286 	 13.608007 	 85.253062 	 11308.422468 	 367282533.616208 
287 	 14.261438 	 79.375389 	 9693.854103 	 256442360.624873 
288 	 -8.217359 	 75.518819 	 9219.401304 	 279787998.142778 
289 	 -5.672537 	 77.286918 	 9182.381864 	 238169593.026622 
290 	 5.881588 	 84.334514 	 10906.440824 	 331704963.123523 
291 	 -0.628171 	 77.822321 	 9508.944276 	 277664610.283016 
292 	 6.687939 	 79.404330 	 9625.570547 	 252312683.300145 
293 	 4.919802 	 80.120170 	 10443.031205 	 363702192.422794 
294 	 7.274848 	 77.223770 	 9286.342305 	 245288168.909134 
295 	 -14.096519 	 79.728379 	 9579.980968 	 245138749.301833 
296 	 6.126407 	 76.092495 	 8999.822652 	 240389103.090161 
297 	 12.608208 	 80.730976 	 10125.480484 	 289390417.665687 
298 	 -5.481055 	 78.101895 	 9692.866543 	 288003987.847331 
299 	 -4.365782 	 86.390489 	 11319.516159 	 345617563.225359 
300 	 -4.442153 	 82.827435 	 10759.345877 	 334775295.322219 

%ACCRATE = 0.899272

%%%%%%%%%%%%%%%%%%%%%%%%%%%%%%%%%%%%%%%%%%%%%%%%%%%%%%%%%%%%%%%%%%%%%%%%%%%
%KAPPA = 0.180000
%%%%%%%%%%%%%%%%%%%%%%%%%%%%%%%%%%%%%%%%%%%%%%%%%%%%%%%%%%%%%%%%%%%%%%%%%%%

301 	 42.411947 	 147.630854 	 31740.148635 	 2327012133.904192 
302 	 11.569614 	 156.695627 	 34914.271485 	 2652258100.343934 
303 	 -34.059773 	 123.350752 	 23784.004739 	 1540975217.758499 
304 	 -35.849465 	 136.679440 	 27717.498245 	 1849321032.876779 
305 	 -0.774188 	 144.409281 	 29129.993900 	 1910361237.562111 
306 	 -16.588665 	 147.770999 	 31852.606929 	 2362528208.826545 
307 	 -13.613691 	 170.118145 	 41181.710612 	 3665827858.236208 
308 	 12.298869 	 148.672214 	 31685.697597 	 2212896166.453742 
309 	 -71.003074 	 146.428517 	 30792.551937 	 2143416891.387326 
310 	 -20.269860 	 145.763363 	 31264.300126 	 2343514626.262284 
311 	 34.056690 	 144.363901 	 30293.077061 	 2176799985.088109 
312 	 0.753086 	 124.411153 	 23452.094643 	 1507503451.111679 
313 	 -5.406492 	 144.561594 	 29929.325131 	 2057487543.213200 
314 	 -26.571113 	 157.916336 	 34811.208938 	 2502650998.030404 
315 	 12.408329 	 134.196237 	 27161.786619 	 1883153640.230266 
316 	 -58.129081 	 142.947361 	 28695.326718 	 1729906529.310120 
317 	 -18.070563 	 132.207003 	 25247.789341 	 1493642813.636139 
318 	 -37.191526 	 142.149979 	 30253.665401 	 2233069527.881709 
319 	 -26.053577 	 132.085283 	 25807.519110 	 1600381263.776671 
320 	 40.994861 	 138.231891 	 28347.689781 	 1886226792.482470 
321 	 -56.274329 	 146.124651 	 29732.589319 	 1869293873.101595 
322 	 -56.190682 	 149.178096 	 30738.234963 	 2006558775.378541 
323 	 25.212632 	 130.791053 	 24936.558327 	 1473307242.138350 
324 	 43.270910 	 125.533402 	 23419.425137 	 1331721403.786568 
325 	 -1.604883 	 140.069881 	 29200.189191 	 2163557782.985755 
326 	 33.834118 	 134.604543 	 27161.497609 	 1792797877.464322 
327 	 36.424637 	 143.052629 	 29497.938117 	 2043935033.121576 
328 	 13.193839 	 124.688977 	 23550.372334 	 1458351008.939276 
329 	 -2.428413 	 139.842936 	 28172.259233 	 1831014472.348230 
330 	 20.514233 	 129.842408 	 25334.691937 	 1597344451.970895 
331 	 20.838532 	 129.677199 	 25366.150503 	 1582884288.187551 
332 	 23.822668 	 149.502106 	 31653.463799 	 2315519137.804433 
333 	 26.946856 	 130.051829 	 25832.586163 	 1774275282.113784 
334 	 -9.405161 	 135.041773 	 27214.844372 	 1850033150.673022 
335 	 -26.198688 	 139.325962 	 29354.244255 	 2176795927.082727 
336 	 10.728788 	 136.637846 	 27491.187980 	 1872944717.851132 
337 	 -14.648693 	 131.947237 	 25103.521289 	 1483523952.524956 
338 	 41.456392 	 123.326853 	 23301.255783 	 1413610661.108153 
339 	 3.613361 	 131.743768 	 25321.963010 	 1526055985.904470 
340 	 -2.147857 	 123.436010 	 22478.618652 	 1231469070.848050 
341 	 -46.923652 	 134.820165 	 27277.577098 	 1879346666.221395 
342 	 17.605862 	 150.929331 	 32287.886856 	 2284750081.955061 
343 	 3.881851 	 134.412531 	 26561.568449 	 1726330076.432356 
344 	 55.981963 	 153.230188 	 33338.334432 	 2429735463.817221 
345 	 -42.813406 	 137.620436 	 27309.306518 	 1709618971.003173 
346 	 -23.156994 	 133.762853 	 26335.131736 	 1708942534.582576 
347 	 -55.063236 	 145.005008 	 30012.563390 	 1981121308.039407 
348 	 3.226126 	 136.254278 	 27725.078246 	 1962527496.875193 
349 	 -12.586586 	 137.129114 	 27795.467617 	 1883006954.864066 
350 	 -35.617633 	 139.187257 	 29329.744684 	 2114756886.306425 
351 	 -60.978114 	 149.340010 	 32517.745371 	 2499661837.118331 
352 	 -69.101853 	 161.010828 	 37173.054886 	 3007071372.684090 
353 	 11.821092 	 120.893744 	 21618.622644 	 1197125976.422504 
354 	 10.617906 	 122.255965 	 21732.119882 	 1136106122.289483 
355 	 -27.882100 	 128.717575 	 24351.367034 	 1432590468.099514 
356 	 61.271579 	 126.632018 	 24627.985572 	 1606879212.951961 
357 	 10.140958 	 144.495978 	 30470.699816 	 2150552541.223322 
358 	 -2.879157 	 117.128766 	 20957.580296 	 1181292449.917513 
359 	 17.281227 	 146.779073 	 31276.444221 	 2279333442.704375 
360 	 -15.951460 	 148.493024 	 31470.016741 	 2215547344.870526 
361 	 -0.484822 	 127.744495 	 24076.995490 	 1386426959.818858 
362 	 -29.193340 	 147.310754 	 30616.297569 	 2033160415.356716 
363 	 -51.174948 	 145.607286 	 30452.026784 	 2081451929.066349 
364 	 22.398596 	 130.189336 	 25578.126092 	 1650203486.316304 
365 	 39.381544 	 137.949043 	 28325.474030 	 1984213161.035652 
366 	 48.510906 	 157.105644 	 34721.947303 	 2589115128.656878 
367 	 -31.290365 	 134.848157 	 27118.330809 	 1791771455.724123 
368 	 9.395842 	 140.182757 	 28654.303064 	 1973780873.886627 
369 	 -47.686135 	 139.642652 	 28562.977364 	 1912546357.541284 
370 	 22.556090 	 126.138548 	 23066.032755 	 1252519891.980541 
371 	 -9.292480 	 155.325927 	 32919.206215 	 2245926642.062932 
372 	 -70.275634 	 137.897624 	 26918.001422 	 1627458147.430294 
373 	 10.675651 	 144.413276 	 31560.443526 	 2534935431.615475 
374 	 45.827195 	 151.532655 	 31836.580475 	 2123659366.084782 
375 	 42.153424 	 128.546416 	 23925.709512 	 1342995502.115221 
376 	 3.695193 	 136.551739 	 27356.059251 	 1762854394.761469 
377 	 -39.002311 	 149.512253 	 31550.211144 	 2218423882.123618 
378 	 -12.288996 	 140.435763 	 28593.814378 	 1946973192.717777 
379 	 -7.127607 	 122.338563 	 22535.510599 	 1267160921.548611 
380 	 20.802334 	 146.469523 	 29878.107162 	 1890710256.837473 
381 	 33.374039 	 136.501835 	 28012.126974 	 1883847099.218805 
382 	 -3.976078 	 150.735868 	 31846.631949 	 2271376427.117009 
383 	 -21.073482 	 147.348690 	 31827.230453 	 2464455106.748800 
384 	 63.064339 	 142.507307 	 28673.218871 	 1855311755.853673 
385 	 -30.653481 	 150.586334 	 32673.063904 	 2420881839.068148 
386 	 -29.591752 	 143.317610 	 29918.173364 	 2180802347.352776 
387 	 -56.992708 	 136.179306 	 27357.056166 	 1767468274.197431 
388 	 -47.770283 	 152.236650 	 32769.338721 	 2413117780.749816 
389 	 -16.051746 	 147.621073 	 31789.516361 	 2403413129.251228 
390 	 -9.228243 	 134.297237 	 26679.339593 	 1740001582.903308 
391 	 4.101366 	 148.540533 	 31064.078003 	 2128517562.694034 
392 	 -27.154886 	 113.512191 	 18982.019686 	 927230470.150911 
393 	 9.666455 	 139.333527 	 29622.048292 	 2269751896.773508 
394 	 25.312150 	 152.517324 	 32558.620163 	 2254478948.068186 
395 	 -46.277526 	 133.201547 	 26238.321153 	 1680520708.892256 
396 	 9.688351 	 138.827867 	 28779.007347 	 2011633482.678362 
397 	 -15.398577 	 126.662368 	 23844.169793 	 1361539618.757265 
398 	 32.880636 	 155.447590 	 34888.217472 	 2649394265.762521 
399 	 -27.087179 	 131.224921 	 27081.868419 	 2044202331.030766 
400 	 35.455147 	 145.083388 	 30658.528384 	 2210959394.183480 

%ACCRATE = 0.895943

%%%%%%%%%%%%%%%%%%%%%%%%%%%%%%%%%%%%%%%%%%%%%%%%%%%%%%%%%%%%%%%%%%%%%%%%%%%
%KAPPA = 0.190000
%%%%%%%%%%%%%%%%%%%%%%%%%%%%%%%%%%%%%%%%%%%%%%%%%%%%%%%%%%%%%%%%%%%%%%%%%%%

401 	 -101.515066 	 419.533529 	 185861.772375 	 40117147563.594078 
402 	 317.112572 	 379.626682 	 156876.067792 	 30510181718.498383 
403 	 -139.582677 	 372.238673 	 154980.621701 	 30773256024.500217 
404 	 144.619918 	 372.763118 	 156925.926077 	 31615180793.200100 
405 	 321.528157 	 381.546715 	 160569.956531 	 32825998702.671062 
406 	 -213.646753 	 368.430029 	 151454.466993 	 29740545300.407719 
407 	 -379.227654 	 381.041391 	 159946.522493 	 32128054017.914974 
408 	 154.360989 	 392.733634 	 168345.205365 	 34950973395.876137 
409 	 96.650145 	 398.338257 	 172777.507733 	 36428896395.979378 
410 	 356.803867 	 384.097691 	 161401.070447 	 32193826442.477486 
411 	 271.103745 	 383.563927 	 162801.530361 	 33551361532.548717 
412 	 -159.593661 	 390.773140 	 167204.039130 	 35003582104.133736 
413 	 353.164983 	 362.582835 	 150750.011344 	 30480939240.017769 
414 	 423.968857 	 423.968857 	 188124.436641 	 40701906072.730934 
415 	 -52.563242 	 397.499628 	 174654.173109 	 38455112800.932655 
416 	 396.815896 	 402.846799 	 174553.308292 	 36571881159.334023 
417 	 411.290216 	 411.652277 	 179354.584488 	 37668781775.603264 
418 	 138.921625 	 381.069430 	 163141.132714 	 34119042268.700783 
419 	 327.216461 	 366.871128 	 152572.829907 	 30918087666.775105 
420 	 409.998182 	 410.792684 	 178096.403457 	 37026251576.551079 
421 	 264.038363 	 400.144007 	 174684.947263 	 37072532180.777710 
422 	 253.486520 	 394.638598 	 168099.338999 	 34223225793.147373 
423 	 209.728111 	 427.277157 	 192210.448944 	 42360103493.821770 
424 	 260.735033 	 375.104082 	 157817.995882 	 32357401676.297787 
425 	 286.295872 	 381.077190 	 160109.860595 	 32593565303.127651 
426 	 -140.001873 	 377.685670 	 158030.274722 	 31693002460.708286 
427 	 -295.022651 	 403.689562 	 177639.343285 	 38768686502.766617 
428 	 -40.426988 	 386.619233 	 167054.054144 	 35345468636.404945 
429 	 -67.112190 	 365.966958 	 152117.443356 	 30844436601.535488 
430 	 215.979702 	 395.242129 	 171297.694480 	 36075123724.505173 
431 	 -96.226379 	 417.979005 	 184566.301252 	 39777346798.388634 
432 	 362.469203 	 391.398608 	 167079.624734 	 34781613402.074585 
433 	 -248.895570 	 413.616771 	 181356.967116 	 38622438739.719902 
434 	 248.923570 	 386.169428 	 165647.363552 	 34720304743.936333 
435 	 380.544223 	 388.201547 	 165372.567370 	 34338606118.104881 
436 	 -45.212707 	 363.081611 	 147764.457276 	 28635174761.839687 
437 	 272.145708 	 403.606158 	 173853.155746 	 36247618417.956261 
438 	 239.724465 	 385.484518 	 163774.399311 	 33832603598.784737 
439 	 -375.191496 	 381.359936 	 159891.601051 	 32112312021.878281 
440 	 -84.130892 	 392.883714 	 171801.099306 	 37191025071.522217 
441 	 -88.127937 	 383.710392 	 159327.502830 	 31202985112.666023 
442 	 -298.804987 	 405.699648 	 175900.209092 	 36887005396.053360 
443 	 191.597881 	 413.075512 	 181440.921505 	 38749146898.771576 
444 	 114.404643 	 322.947299 	 127768.501315 	 25019795061.920399 
445 	 388.772278 	 390.389338 	 167365.534703 	 35213158045.172279 
446 	 -110.003802 	 393.971567 	 172206.108643 	 37421478861.940620 
447 	 220.722647 	 376.466190 	 158388.116378 	 32591575356.411945 
448 	 394.868197 	 396.338212 	 171803.058806 	 36578790732.193748 
449 	 4.984025 	 377.981900 	 158547.438688 	 31891869213.295414 
450 	 -233.938877 	 391.523676 	 167822.826747 	 34868462858.955681 
451 	 119.320876 	 401.905197 	 175522.434333 	 37650521215.017906 
452 	 357.269345 	 393.908266 	 168728.015220 	 34892264379.221924 
453 	 194.190051 	 388.492109 	 164044.666312 	 33233352891.124023 
454 	 289.157899 	 400.686987 	 175112.083684 	 37488180846.125977 
455 	 408.449484 	 408.551078 	 177488.199044 	 37117872170.643967 
456 	 401.295777 	 401.713588 	 172779.455659 	 35703298963.336502 
457 	 346.418849 	 399.973818 	 171816.830612 	 35460341953.557602 
458 	 -246.872636 	 392.163704 	 167128.647723 	 34290817386.784023 
459 	 76.966934 	 396.878814 	 169839.476049 	 34846638029.385071 
460 	 -20.985852 	 386.360186 	 163730.723417 	 33173151728.482639 
461 	 -312.887438 	 389.012957 	 164510.459904 	 33101341239.291012 
462 	 -218.586083 	 400.743431 	 174772.166912 	 37332382170.976707 
463 	 402.105165 	 402.105165 	 173457.276393 	 36160071029.379868 
464 	 -87.023382 	 380.408090 	 161635.501218 	 33496572817.337494 
465 	 -420.317550 	 420.317550 	 184784.485175 	 39354995888.472023 
466 	 -257.854860 	 386.329798 	 162031.512689 	 32642142870.903755 
467 	 334.751196 	 409.305472 	 179044.523019 	 38216653260.403931 
468 	 119.864113 	 365.743526 	 150700.310218 	 29665218194.693550 
469 	 -355.995159 	 396.149423 	 170824.734167 	 35884444597.254280 
470 	 -146.453458 	 388.838152 	 165429.822616 	 34048263236.326832 
471 	 120.284836 	 403.865434 	 174616.535142 	 36328235895.042175 
472 	 -395.727482 	 403.155013 	 173967.691209 	 36498301229.364532 
473 	 -398.371344 	 398.996422 	 172813.538387 	 36429500030.966599 
474 	 -222.879209 	 374.853453 	 155042.520550 	 30619717305.123348 
475 	 -249.385797 	 391.889692 	 166258.998400 	 33584085294.644630 
476 	 251.007180 	 413.066037 	 181626.662503 	 38862751895.262772 
477 	 13.772548 	 358.042664 	 146971.890756 	 29205928088.651981 
478 	 -297.434118 	 372.996024 	 156438.510658 	 31696799243.060444 
479 	 290.614437 	 407.089244 	 178620.951134 	 38798366826.798332 
480 	 -51.624159 	 395.251062 	 169789.170350 	 35155339617.919319 
481 	 -320.691989 	 379.717391 	 161022.510141 	 33415283476.435608 
482 	 -63.304539 	 358.280485 	 145581.409072 	 28216032604.863686 
483 	 60.107491 	 394.807982 	 171633.846714 	 36805654515.625854 
484 	 111.644660 	 394.824896 	 170850.135496 	 36220671912.463120 
485 	 -51.800685 	 396.010170 	 169993.534011 	 35289766568.344872 
486 	 145.705365 	 398.929060 	 172017.073838 	 36042201367.556129 
487 	 378.777288 	 378.851887 	 157374.965167 	 31608170972.389118 
488 	 73.896001 	 393.077372 	 168001.793402 	 35197758258.358795 
489 	 192.243259 	 412.822052 	 183582.969390 	 40600259463.609085 
490 	 -317.201139 	 402.338889 	 173996.525871 	 36118255607.098572 
491 	 169.115177 	 377.633347 	 159906.415788 	 33035442113.727619 
492 	 140.421318 	 406.801089 	 178376.380601 	 38070939386.961243 
493 	 -19.546167 	 380.697244 	 160087.572626 	 32789664781.364277 
494 	 -103.174816 	 368.340746 	 153984.570783 	 31351239641.566914 
495 	 -419.282170 	 419.282170 	 184556.881878 	 39487534897.628922 
496 	 -255.677836 	 385.083928 	 165088.474546 	 34535254601.069893 
497 	 398.075468 	 398.533652 	 170366.063118 	 35161561536.513680 
498 	 -33.914310 	 389.808113 	 166196.448542 	 34387220346.045563 
499 	 -401.951954 	 402.916963 	 172231.437829 	 34699129164.406357 
500 	 -392.671053 	 395.233225 	 169245.904147 	 35160148594.506340 

%ACCRATE = 0.889087

%%%%%%%%%%%%%%%%%%%%%%%%%%%%%%%%%%%%%%%%%%%%%%%%%%%%%%%%%%%%%%%%%%%%%%%%%%%
%KAPPA = 0.200000
%%%%%%%%%%%%%%%%%%%%%%%%%%%%%%%%%%%%%%%%%%%%%%%%%%%%%%%%%%%%%%%%%%%%%%%%%%%

501 	 -602.749460 	 602.749460 	 365679.839118 	 137038221802.253418 
502 	 -608.925899 	 608.925899 	 373223.578867 	 142743681489.678345 
503 	 -605.155025 	 605.155025 	 368711.362052 	 139422882623.500610 
504 	 -600.991608 	 600.991608 	 363738.897765 	 135843772313.302170 
505 	 -605.352372 	 605.352372 	 368793.528547 	 139353199340.084961 
506 	 -603.574311 	 603.574311 	 366785.561873 	 138023106198.520538 
507 	 -603.034361 	 603.034361 	 366244.031475 	 137740573301.182129 
508 	 -605.064421 	 605.064421 	 368573.314691 	 139306360645.248413 
509 	 -604.930114 	 604.930114 	 368322.040274 	 139013175407.539368 
510 	 -610.841230 	 610.841230 	 375198.689161 	 143794577601.564850 
511 	 -607.660914 	 607.660914 	 371710.329242 	 141695231220.046509 
512 	 -605.442913 	 605.442913 	 369062.085678 	 139744128686.286865 
513 	 -609.667078 	 609.667078 	 373992.342266 	 143205888159.351868 
514 	 -607.746216 	 607.746216 	 371783.052776 	 141662271454.058868 
515 	 -603.081870 	 603.081870 	 366574.413668 	 138313844554.278259 
516 	 -603.798762 	 603.798762 	 367156.429983 	 138419662587.794708 
517 	 -608.803702 	 608.803702 	 372868.540477 	 142227278376.270111 
518 	 -605.287353 	 605.287353 	 368930.129777 	 139739107648.204712 
519 	 -606.025599 	 606.025599 	 369677.416002 	 140101062097.216187 
520 	 -604.287730 	 604.287730 	 367494.104775 	 138327646577.954468 
521 	 -611.049876 	 611.049876 	 375561.268437 	 144211674953.704987 
522 	 -604.921439 	 604.921439 	 368731.626315 	 139834311805.203064 
523 	 -603.788248 	 603.788248 	 367108.251342 	 138296971458.046295 
524 	 -606.988861 	 606.988861 	 370855.937484 	 140973462670.741119 
525 	 -605.839309 	 605.839309 	 369262.888955 	 139521618965.089111 
526 	 -605.462953 	 605.462953 	 368992.938706 	 139553537780.040222 
527 	 -606.445124 	 606.445124 	 370283.886587 	 140635608657.101532 
528 	 -609.403172 	 609.403172 	 373570.333779 	 142761210819.006042 
529 	 -605.573466 	 605.573466 	 369264.377077 	 139980203654.739532 
530 	 -604.427012 	 604.427012 	 367947.367022 	 139068477972.334045 
531 	 -604.710462 	 604.710462 	 368115.223934 	 138925551669.895050 
532 	 -605.393860 	 605.393860 	 368809.758574 	 139310567395.891968 
533 	 -605.509138 	 605.509138 	 369207.121911 	 139943035447.466583 
534 	 -607.826202 	 607.826202 	 371773.877053 	 141568742983.597961 
535 	 -601.698280 	 601.698280 	 364485.274055 	 136267355841.590073 
536 	 -603.605645 	 603.605645 	 366836.626282 	 138083750368.374969 
537 	 -607.357152 	 607.357152 	 371382.528957 	 141468693822.922058 
538 	 -608.718462 	 608.718462 	 372884.892705 	 142436951938.319336 
539 	 -606.071104 	 606.071104 	 369776.204126 	 140237895463.405121 
540 	 -608.184754 	 608.184754 	 372277.667761 	 141940627473.237549 
541 	 -606.544533 	 606.544533 	 370623.992357 	 141165997919.235962 
542 	 -613.224161 	 613.224161 	 378423.363026 	 146629842540.398712 
543 	 -605.608263 	 605.608263 	 369557.462309 	 140356918204.903412 
544 	 -601.603841 	 601.603841 	 364722.324990 	 136838353052.010468 
545 	 -606.806436 	 606.806436 	 370643.825862 	 140766593724.142944 
546 	 -602.837470 	 602.837470 	 365868.962055 	 137314604545.518570 
547 	 -605.540218 	 605.540218 	 369061.775258 	 139611908004.707886 
548 	 -604.264939 	 604.264939 	 367586.599770 	 138562601668.471985 
549 	 -609.873621 	 609.873621 	 374190.257509 	 143249021553.150909 
550 	 -605.405382 	 605.405382 	 369200.327458 	 140048620118.292236 
551 	 -606.246436 	 606.246436 	 369757.743846 	 139891950887.790375 
552 	 -602.346515 	 602.346515 	 365369.573614 	 137115876347.811478 
553 	 -608.407665 	 608.407665 	 372379.908901 	 141847586560.023315 
554 	 -612.991606 	 612.991606 	 377915.414153 	 145958608731.835175 
555 	 -604.001772 	 604.001772 	 367947.658872 	 139558426219.186890 
556 	 -607.753656 	 607.753656 	 371730.323290 	 141560267853.494385 
557 	 -608.347255 	 608.347255 	 372588.478104 	 142386164692.620422 
558 	 -609.452897 	 609.452897 	 373569.090743 	 142641786980.531525 
559 	 -603.099962 	 603.099962 	 366155.557649 	 137495731202.581421 
560 	 -605.190074 	 605.190074 	 368806.380530 	 139643448892.401276 
561 	 -612.688959 	 612.688959 	 377546.054074 	 145703947645.618011 
562 	 -602.722293 	 602.722293 	 365768.597836 	 137319647891.744553 
563 	 -601.127225 	 601.127225 	 363969.859910 	 136060098208.259445 
564 	 -610.945633 	 610.945633 	 375746.721057 	 144732768126.122559 
565 	 -604.332773 	 604.332773 	 367517.292765 	 138255710705.904785 
566 	 -606.556665 	 606.556665 	 370671.579379 	 141239043568.215363 
567 	 -606.003259 	 606.003259 	 369700.300292 	 140161748446.679688 
568 	 -603.911446 	 603.911446 	 367171.134754 	 138302749799.209961 
569 	 -602.108097 	 602.108097 	 365101.203776 	 136858118941.954269 
570 	 -604.788926 	 604.788926 	 368141.926867 	 138891682059.334900 
571 	 -604.007993 	 604.007993 	 367513.917636 	 138825123023.604523 
572 	 -607.970253 	 607.970253 	 372326.438145 	 142394891438.055115 
573 	 -604.704921 	 604.704921 	 368379.980667 	 139450636854.900238 
574 	 -609.028502 	 609.028502 	 373474.514467 	 143108345104.999939 
575 	 -604.806795 	 604.806795 	 368401.443187 	 139437502179.684814 
576 	 -600.409323 	 600.409323 	 363303.590906 	 135887380271.322632 
577 	 -608.527839 	 608.527839 	 372589.325853 	 142140431577.583221 
578 	 -604.965051 	 604.965051 	 368411.412818 	 139124839884.242584 
579 	 -597.971505 	 597.971505 	 360306.759482 	 133550794966.319550 
580 	 -609.518851 	 609.518851 	 373728.039055 	 142868536069.801636 
581 	 -601.146022 	 601.146022 	 364202.478171 	 136533465230.626678 
582 	 -601.323210 	 601.323210 	 364140.957464 	 136165385675.736450 
583 	 -607.595587 	 607.595587 	 371558.920306 	 141470052250.720795 
584 	 -606.581678 	 606.581678 	 370316.472858 	 140487035384.725922 
585 	 -607.658802 	 607.658802 	 371763.139341 	 141763655770.159973 
586 	 -605.449483 	 605.449483 	 369011.217460 	 139619062674.404663 
587 	 -604.936390 	 604.936390 	 368325.169508 	 139032113039.776306 
588 	 -612.042564 	 612.042564 	 376833.310071 	 145274801186.414124 
589 	 -604.252568 	 604.252568 	 368009.639494 	 139410490746.436890 
590 	 -608.130322 	 608.130322 	 372073.816600 	 141662111397.626923 
591 	 -608.594572 	 608.594572 	 372699.609241 	 142217295614.749756 
592 	 -607.103992 	 607.103992 	 370778.409918 	 140625814652.606995 
593 	 -608.976601 	 608.976601 	 373311.534952 	 142836430140.048340 
594 	 -604.507515 	 604.507515 	 367984.453957 	 139012441258.386292 
595 	 -606.969152 	 606.969152 	 371092.460064 	 141504709275.899139 
596 	 -607.261114 	 607.261114 	 371138.148442 	 141054523371.983887 
597 	 -606.615097 	 606.615097 	 370558.614937 	 140952645950.181519 
598 	 -603.777510 	 603.777510 	 367200.583066 	 138443182058.289398 
599 	 -603.462112 	 603.462112 	 366669.342545 	 137973046794.556030 
600 	 -602.197708 	 602.197708 	 365438.794995 	 137376732807.909378 

%ACCRATE = 0.877717

%%%%%%%%%%%%%%%%%%%%%%%%%%%%%%%%%%%%%%%%%%%%%%%%%%%%%%%%%%%%%%%%%%%%%%%%%%%
%KAPPA = 0.210000
%%%%%%%%%%%%%%%%%%%%%%%%%%%%%%%%%%%%%%%%%%%%%%%%%%%%%%%%%%%%%%%%%%%%%%%%%%%

601 	 -710.548352 	 710.548352 	 506023.427922 	 258338900606.735046 
602 	 -707.766552 	 707.766552 	 502227.530786 	 254763222620.123138 
603 	 -709.420597 	 709.420597 	 504507.522225 	 256968374760.184937 
604 	 -709.260824 	 709.260824 	 504295.337558 	 256780185957.538513 
605 	 -708.386750 	 708.386750 	 503032.999496 	 255459108374.232697 
606 	 -708.922908 	 708.922908 	 503736.997498 	 256063860169.270264 
607 	 -709.722515 	 709.722515 	 504972.608604 	 257503052355.247101 
608 	 -708.484028 	 708.484028 	 503119.583075 	 255448584270.274963 
609 	 -707.963928 	 707.963928 	 502495.647313 	 255035574957.610962 
610 	 -710.637611 	 710.637611 	 506104.165494 	 258337154777.359711 
611 	 -708.868644 	 708.868644 	 503744.907972 	 256233755197.578064 
612 	 -705.974342 	 705.974342 	 499662.405758 	 252142285005.085144 
613 	 -707.015976 	 707.015976 	 501088.818622 	 253494610530.158264 
614 	 -711.401176 	 711.401176 	 507315.669549 	 259802553039.691559 
615 	 -709.621471 	 709.621471 	 504671.159183 	 256908141872.576813 
616 	 -708.084755 	 708.084755 	 502607.040013 	 255036682494.662750 
617 	 -708.916979 	 708.916979 	 503743.458544 	 256099425570.841705 
618 	 -708.438690 	 708.438690 	 503066.401101 	 255416511262.849304 
619 	 -708.125545 	 708.125545 	 502668.800716 	 255101712259.428802 
620 	 -708.189471 	 708.189471 	 502685.601821 	 254971918101.284851 
621 	 -707.976080 	 707.976080 	 502380.710558 	 254658902001.175964 
622 	 -709.602829 	 709.602829 	 504757.238524 	 257202716834.614197 
623 	 -711.114106 	 711.114106 	 506856.148442 	 259228982529.007202 
624 	 -707.071493 	 707.071493 	 501192.142190 	 253642335042.272888 
625 	 -710.752554 	 710.752554 	 506346.760501 	 258732067551.933258 
626 	 -707.398803 	 707.398803 	 501688.509877 	 254194486440.669006 
627 	 -712.389766 	 712.389766 	 508593.983760 	 260863529202.486847 
628 	 -707.859162 	 707.859162 	 502231.149370 	 254543550940.877808 
629 	 -706.976871 	 706.976871 	 500981.535094 	 253287515715.863647 
630 	 -707.469626 	 707.469626 	 501678.503789 	 253982442705.633514 
631 	 -707.017606 	 707.017606 	 501186.115905 	 253757332691.344238 
632 	 -711.321447 	 711.321447 	 507157.210651 	 259553810470.623413 
633 	 -706.411188 	 706.411188 	 500257.193139 	 252698444299.592560 
634 	 -709.112714 	 709.112714 	 503968.134440 	 256225915018.120941 
635 	 -708.700225 	 708.700225 	 503515.040344 	 256025382526.176239 
636 	 -709.017373 	 709.017373 	 503875.345051 	 256210651576.629089 
637 	 -710.234120 	 710.234120 	 505591.715195 	 257940509341.788055 
638 	 -708.213586 	 708.213586 	 502898.615461 	 255519448687.782593 
639 	 -709.306748 	 709.306748 	 504360.171634 	 256845420289.358704 
640 	 -707.423340 	 707.423340 	 501763.954749 	 254342992214.714905 
641 	 -709.837894 	 709.837894 	 505153.026425 	 257725590605.296265 
642 	 -706.835987 	 706.835987 	 500802.687940 	 253144105051.841187 
643 	 -708.104687 	 708.104687 	 502631.570321 	 255050125120.876740 
644 	 -710.274949 	 710.274949 	 505669.165887 	 258049101825.256042 
645 	 -709.211421 	 709.211421 	 504207.929078 	 256644913980.539001 
646 	 -712.889576 	 712.889576 	 509292.996956 	 261560250453.186737 
647 	 -709.936265 	 709.936265 	 505174.402865 	 257529186326.516846 
648 	 -707.537653 	 707.537653 	 501899.117361 	 254433928177.743195 
649 	 -709.102527 	 709.102527 	 503964.593716 	 256234092887.694885 
650 	 -707.548173 	 707.548173 	 501886.124071 	 254368354996.229553 
651 	 -710.276916 	 710.276916 	 505717.976732 	 258199599615.848938 
652 	 -707.706237 	 707.706237 	 502074.420276 	 254504970789.833191 
653 	 -710.309118 	 710.309118 	 505745.288006 	 258179793008.738892 
654 	 -710.913201 	 710.913201 	 506501.603209 	 258754762906.887451 
655 	 -710.929582 	 710.929582 	 506569.890932 	 258913665681.673340 
656 	 -707.595281 	 707.595281 	 501871.740753 	 254212437219.039795 
657 	 -708.699859 	 708.699859 	 503477.010795 	 255906588147.037109 
658 	 -707.821416 	 707.821416 	 502311.633153 	 254885057148.245850 
659 	 -709.624517 	 709.624517 	 504790.532898 	 257233958796.836456 
660 	 -704.920164 	 704.920164 	 498128.896683 	 250522493623.367401 
661 	 -710.154518 	 710.154518 	 505561.253740 	 258055573890.288635 
662 	 -707.679463 	 707.679463 	 502094.693279 	 254622777377.858459 
663 	 -708.824637 	 708.824637 	 503696.377762 	 256200928888.219849 
664 	 -709.259082 	 709.259082 	 504268.339737 	 256694160935.013947 
665 	 -708.091456 	 708.091456 	 502675.706199 	 255210796418.429688 
666 	 -707.591152 	 707.591152 	 502035.977974 	 254685821578.279205 
667 	 -708.735047 	 708.735047 	 503469.497538 	 255780827373.402496 
668 	 -708.591261 	 708.591261 	 503228.672955 	 255479918333.887299 
669 	 -710.143297 	 710.143297 	 505485.378956 	 257863649118.966339 
670 	 -708.261106 	 708.261106 	 502878.095217 	 255342985679.376587 
671 	 -710.029807 	 710.029807 	 505392.186606 	 257911216697.522644 
672 	 -707.745004 	 707.745004 	 502150.581212 	 254612224582.640106 
673 	 -708.381613 	 708.381613 	 502933.946148 	 255182568617.813110 
674 	 -711.011977 	 711.011977 	 506686.397319 	 259020404107.384460 
675 	 -709.215398 	 709.215398 	 504137.584796 	 256430632555.250885 
676 	 -707.946742 	 707.946742 	 502405.728266 	 254817840208.235657 
677 	 -709.669592 	 709.669592 	 504899.690326 	 257427602939.250702 
678 	 -710.620602 	 710.620602 	 506176.832659 	 258598881329.411438 
679 	 -708.851825 	 708.851825 	 503660.427342 	 256036238342.873749 
680 	 -710.146982 	 710.146982 	 505525.262356 	 257966935050.483459 
681 	 -709.593143 	 709.593143 	 504712.831067 	 257093809865.785553 
682 	 -710.418199 	 710.418199 	 505874.429244 	 258260226516.813507 
683 	 -709.424398 	 709.424398 	 504649.506687 	 257359386709.374237 
684 	 -708.677046 	 708.677046 	 503419.724517 	 255790412923.759552 
685 	 -709.041649 	 709.041649 	 503919.776203 	 256271492838.750000 
686 	 -709.424828 	 709.424828 	 504452.779506 	 256786402904.428711 
687 	 -709.641686 	 709.641686 	 504804.306097 	 257233536169.813354 
688 	 -708.751121 	 708.751121 	 503496.445224 	 255825435980.462036 
689 	 -707.574518 	 707.574518 	 501867.328845 	 254247861819.221802 
690 	 -708.947403 	 708.947403 	 503867.282132 	 256378126150.661743 
691 	 -710.056500 	 710.056500 	 505357.663007 	 257736536617.856445 
692 	 -708.977264 	 708.977264 	 503843.533241 	 256221743059.623535 
693 	 -706.714156 	 706.714156 	 500607.273341 	 252909283240.724487 
694 	 -708.176467 	 708.176467 	 502770.133190 	 255264183498.247803 
695 	 -710.883915 	 710.883915 	 506541.057287 	 258953671610.719299 
696 	 -708.640129 	 708.640129 	 503336.506003 	 255656112061.828339 
697 	 -708.785086 	 708.785086 	 503546.110758 	 255874748084.989197 
698 	 -708.782278 	 708.782278 	 503486.944724 	 255717836524.812744 
699 	 -709.838838 	 709.838838 	 505043.609802 	 257402185237.090851 
700 	 -708.939173 	 708.939173 	 503839.372628 	 256303747074.097900 

%ACCRATE = 0.870053

%%%%%%%%%%%%%%%%%%%%%%%%%%%%%%%%%%%%%%%%%%%%%%%%%%%%%%%%%%%%%%%%%%%%%%%%%%%
%KAPPA = 0.220000
%%%%%%%%%%%%%%%%%%%%%%%%%%%%%%%%%%%%%%%%%%%%%%%%%%%%%%%%%%%%%%%%%%%%%%%%%%%

701 	 -778.719928 	 778.719928 	 607166.808936 	 370486856498.679871 
702 	 -780.163966 	 780.163966 	 609403.267614 	 373181524726.563232 
703 	 -780.952720 	 780.952720 	 610616.588558 	 374621724797.056091 
704 	 -778.075702 	 778.075702 	 606187.905200 	 369350792464.169373 
705 	 -782.135778 	 782.135778 	 612454.879730 	 376848978950.525574 
706 	 -780.053684 	 780.053684 	 609218.830969 	 372925209102.932251 
707 	 -780.267455 	 780.267455 	 609554.156591 	 373339006438.666077 
708 	 -778.867894 	 778.867894 	 607398.440623 	 370773074264.703979 
709 	 -776.580802 	 776.580802 	 603855.813003 	 366506724661.532776 
710 	 -778.710351 	 778.710351 	 607204.388312 	 370650267037.468811 
711 	 -778.399998 	 778.399998 	 606682.250842 	 369927165834.883362 
712 	 -779.682161 	 779.682161 	 608680.402659 	 372360129472.299377 
713 	 -779.187269 	 779.187269 	 607862.646513 	 371258372674.652100 
714 	 -779.613839 	 779.613839 	 608507.053470 	 371989954892.211060 
715 	 -779.287301 	 779.287301 	 608068.814844 	 371629365061.493286 
716 	 -779.118927 	 779.118927 	 607793.370833 	 371259395891.630981 
717 	 -778.729585 	 778.729585 	 607148.059442 	 370382127553.542908 
718 	 -778.783924 	 778.783924 	 607220.967242 	 370443683061.207214 
719 	 -779.595593 	 779.595593 	 608509.970127 	 372070537325.172363 
720 	 -779.047340 	 779.047340 	 607688.835602 	 371155255598.379333 
721 	 -778.571617 	 778.571617 	 606915.432682 	 370131560420.881165 
722 	 -777.985681 	 777.985681 	 606041.456131 	 369160524778.095032 
723 	 -779.640453 	 779.640453 	 608577.626690 	 372153376426.062927 
724 	 -779.749527 	 779.749527 	 608766.558450 	 372421502207.945190 
725 	 -780.417504 	 780.417504 	 609763.731744 	 373538289965.753662 
726 	 -779.366157 	 779.366157 	 608176.154505 	 371723371768.869324 
727 	 -779.564344 	 779.564344 	 608471.078486 	 372049600674.856140 
728 	 -779.101713 	 779.101713 	 607743.132006 	 371139295536.138916 
729 	 -777.933897 	 777.933897 	 605937.502952 	 368975352378.957458 
730 	 -779.958055 	 779.958055 	 609118.200540 	 372913553442.133972 
731 	 -779.186551 	 779.186551 	 607882.205223 	 371334276589.600281 
732 	 -779.126695 	 779.126695 	 607816.939512 	 371316321441.113525 
733 	 -779.965145 	 779.965145 	 609065.595426 	 372701543539.403442 
734 	 -780.997957 	 780.997957 	 610720.393092 	 374829623692.189270 
735 	 -778.402002 	 778.402002 	 606672.500700 	 369881510830.454834 
736 	 -779.715055 	 779.715055 	 608693.534243 	 372286581493.979126 
737 	 -778.749714 	 778.749714 	 607208.254640 	 370523924553.315735 
738 	 -778.956350 	 778.956350 	 607517.524976 	 370872691103.681824 
739 	 -779.779099 	 779.779099 	 608799.216064 	 372432106213.066528 
740 	 -777.781802 	 777.781802 	 605697.170507 	 368681315516.596436 
741 	 -781.566733 	 781.566733 	 611549.843310 	 375699946304.624207 
742 	 -778.920094 	 778.920094 	 607470.031931 	 370835211945.644958 
743 	 -778.249515 	 778.249515 	 606455.734014 	 369670144799.509827 
744 	 -778.933931 	 778.933931 	 607462.329135 	 370757489514.492371 
745 	 -777.553431 	 777.553431 	 605324.772944 	 368180767112.118225 
746 	 -778.160555 	 778.160555 	 606310.614365 	 369478431511.202209 
747 	 -779.382966 	 779.382966 	 608170.674127 	 371640270900.044373 
748 	 -780.711860 	 780.711860 	 610267.638696 	 374254870185.938660 
749 	 -780.129701 	 780.129701 	 609357.890763 	 373147720216.141968 
750 	 -779.592044 	 779.592044 	 608532.915407 	 372170214745.152161 
751 	 -778.686374 	 778.686374 	 607136.591721 	 370500145258.227844 
752 	 -779.704798 	 779.704798 	 608696.265346 	 372334979761.231323 
753 	 -779.863418 	 779.863418 	 608945.489952 	 372642389094.445435 
754 	 -780.785735 	 780.785735 	 610407.441966 	 374485651838.564331 
755 	 -778.989591 	 778.989591 	 607605.782398 	 371066643471.093750 
756 	 -778.650105 	 778.650105 	 607044.640694 	 370303189406.184082 
757 	 -780.343198 	 780.343198 	 609710.051109 	 373612945074.334229 
758 	 -779.659679 	 779.659679 	 608605.417401 	 372179137443.328125 
759 	 -777.536183 	 777.536183 	 605343.274239 	 368312475434.339111 
760 	 -780.143799 	 780.143799 	 609325.048820 	 372966889478.404175 
761 	 -779.028010 	 779.028010 	 607652.268462 	 371086832172.144470 
762 	 -777.601207 	 777.601207 	 605466.639221 	 368511817661.695435 
763 	 -780.452882 	 780.452882 	 609813.310871 	 373581099615.430847 
764 	 -778.932451 	 778.932451 	 607514.165918 	 370946030777.864014 
765 	 -780.434209 	 780.434209 	 609824.694524 	 373688682804.339844 
766 	 -780.215497 	 780.215497 	 609498.091240 	 373325108076.776306 
767 	 -777.341378 	 777.341378 	 605047.853135 	 367974014342.162415 
768 	 -778.115276 	 778.115276 	 606227.731399 	 369344671255.240540 
769 	 -779.041645 	 779.041645 	 607662.665494 	 371075991873.017700 
770 	 -778.429452 	 778.429452 	 606719.724194 	 369956440319.267883 
771 	 -779.671962 	 779.671962 	 608642.348334 	 372268990538.036926 
772 	 -780.047602 	 780.047602 	 609232.260078 	 372991335312.133728 
773 	 -780.214842 	 780.214842 	 609496.796498 	 373329360211.018127 
774 	 -780.515065 	 780.515065 	 609905.740047 	 373681805601.550171 
775 	 -779.446570 	 779.446570 	 608279.359369 	 371795203305.898254 
776 	 -779.371356 	 779.371356 	 608149.693559 	 371609005371.770081 
777 	 -779.530197 	 779.530197 	 608438.634988 	 372055170258.914917 
778 	 -779.520784 	 779.520784 	 608408.528118 	 371988737207.606140 
779 	 -779.169134 	 779.169134 	 607846.276892 	 371260333476.200562 
780 	 -779.935949 	 779.935949 	 609046.611858 	 372743196124.225952 
781 	 -777.500401 	 777.500401 	 605259.487780 	 368145324211.959045 
782 	 -779.308833 	 779.308833 	 608089.739934 	 371618579199.722046 
783 	 -779.962723 	 779.962723 	 609117.134473 	 372895958693.238220 
784 	 -780.211261 	 780.211261 	 609466.385615 	 373226072128.225403 
785 	 -779.300150 	 779.300150 	 608034.199692 	 371454963819.809021 
786 	 -778.548592 	 778.548592 	 606865.702952 	 370039762131.079102 
787 	 -779.848186 	 779.848186 	 608916.112768 	 372595308826.835938 
788 	 -778.457228 	 778.457228 	 606775.312308 	 370046506915.908752 
789 	 -779.230077 	 779.230077 	 608002.544625 	 371597086080.669922 
790 	 -779.070663 	 779.070663 	 607689.288717 	 371063366244.152527 
791 	 -781.193374 	 781.193374 	 610980.462227 	 375036478803.478027 
792 	 -778.977286 	 778.977286 	 607566.709164 	 370966188492.094971 
793 	 -778.921691 	 778.921691 	 607466.895386 	 370811490345.353760 
794 	 -779.899487 	 779.899487 	 608979.213023 	 372632821222.904480 
795 	 -779.087650 	 779.087650 	 607742.129555 	 371195032931.688354 
796 	 -779.855195 	 779.855195 	 608929.180047 	 372614119739.932190 
797 	 -779.556163 	 779.556163 	 608441.486679 	 371966802864.766479 
798 	 -777.162208 	 777.162208 	 604758.351310 	 367597484111.823364 
799 	 -779.458458 	 779.458458 	 608316.508157 	 371881587306.383423 
800 	 -779.449994 	 779.449994 	 608303.003148 	 371857581978.719421 

%ACCRATE = 0.862467

%%%%%%%%%%%%%%%%%%%%%%%%%%%%%%%%%%%%%%%%%%%%%%%%%%%%%%%%%%%%%%%%%%%%%%%%%%%
%KAPPA = 0.230000
%%%%%%%%%%%%%%%%%%%%%%%%%%%%%%%%%%%%%%%%%%%%%%%%%%%%%%%%%%%%%%%%%%%%%%%%%%%

801 	 -833.474375 	 833.474375 	 695204.042573 	 484760214186.377991 
802 	 -833.060904 	 833.060904 	 694526.127273 	 483846881202.054077 
803 	 -832.558783 	 832.558783 	 693704.309126 	 482743335811.041870 
804 	 -832.589071 	 832.589071 	 693724.406887 	 482687715876.695190 
805 	 -833.134607 	 833.134607 	 694624.242620 	 483919223758.156921 
806 	 -832.524128 	 832.524128 	 693616.431314 	 482538272845.644104 
807 	 -832.655191 	 832.655191 	 693858.529289 	 482938623590.169006 
808 	 -831.698373 	 831.698373 	 692255.498120 	 480687984249.281006 
809 	 -832.102045 	 832.102045 	 692922.587690 	 481600531754.752991 
810 	 -832.241365 	 832.241365 	 693153.231677 	 481913934107.330872 
811 	 -832.907040 	 832.907040 	 694257.541509 	 483440617524.564819 
812 	 -832.231011 	 832.231011 	 693152.894679 	 481962363743.278809 
813 	 -832.117228 	 832.117228 	 692941.293440 	 481606893883.141296 
814 	 -833.591125 	 833.591125 	 695405.337070 	 485061268375.885620 
815 	 -833.355922 	 833.355922 	 695010.309578 	 484498361728.725281 
816 	 -833.811078 	 833.811078 	 695764.391925 	 485536018651.063599 
817 	 -832.556527 	 832.556527 	 693697.458003 	 482725754324.903198 
818 	 -833.275860 	 833.275860 	 694864.324834 	 484263100169.143616 
819 	 -832.355878 	 832.355878 	 693329.598676 	 482121509756.920227 
820 	 -832.761063 	 832.761063 	 694006.695628 	 483068255798.556885 
821 	 -832.692141 	 832.692141 	 693894.458858 	 482919997366.284973 
822 	 -832.587462 	 832.587462 	 693736.706109 	 482746185740.082520 
823 	 -832.841997 	 832.841997 	 694185.093002 	 483437784053.384521 
824 	 -831.769058 	 831.769058 	 692401.373306 	 480965301411.448486 
825 	 -831.863325 	 831.863325 	 692525.128520 	 481049378919.594421 
826 	 -831.950244 	 831.950244 	 692679.510907 	 481285744377.897522 
827 	 -831.953774 	 831.953774 	 692691.989213 	 481319883813.988403 
828 	 -832.034897 	 832.034897 	 692814.576466 	 481459305440.999817 
829 	 -831.506412 	 831.506412 	 691960.577467 	 480342208930.439514 
830 	 -833.312778 	 833.312778 	 694926.644187 	 484350385939.673828 
831 	 -832.486269 	 832.486269 	 693559.151185 	 482475683417.941589 
832 	 -832.055996 	 832.055996 	 692880.943564 	 481636465466.707092 
833 	 -833.026109 	 833.026109 	 694469.576683 	 483771184732.345215 
834 	 -832.891026 	 832.891026 	 694233.100232 	 483410594350.430786 
835 	 -831.817575 	 831.817575 	 692446.538191 	 480932075488.944275 
836 	 -833.269234 	 833.269234 	 694878.750089 	 484350916784.073914 
837 	 -831.830033 	 831.830033 	 692481.781490 	 481017561874.093811 
838 	 -831.708123 	 831.708123 	 692259.007285 	 480654295935.013306 
839 	 -832.426705 	 832.426705 	 693483.557877 	 482432688018.980896 
840 	 -831.798933 	 831.798933 	 692431.540829 	 480951383118.176514 
841 	 -832.456921 	 832.456921 	 693522.866138 	 482463377478.330811 
842 	 -832.500402 	 832.500402 	 693582.844116 	 482506225738.926025 
843 	 -832.177639 	 832.177639 	 693037.095090 	 481726232918.728821 
844 	 -832.247705 	 832.247705 	 693144.970146 	 481854914100.856018 
845 	 -832.198353 	 832.198353 	 693085.867828 	 481832825943.035522 
846 	 -832.799642 	 832.799642 	 694101.577253 	 483280639574.328918 
847 	 -832.305818 	 832.305818 	 693268.272737 	 482095449632.307922 
848 	 -832.531820 	 832.531820 	 693638.348320 	 482593477445.683594 
849 	 -831.981098 	 831.981098 	 692717.199085 	 481303064396.347900 
850 	 -831.765453 	 831.765453 	 692388.675181 	 480929081163.021912 
851 	 -832.989835 	 832.989835 	 694398.098336 	 483641776067.635010 
852 	 -832.217615 	 832.217615 	 693115.761416 	 481868031052.731079 
853 	 -832.691709 	 832.691709 	 693889.825890 	 482900466831.919495 
854 	 -832.865553 	 832.865553 	 694209.600709 	 483430972236.322571 
855 	 -831.529455 	 831.529455 	 691998.860479 	 480395881249.277100 
856 	 -832.326168 	 832.326168 	 693297.281989 	 482123997451.225403 
857 	 -832.640371 	 832.640371 	 693841.992581 	 482938871975.743591 
858 	 -833.764082 	 833.764082 	 695691.086586 	 485448464401.370728 
859 	 -832.508716 	 832.508716 	 693601.548933 	 482546033281.737427 
860 	 -832.579120 	 832.579120 	 693707.378085 	 482663929416.748901 
861 	 -832.371170 	 832.371170 	 693380.872532 	 482266628751.628601 
862 	 -832.088887 	 832.088887 	 692899.654295 	 481565439720.957214 
863 	 -832.709545 	 832.709545 	 693928.670028 	 482980234184.751526 
864 	 -832.857640 	 832.857640 	 694201.294573 	 483432511772.504211 
865 	 -833.391779 	 833.391779 	 695081.456662 	 484630074625.919128 
866 	 -832.175299 	 832.175299 	 693038.049602 	 481740971121.319214 
867 	 -833.434084 	 833.434084 	 695117.973689 	 484585723666.121521 
868 	 -832.776114 	 832.776114 	 694053.288369 	 483194567254.236206 
869 	 -832.232352 	 832.232352 	 693134.685580 	 481881528089.807922 
870 	 -832.904393 	 832.904393 	 694281.591949 	 483551457343.174805 
871 	 -831.665406 	 831.665406 	 692198.343881 	 480598391764.891296 
872 	 -832.044460 	 832.044460 	 692842.005778 	 481527874109.047485 
873 	 -831.663470 	 831.663470 	 692198.383818 	 480608194134.316772 
874 	 -832.538140 	 832.538140 	 693654.928166 	 482633622328.393799 
875 	 -832.248801 	 832.248801 	 693162.327684 	 481920507104.794922 
876 	 -831.091334 	 831.091334 	 691242.843029 	 479272473097.090881 
877 	 -832.203351 	 832.203351 	 693079.934153 	 481787122719.409973 
878 	 -831.637887 	 831.637887 	 692157.969266 	 480558831843.110779 
879 	 -832.848327 	 832.848327 	 694184.504984 	 483400118775.851196 
880 	 -831.421967 	 831.421967 	 691824.638778 	 480166579613.399780 
881 	 -832.322048 	 832.322048 	 693302.930001 	 482164262428.124817 
882 	 -831.365498 	 831.365498 	 691743.036105 	 480084344458.106018 
883 	 -832.918843 	 832.918843 	 694259.817016 	 483391910340.600403 
884 	 -831.626203 	 831.626203 	 692125.227324 	 480479128033.378906 
885 	 -832.278036 	 832.278036 	 693224.890476 	 482044268673.068176 
886 	 -832.217456 	 832.217456 	 693095.192503 	 481785428887.241699 
887 	 -831.943832 	 831.943832 	 692654.616221 	 481212966583.805420 
888 	 -832.641396 	 832.641396 	 693815.330089 	 482824523898.908691 
889 	 -832.900380 	 832.900380 	 694243.512039 	 483410481470.115784 
890 	 -832.586107 	 832.586107 	 693739.080603 	 482760419199.934387 
891 	 -832.992558 	 832.992558 	 694391.934150 	 483606163551.270325 
892 	 -833.425368 	 833.425368 	 695116.364034 	 484619559616.588379 
893 	 -833.257726 	 833.257726 	 694831.875103 	 484209533585.582397 
894 	 -832.554270 	 832.554270 	 693666.953141 	 482609728653.649109 
895 	 -832.294241 	 832.294241 	 693217.110145 	 481937154984.968994 
896 	 -833.429534 	 833.429534 	 695142.300409 	 484710715316.075806 
897 	 -832.317870 	 832.317870 	 693287.806543 	 482122446780.691101 
898 	 -831.660778 	 831.660778 	 692186.138478 	 480571072007.281677 
899 	 -831.964027 	 831.964027 	 692719.503943 	 481395752927.041504 
900 	 -831.479817 	 831.479817 	 691885.599413 	 480155229367.183899 

%ACCRATE = 0.857181
