%%%%%%%%%%%%%%%%%%%%%%%%%%%%%%%%%%%%%%%%%%%%%%%%%%%%%%%%%%%%%%%%%%%%%%%%%%%
%SIMULAZIONE D = 3, L = 4, V = 64
%NUMERO DI MISURE PER OGNI KAPPA: T = 100
%%%%%%%%%%%%%%%%%%%%%%%%%%%%%%%%%%%%%%%%%%%%%%%%%%%%%%%%%%%%%%%%%%%%%%%%%%%

%%%%%%%%%%%%%%%%%%%%%%%%%%%%%%%%%%%%%%%%%%%%%%%%%%%%%%%%%%%%%%%%%%%%%%%%%%%
%KAPPA = 0.150000
%%%%%%%%%%%%%%%%%%%%%%%%%%%%%%%%%%%%%%%%%%%%%%%%%%%%%%%%%%%%%%%%%%%%%%%%%%%

1 	 -0.236487 	 12.253923 	 223.617424 	 124094.628259 
2 	 -1.745831 	 12.653463 	 241.980741 	 152748.944588 
3 	 0.148118 	 12.388772 	 231.255863 	 136988.005627 
4 	 1.589016 	 12.734366 	 242.352841 	 145642.601652 
5 	 0.037447 	 12.259313 	 226.307415 	 132119.790601 
6 	 -1.147979 	 11.927169 	 216.470585 	 123004.406550 
7 	 -1.111716 	 11.687691 	 207.046081 	 113564.951193 
8 	 -0.018968 	 12.177826 	 222.569035 	 126279.079297 
9 	 0.101197 	 12.160699 	 225.529977 	 133760.326975 
10 	 0.273759 	 12.256650 	 223.860584 	 127731.926102 
11 	 0.357004 	 12.369769 	 229.806764 	 134250.940146 
12 	 0.203641 	 12.380032 	 231.950462 	 141818.091898 
13 	 -0.105280 	 12.493044 	 235.052000 	 142191.123603 
14 	 1.416694 	 13.046679 	 251.289736 	 158607.208181 
15 	 -0.941297 	 11.698216 	 205.299602 	 108222.018030 
16 	 0.051349 	 12.212193 	 226.831384 	 134886.943126 
17 	 0.916146 	 11.975500 	 216.278654 	 122576.703085 
18 	 -0.224309 	 12.622400 	 239.878468 	 150675.048823 
19 	 -0.396048 	 12.894929 	 249.815008 	 161150.370972 
20 	 0.516776 	 11.867689 	 217.457866 	 128672.890311 
21 	 0.375878 	 12.546953 	 237.025040 	 141641.565359 
22 	 -0.055693 	 12.727208 	 242.138192 	 148996.583933 
23 	 1.219050 	 12.232274 	 225.437752 	 130417.389815 
24 	 1.151510 	 12.539231 	 234.465863 	 137864.015987 
25 	 0.461115 	 12.507066 	 234.000803 	 141086.781788 
26 	 0.848963 	 12.259013 	 224.599992 	 127998.730799 
27 	 2.091376 	 12.964105 	 250.085480 	 154274.750542 
28 	 1.584763 	 12.296185 	 225.798369 	 130602.324572 
29 	 0.301630 	 11.809114 	 214.468743 	 125198.924171 
30 	 0.420514 	 12.605006 	 242.076706 	 154791.662696 
31 	 -0.165076 	 12.244330 	 222.790649 	 124416.011286 
32 	 0.016785 	 12.516999 	 237.230499 	 147270.637369 
33 	 -1.335846 	 12.205456 	 223.189524 	 126537.028149 
34 	 -1.436632 	 12.513487 	 233.745661 	 138939.761083 
35 	 1.033427 	 12.639327 	 236.951471 	 140031.066189 
36 	 -0.258573 	 11.930631 	 216.915514 	 126340.100008 
37 	 -1.069748 	 12.472823 	 232.157896 	 135544.349346 
38 	 -0.699289 	 11.879599 	 214.661834 	 121972.517332 
39 	 -0.462267 	 12.455468 	 232.215193 	 138665.683222 
40 	 -0.804121 	 12.228098 	 226.981446 	 136478.316107 
41 	 -0.700829 	 12.424681 	 228.884136 	 131515.198801 
42 	 0.936278 	 12.365351 	 231.940178 	 142339.642298 
43 	 0.138309 	 12.157977 	 219.694802 	 121480.148845 
44 	 0.217169 	 12.804962 	 248.050224 	 156421.914056 
45 	 0.193146 	 12.663706 	 236.231547 	 136753.320243 
46 	 -1.899108 	 12.264398 	 228.873576 	 138821.795938 
47 	 -0.951526 	 11.986024 	 217.486408 	 124557.327593 
48 	 -0.836215 	 12.145330 	 225.419531 	 137314.748839 
49 	 -0.347290 	 12.126288 	 221.479805 	 127008.578893 
50 	 0.121837 	 12.246552 	 226.362290 	 134714.336482 
51 	 0.144925 	 12.108176 	 225.233552 	 136870.752032 
52 	 0.665284 	 12.629871 	 238.503479 	 142229.475987 
53 	 1.086778 	 12.667697 	 241.023097 	 148932.065911 
54 	 0.427617 	 12.562993 	 235.954201 	 139122.767935 
55 	 0.545321 	 12.285414 	 224.707513 	 125700.506856 
56 	 0.753289 	 12.881688 	 246.838952 	 153559.911354 
57 	 -0.043643 	 12.207050 	 225.956876 	 133647.489932 
58 	 -1.143689 	 11.690622 	 207.337866 	 114402.260270 
59 	 -0.506933 	 12.337590 	 225.925920 	 126418.596975 
60 	 -0.338227 	 12.304572 	 229.347945 	 136218.947988 
61 	 1.093989 	 12.444180 	 231.506957 	 138280.064849 
62 	 0.688164 	 12.064537 	 218.330026 	 122062.739605 
63 	 -0.520195 	 11.883664 	 214.343613 	 122672.317728 
64 	 -0.197412 	 12.381661 	 234.710508 	 146388.929910 
65 	 -0.623656 	 12.156907 	 220.185541 	 124001.776547 
66 	 -1.765128 	 12.402048 	 229.408097 	 131153.465981 
67 	 0.779910 	 12.532396 	 237.423661 	 146638.516246 
68 	 0.299357 	 12.234351 	 226.708046 	 136891.197921 
69 	 -0.224986 	 12.600599 	 238.711289 	 146003.290753 
70 	 -0.464387 	 12.493512 	 234.511004 	 140007.023739 
71 	 -0.949250 	 12.239931 	 225.206280 	 128942.403722 
72 	 0.723783 	 11.999600 	 219.641569 	 127683.979677 
73 	 0.931783 	 12.049177 	 220.275643 	 128112.065095 
74 	 0.301770 	 12.054246 	 216.368919 	 118660.026367 
75 	 -0.723097 	 12.477857 	 232.363593 	 138022.304634 
76 	 -0.789806 	 12.265417 	 227.125927 	 135766.265984 
77 	 0.778587 	 12.549908 	 236.553996 	 142514.757253 
78 	 0.345227 	 12.190285 	 224.962507 	 131095.582546 
79 	 -0.426527 	 12.142435 	 225.687982 	 135827.353280 
80 	 -0.034057 	 12.445799 	 233.542691 	 142153.872861 
81 	 0.840413 	 12.022562 	 220.793570 	 129340.886442 
82 	 -0.165777 	 12.474612 	 237.219426 	 148949.448126 
83 	 1.136651 	 12.232734 	 227.269174 	 135541.524403 
84 	 1.030063 	 12.059913 	 217.235622 	 119174.027181 
85 	 -1.056519 	 12.098983 	 218.196032 	 122426.047594 
86 	 0.923223 	 12.210945 	 224.427913 	 129345.564602 
87 	 0.002624 	 12.791473 	 245.260271 	 151074.745165 
88 	 0.148627 	 12.532115 	 232.460703 	 132605.572110 
89 	 0.186399 	 11.738597 	 208.986604 	 113818.196275 
90 	 -0.763242 	 12.992448 	 255.074064 	 166146.157477 
91 	 -0.845745 	 12.163729 	 225.938092 	 136515.170547 
92 	 1.082762 	 12.163227 	 222.916648 	 128989.166914 
93 	 -0.306889 	 12.014124 	 218.097941 	 124081.955771 
94 	 -0.632590 	 12.154294 	 223.254157 	 128244.377921 
95 	 1.518242 	 12.587005 	 239.184470 	 148746.023504 
96 	 -1.177510 	 12.479944 	 235.525599 	 144444.056304 
97 	 0.272858 	 12.100507 	 218.515598 	 120701.053927 
98 	 0.556476 	 12.493310 	 232.358683 	 135374.940370 
99 	 -0.718114 	 12.347273 	 230.474445 	 137846.093645 
100 	 1.686961 	 12.617621 	 237.667855 	 144755.464112 

%ACCRATE = 0.912435

%%%%%%%%%%%%%%%%%%%%%%%%%%%%%%%%%%%%%%%%%%%%%%%%%%%%%%%%%%%%%%%%%%%%%%%%%%%
%KAPPA = 0.160000
%%%%%%%%%%%%%%%%%%%%%%%%%%%%%%%%%%%%%%%%%%%%%%%%%%%%%%%%%%%%%%%%%%%%%%%%%%%

101 	 0.060799 	 14.457792 	 309.030398 	 230400.585378 
102 	 -0.846084 	 14.571857 	 313.889066 	 236879.865204 
103 	 0.052329 	 14.451220 	 307.653101 	 227240.359692 
104 	 -1.401695 	 14.264778 	 305.417678 	 235364.911537 
105 	 -0.285799 	 14.573695 	 310.146097 	 229996.624432 
106 	 -0.614838 	 14.268188 	 300.361684 	 216558.538662 
107 	 -1.254798 	 15.212859 	 336.156182 	 263603.343722 
108 	 -0.298379 	 14.787203 	 321.459345 	 248817.615641 
109 	 0.973238 	 14.083439 	 294.121859 	 211938.935085 
110 	 0.333845 	 15.008573 	 324.402878 	 242645.316411 
111 	 -0.583616 	 14.318400 	 303.495163 	 228608.478705 
112 	 0.962395 	 14.273183 	 299.448198 	 213750.254268 
113 	 -0.842784 	 14.831626 	 321.481046 	 245405.846886 
114 	 -0.231338 	 15.268349 	 342.883320 	 281403.335079 
115 	 -2.117863 	 14.836974 	 320.051712 	 240572.426659 
116 	 -0.168214 	 14.334777 	 301.685506 	 222238.630015 
117 	 -0.886174 	 14.135636 	 294.860023 	 210283.751996 
118 	 0.432636 	 14.318980 	 300.538209 	 215108.781719 
119 	 -0.513263 	 14.629527 	 311.163291 	 229982.036005 
120 	 -1.231874 	 14.198838 	 295.447547 	 211112.607360 
121 	 -0.000384 	 14.232230 	 299.458153 	 219737.354951 
122 	 -1.429203 	 14.197620 	 301.664017 	 225088.938980 
123 	 1.315621 	 15.145919 	 333.931283 	 267540.920536 
124 	 0.713932 	 14.324865 	 300.074142 	 213760.653443 
125 	 0.944281 	 15.460400 	 346.542439 	 280364.298947 
126 	 0.545491 	 13.739638 	 283.096033 	 202269.913862 
127 	 -1.186270 	 14.852950 	 321.317863 	 245285.852420 
128 	 -1.033323 	 14.554503 	 310.897281 	 230238.704613 
129 	 1.595058 	 15.013055 	 334.197705 	 271199.773597 
130 	 -0.182828 	 13.339930 	 266.996826 	 180200.618650 
131 	 -2.041357 	 14.555742 	 314.364881 	 241902.739888 
132 	 0.395323 	 14.503717 	 308.668069 	 225605.210724 
133 	 -0.883968 	 14.124671 	 293.905732 	 212352.849797 
134 	 1.072759 	 14.791002 	 317.804228 	 237345.444543 
135 	 0.104623 	 14.585929 	 312.338104 	 235584.422403 
136 	 0.313286 	 14.468543 	 307.513423 	 228771.959917 
137 	 -1.722987 	 14.368676 	 303.902385 	 225582.423601 
138 	 1.557362 	 14.976887 	 328.382198 	 253851.231411 
139 	 0.894079 	 14.542076 	 310.753404 	 230474.907195 
140 	 -0.738218 	 15.041006 	 334.469728 	 265855.693514 
141 	 -0.104820 	 15.008152 	 326.195886 	 249677.689620 
142 	 -0.472554 	 14.421581 	 302.825488 	 217145.333218 
143 	 0.634434 	 14.110302 	 292.154150 	 207873.797778 
144 	 0.331351 	 15.238590 	 339.983349 	 270649.712044 
145 	 0.729618 	 14.426591 	 307.145618 	 227679.024060 
146 	 2.591656 	 14.353887 	 303.607701 	 221574.601331 
147 	 0.191336 	 14.370415 	 308.316138 	 235557.091422 
148 	 0.713075 	 14.386725 	 300.858664 	 214708.459222 
149 	 -0.711681 	 14.633253 	 318.218618 	 248383.615895 
150 	 1.055584 	 14.720147 	 317.080430 	 240064.413981 
151 	 0.131225 	 14.759371 	 321.974571 	 247668.827800 
152 	 0.988049 	 14.571360 	 311.777168 	 230900.369409 
153 	 0.352663 	 14.628928 	 311.750943 	 228745.590263 
154 	 -1.837064 	 14.734928 	 318.723688 	 243176.761377 
155 	 -0.250493 	 14.519057 	 310.875580 	 236690.545605 
156 	 0.043842 	 14.855350 	 323.698336 	 250956.998723 
157 	 -0.885805 	 14.803827 	 320.408174 	 245218.581668 
158 	 0.006792 	 14.658265 	 312.814339 	 227946.113010 
159 	 -0.713106 	 14.614955 	 314.139464 	 238941.985097 
160 	 -1.196590 	 13.948245 	 290.804284 	 211972.589816 
161 	 -0.365025 	 14.146010 	 292.760907 	 205201.517872 
162 	 0.197459 	 14.110166 	 296.010688 	 214907.958921 
163 	 -2.414009 	 14.584078 	 311.389599 	 230798.479704 
164 	 1.854734 	 14.543384 	 313.471092 	 236573.537739 
165 	 -1.705894 	 15.117754 	 330.367153 	 248498.548562 
166 	 1.472052 	 14.263379 	 299.072081 	 213966.655426 
167 	 0.486795 	 14.803193 	 322.489865 	 250988.005239 
168 	 -0.354338 	 14.072931 	 294.759984 	 215855.971892 
169 	 0.173489 	 14.255713 	 299.789785 	 217761.087081 
170 	 1.091196 	 15.016409 	 329.368283 	 255323.930545 
171 	 -2.329364 	 15.019156 	 331.863028 	 266911.236201 
172 	 1.575996 	 14.455039 	 310.314308 	 238043.373042 
173 	 0.476623 	 14.426831 	 301.676845 	 213757.441019 
174 	 -1.029537 	 14.746613 	 320.322664 	 248217.806804 
175 	 1.230045 	 14.628520 	 313.516303 	 232015.099043 
176 	 0.370689 	 14.931625 	 326.977615 	 255457.542092 
177 	 1.214477 	 14.735622 	 320.403813 	 247325.231652 
178 	 0.034894 	 14.962525 	 326.981785 	 250880.374569 
179 	 0.330737 	 14.597037 	 320.810896 	 257920.399056 
180 	 -1.808268 	 14.578917 	 314.831311 	 241642.414343 
181 	 1.607016 	 15.343139 	 337.543677 	 261422.769549 
182 	 -0.551264 	 14.808174 	 323.585671 	 252066.896125 
183 	 -0.470260 	 14.684815 	 317.411987 	 242898.938334 
184 	 0.585104 	 14.015384 	 293.500487 	 213894.373143 
185 	 2.136607 	 14.777029 	 326.184476 	 261311.562134 
186 	 1.042284 	 14.965886 	 326.127560 	 250579.729157 
187 	 -0.701031 	 14.954462 	 324.796377 	 248508.219834 
188 	 -0.791400 	 15.189557 	 333.528957 	 255294.942128 
189 	 0.713832 	 15.063897 	 331.512457 	 257958.285628 
190 	 -0.102084 	 14.642069 	 310.660282 	 225175.298942 
191 	 1.364582 	 14.556406 	 306.264935 	 217193.482230 
192 	 0.962033 	 14.759555 	 315.529956 	 231520.530290 
193 	 -1.057177 	 15.165094 	 332.200949 	 254350.134644 
194 	 -0.724102 	 14.470671 	 309.414722 	 233381.705059 
195 	 0.639776 	 14.710784 	 315.605202 	 233669.395841 
196 	 1.281073 	 14.303429 	 301.700799 	 220968.525419 
197 	 1.233508 	 13.786720 	 281.879039 	 198864.025241 
198 	 -1.770278 	 14.131914 	 299.533496 	 226589.986160 
199 	 0.238899 	 15.094823 	 332.014908 	 261413.169084 
200 	 1.255331 	 14.594325 	 312.051218 	 234939.278549 

%ACCRATE = 0.909509

%%%%%%%%%%%%%%%%%%%%%%%%%%%%%%%%%%%%%%%%%%%%%%%%%%%%%%%%%%%%%%%%%%%%%%%%%%%
%KAPPA = 0.170000
%%%%%%%%%%%%%%%%%%%%%%%%%%%%%%%%%%%%%%%%%%%%%%%%%%%%%%%%%%%%%%%%%%%%%%%%%%%

201 	 -0.004595 	 18.080058 	 457.498127 	 440202.957146 
202 	 -0.409060 	 17.353220 	 431.656915 	 417147.746202 
203 	 -2.337734 	 17.222812 	 418.811623 	 381146.381341 
204 	 0.641435 	 17.231297 	 424.361051 	 397032.823603 
205 	 -0.005335 	 18.360712 	 463.885377 	 440043.552308 
206 	 0.133101 	 17.898571 	 449.536425 	 428549.017101 
207 	 -1.063960 	 17.997240 	 455.132165 	 449034.042532 
208 	 -1.981647 	 17.465943 	 442.024038 	 444353.268735 
209 	 -0.150399 	 17.256530 	 425.983902 	 405640.051596 
210 	 -2.505536 	 18.468421 	 468.004330 	 449665.678071 
211 	 2.507605 	 17.317631 	 425.058900 	 397124.374739 
212 	 -0.551420 	 17.349435 	 431.915538 	 419101.308551 
213 	 -0.437747 	 18.276948 	 464.538436 	 441100.529963 
214 	 -0.428468 	 17.480681 	 437.543829 	 424164.611532 
215 	 1.672761 	 17.108111 	 418.039599 	 384400.475302 
216 	 0.618597 	 18.757127 	 484.367850 	 476346.826710 
217 	 0.236383 	 18.508120 	 470.861793 	 457859.850335 
218 	 0.673906 	 17.881481 	 447.477639 	 418411.129304 
219 	 -0.149632 	 18.302535 	 472.211208 	 478181.274765 
220 	 1.071399 	 18.970622 	 497.351976 	 505629.792777 
221 	 1.608204 	 18.731423 	 490.263835 	 500267.285405 
222 	 -1.560211 	 17.242467 	 424.759935 	 399592.654022 
223 	 2.462211 	 18.090036 	 463.966574 	 462000.305379 
224 	 0.562864 	 17.695810 	 440.405033 	 418394.842072 
225 	 -0.494689 	 17.846583 	 446.629491 	 426555.614801 
226 	 0.399887 	 17.527444 	 438.882646 	 426452.817995 
227 	 0.534158 	 18.367657 	 473.188193 	 475639.909370 
228 	 0.035377 	 18.187841 	 465.786922 	 464815.549753 
229 	 1.510558 	 17.992073 	 456.692897 	 447622.394114 
230 	 3.307997 	 18.319763 	 471.981465 	 474745.911501 
231 	 -1.325519 	 18.003513 	 464.621660 	 472805.065456 
232 	 0.453628 	 17.920184 	 450.040265 	 427140.895902 
233 	 -0.639793 	 18.694132 	 485.919315 	 490301.420407 
234 	 -2.254303 	 17.316252 	 430.636700 	 414819.748015 
235 	 -2.315721 	 17.906020 	 442.802630 	 407509.643183 
236 	 0.513982 	 17.270137 	 426.025620 	 405431.901946 
237 	 -0.596140 	 17.892691 	 449.698078 	 436889.978873 
238 	 -2.065297 	 17.045729 	 417.904989 	 397323.242921 
239 	 -1.324786 	 18.258723 	 461.046784 	 435626.007222 
240 	 0.878228 	 17.645570 	 439.591567 	 417014.720202 
241 	 -2.075118 	 18.535542 	 478.514434 	 477450.943982 
242 	 -0.805987 	 18.515651 	 481.115071 	 484795.586474 
243 	 -1.038083 	 17.700513 	 447.382386 	 442797.642015 
244 	 0.815809 	 18.292164 	 470.183220 	 472271.158706 
245 	 2.979808 	 18.076079 	 449.816244 	 416056.054422 
246 	 0.944050 	 17.498150 	 430.215930 	 395158.668124 
247 	 -0.880957 	 18.100921 	 461.441541 	 450774.286925 
248 	 -2.157246 	 17.524300 	 433.335320 	 401440.481563 
249 	 0.648839 	 17.162338 	 422.641055 	 398926.136548 
250 	 -2.677196 	 17.883400 	 450.744655 	 438867.785142 
251 	 -2.900356 	 17.250567 	 421.811434 	 385172.603025 
252 	 0.025854 	 17.711607 	 446.039391 	 434608.159536 
253 	 -1.147349 	 18.545722 	 480.383228 	 488573.622800 
254 	 0.786714 	 18.024902 	 457.941775 	 449346.337841 
255 	 -1.382606 	 17.448003 	 432.207148 	 409179.484722 
256 	 3.398915 	 18.172850 	 455.693681 	 427985.769147 
257 	 0.784559 	 17.366036 	 435.389104 	 421676.477767 
258 	 2.318167 	 18.243281 	 467.788144 	 461974.168764 
259 	 0.981802 	 17.363701 	 427.122174 	 396517.994150 
260 	 0.628410 	 18.244261 	 466.604757 	 460791.251301 
261 	 -1.516646 	 17.667719 	 445.662215 	 437455.279933 
262 	 -0.469051 	 17.684676 	 444.462008 	 428781.509302 
263 	 -2.489633 	 18.356015 	 468.274141 	 453601.633453 
264 	 1.241808 	 17.956928 	 451.716183 	 433969.446469 
265 	 -1.005520 	 18.298652 	 467.500092 	 453566.865466 
266 	 -1.262043 	 18.869568 	 493.063254 	 500633.892461 
267 	 -0.599539 	 18.111983 	 459.375260 	 448681.028077 
268 	 1.075306 	 17.453229 	 432.481348 	 407721.221288 
269 	 -0.743109 	 18.050193 	 457.355287 	 441856.874721 
270 	 -0.786430 	 17.534085 	 433.605376 	 407766.606786 
271 	 -0.471538 	 17.447016 	 430.985012 	 402062.177844 
272 	 1.261995 	 17.777982 	 449.457721 	 440557.341785 
273 	 0.987890 	 17.272981 	 427.664965 	 403500.954092 
274 	 -3.821661 	 18.161894 	 465.674608 	 469720.847939 
275 	 -1.034641 	 17.719570 	 444.935206 	 427727.545149 
276 	 -0.652598 	 18.793342 	 482.285247 	 473463.513596 
277 	 1.331513 	 17.823390 	 442.835077 	 412518.219842 
278 	 0.359125 	 16.662047 	 400.161784 	 363344.100689 
279 	 -2.118084 	 18.227497 	 465.365296 	 460570.539578 
280 	 0.038122 	 16.674326 	 404.389040 	 372398.146788 
281 	 0.737188 	 18.088264 	 453.752060 	 433702.254081 
282 	 -3.787639 	 18.448675 	 472.299104 	 462802.707901 
283 	 0.136753 	 18.595905 	 482.644426 	 489200.601400 
284 	 2.386219 	 18.207716 	 460.360564 	 441220.532621 
285 	 1.663174 	 18.725677 	 486.654077 	 487322.859852 
286 	 -0.735124 	 18.280619 	 463.356313 	 442087.348485 
287 	 -0.726924 	 17.957915 	 456.834656 	 447555.494685 
288 	 -2.967824 	 18.403480 	 471.290629 	 462197.203989 
289 	 -0.364999 	 17.984308 	 456.376382 	 446765.431865 
290 	 -0.416577 	 18.702173 	 483.934176 	 473228.581957 
291 	 0.115071 	 18.274645 	 464.914586 	 449820.781795 
292 	 -2.111939 	 18.290510 	 463.901050 	 456310.826772 
293 	 -3.267485 	 17.478378 	 432.955106 	 408364.408034 
294 	 0.783248 	 17.408795 	 432.204202 	 413144.666724 
295 	 0.337817 	 18.641568 	 486.204912 	 493003.101384 
296 	 0.167604 	 18.656201 	 484.877687 	 490196.058325 
297 	 -0.486437 	 17.196623 	 424.465595 	 403092.068159 
298 	 1.982613 	 18.160412 	 459.798973 	 445258.650956 
299 	 -1.445383 	 17.593250 	 439.044339 	 418186.303794 
300 	 0.218475 	 17.807825 	 447.617495 	 435934.817669 

%ACCRATE = 0.906778

%%%%%%%%%%%%%%%%%%%%%%%%%%%%%%%%%%%%%%%%%%%%%%%%%%%%%%%%%%%%%%%%%%%%%%%%%%%
%KAPPA = 0.180000
%%%%%%%%%%%%%%%%%%%%%%%%%%%%%%%%%%%%%%%%%%%%%%%%%%%%%%%%%%%%%%%%%%%%%%%%%%%

301 	 -1.790521 	 22.922253 	 695.573153 	 883060.331699 
302 	 1.086065 	 23.862747 	 738.689792 	 958313.379535 
303 	 1.280884 	 23.347945 	 712.310906 	 913058.436566 
304 	 -0.340154 	 23.426808 	 720.659824 	 938752.472432 
305 	 4.238384 	 22.756243 	 680.978659 	 842713.579345 
306 	 2.260972 	 22.277483 	 663.280663 	 821809.567850 
307 	 -1.732929 	 22.177295 	 658.699968 	 813445.646429 
308 	 -7.937305 	 24.024496 	 746.032616 	 974926.006156 
309 	 -1.776865 	 22.263846 	 661.055574 	 818191.836064 
310 	 0.208246 	 23.131640 	 702.946020 	 891484.864832 
311 	 0.890468 	 23.640147 	 726.157412 	 938520.286458 
312 	 0.252675 	 23.095801 	 703.285831 	 897861.696457 
313 	 0.534631 	 23.222174 	 695.597904 	 853385.548349 
314 	 0.622111 	 23.352453 	 717.690873 	 929908.045646 
315 	 -2.194699 	 24.355762 	 759.068895 	 993962.730785 
316 	 5.784191 	 23.609179 	 719.679689 	 914073.173099 
317 	 4.737481 	 21.894253 	 648.771674 	 811526.285970 
318 	 2.837557 	 22.671293 	 679.035196 	 845197.590003 
319 	 0.425056 	 22.977202 	 694.313535 	 875017.847769 
320 	 -0.420342 	 23.999447 	 735.260193 	 928528.864332 
321 	 1.165932 	 22.862066 	 689.396254 	 873362.550064 
322 	 1.412508 	 22.963985 	 691.912048 	 867604.896561 
323 	 -0.988414 	 22.770193 	 684.462835 	 853913.572875 
324 	 -5.174078 	 22.789864 	 695.626771 	 899309.809789 
325 	 -3.556632 	 22.561389 	 672.424240 	 836144.239096 
326 	 0.560449 	 23.192063 	 704.396806 	 897116.676893 
327 	 -1.293974 	 22.914451 	 688.853426 	 857422.053419 
328 	 -2.187544 	 22.566616 	 669.275301 	 811557.777322 
329 	 -2.294327 	 21.934229 	 637.884065 	 763384.411287 
330 	 -1.678929 	 21.348031 	 621.743649 	 751663.971465 
331 	 0.655445 	 22.645617 	 677.138417 	 836576.500107 
332 	 4.788051 	 22.417150 	 668.229434 	 831935.092311 
333 	 -1.201793 	 23.232872 	 702.535702 	 880435.687151 
334 	 1.204362 	 22.332231 	 659.641126 	 798843.700430 
335 	 5.968398 	 23.060231 	 695.708311 	 869195.634773 
336 	 -0.956666 	 22.107881 	 655.602024 	 816444.619389 
337 	 -2.647561 	 23.618482 	 713.968153 	 895170.516044 
338 	 -1.511632 	 22.376153 	 663.509301 	 816377.588558 
339 	 0.823023 	 23.081474 	 701.482659 	 891049.501032 
340 	 -6.007924 	 24.196687 	 750.535598 	 972519.313633 
341 	 -1.478728 	 22.610156 	 676.370736 	 833069.425195 
342 	 0.445353 	 24.208944 	 747.399471 	 961718.028847 
343 	 1.869945 	 23.797735 	 729.682138 	 922618.641750 
344 	 3.874380 	 22.061615 	 654.019629 	 811749.679480 
345 	 -1.897186 	 22.546708 	 679.227263 	 861859.251830 
346 	 2.625011 	 22.651230 	 673.658816 	 826101.770087 
347 	 3.661974 	 22.871867 	 693.462661 	 880350.691486 
348 	 -1.634467 	 23.318427 	 718.566170 	 938317.412972 
349 	 -0.076090 	 23.020341 	 688.519806 	 851575.395102 
350 	 4.061634 	 22.487179 	 668.064971 	 820377.278329 
351 	 -2.561195 	 22.456493 	 665.102145 	 818102.932062 
352 	 -1.728160 	 23.373397 	 715.992486 	 921522.158187 
353 	 -0.714854 	 21.733793 	 631.432265 	 745516.457114 
354 	 -2.296290 	 22.800687 	 687.823974 	 869058.675433 
355 	 -2.806531 	 22.960007 	 694.628155 	 877307.813383 
356 	 -2.217143 	 22.911232 	 695.093279 	 884582.137913 
357 	 1.939359 	 23.236051 	 711.228210 	 923779.406631 
358 	 -3.049522 	 22.923840 	 695.860577 	 890290.283483 
359 	 -0.664481 	 24.273968 	 753.860332 	 978899.989638 
360 	 0.605789 	 23.349500 	 711.909939 	 902657.438355 
361 	 -1.994465 	 23.033322 	 699.166769 	 889783.471417 
362 	 3.147181 	 23.024962 	 699.234990 	 887771.570640 
363 	 0.475805 	 22.779740 	 689.606775 	 872121.629554 
364 	 -4.354221 	 23.429237 	 712.868763 	 911420.167648 
365 	 0.819146 	 22.936591 	 692.617659 	 875257.017606 
366 	 0.372438 	 24.190352 	 746.365354 	 958285.134883 
367 	 4.567816 	 22.490768 	 665.148136 	 813160.082193 
368 	 0.802889 	 23.256869 	 709.223332 	 911545.260751 
369 	 -7.297329 	 22.980434 	 694.820262 	 878282.766434 
370 	 -0.194768 	 21.944988 	 642.676670 	 782015.418699 
371 	 2.809731 	 23.021826 	 695.654573 	 882153.036392 
372 	 -2.551435 	 23.458078 	 712.164832 	 900846.302269 
373 	 -2.293790 	 23.319784 	 709.769406 	 909349.391971 
374 	 1.020458 	 22.671484 	 680.484717 	 855890.716364 
375 	 -0.610553 	 22.769531 	 692.498211 	 896969.522455 
376 	 -0.993864 	 23.833654 	 733.429322 	 947910.043030 
377 	 -3.642551 	 22.766067 	 681.190859 	 843661.841289 
378 	 -1.042647 	 23.350071 	 707.316629 	 883881.971369 
379 	 2.528680 	 23.006782 	 696.803245 	 881977.486068 
380 	 -1.422142 	 22.930564 	 690.657428 	 865383.772748 
381 	 3.105605 	 23.675459 	 713.311261 	 878091.201934 
382 	 -0.893718 	 22.995307 	 697.647408 	 891414.963437 
383 	 2.293748 	 22.794282 	 689.588294 	 880038.146819 
384 	 -0.842891 	 23.370159 	 704.258354 	 865642.207475 
385 	 -1.835944 	 23.747436 	 723.870064 	 910481.624695 
386 	 0.902465 	 22.963176 	 690.299935 	 867315.676960 
387 	 -4.635466 	 23.841027 	 728.273481 	 919252.877899 
388 	 0.543044 	 22.907896 	 690.329770 	 865586.957638 
389 	 1.606487 	 23.023194 	 688.489331 	 846305.574101 
390 	 -1.270019 	 23.179014 	 704.933662 	 894559.162502 
391 	 -0.780866 	 22.126893 	 657.238976 	 821663.700318 
392 	 -4.950102 	 21.185024 	 605.940476 	 712959.405491 
393 	 1.556982 	 23.998364 	 746.759164 	 978680.216666 
394 	 -3.157253 	 23.158759 	 715.909310 	 951297.298709 
395 	 -0.675711 	 22.957950 	 696.750600 	 888649.210453 
396 	 1.589126 	 23.285700 	 703.490037 	 878794.065699 
397 	 -1.725688 	 22.517575 	 673.428433 	 841643.211818 
398 	 -1.007365 	 23.459565 	 713.735755 	 897974.525176 
399 	 -0.183877 	 22.785822 	 684.429106 	 855482.314781 
400 	 -2.666894 	 22.970646 	 699.329742 	 889824.163889 

%ACCRATE = 0.903298

%%%%%%%%%%%%%%%%%%%%%%%%%%%%%%%%%%%%%%%%%%%%%%%%%%%%%%%%%%%%%%%%%%%%%%%%%%%
%KAPPA = 0.190000
%%%%%%%%%%%%%%%%%%%%%%%%%%%%%%%%%%%%%%%%%%%%%%%%%%%%%%%%%%%%%%%%%%%%%%%%%%%

401 	 -8.228864 	 30.275185 	 1099.992611 	 1806498.802551 
402 	 4.348917 	 29.224379 	 1039.692862 	 1655731.858863 
403 	 -0.843746 	 30.060748 	 1082.254351 	 1745298.372021 
404 	 5.284291 	 30.604498 	 1119.329105 	 1853185.238111 
405 	 3.367180 	 29.358474 	 1048.469432 	 1684955.625283 
406 	 -6.661574 	 30.735172 	 1119.918146 	 1827206.031811 
407 	 -10.018457 	 29.673110 	 1066.262783 	 1732573.103304 
408 	 -0.255571 	 29.472051 	 1047.519980 	 1667024.863111 
409 	 -1.246753 	 30.349447 	 1096.785836 	 1768133.628598 
410 	 -1.967570 	 30.613280 	 1107.164474 	 1778235.373239 
411 	 -1.164083 	 30.088638 	 1086.648876 	 1760058.148449 
412 	 -6.184808 	 28.693873 	 1007.715571 	 1577408.068892 
413 	 3.684450 	 30.666073 	 1110.214458 	 1800005.067082 
414 	 5.024701 	 30.695631 	 1113.532488 	 1819703.242327 
415 	 4.739068 	 29.326916 	 1047.919958 	 1691001.985029 
416 	 -0.639793 	 30.433195 	 1105.200195 	 1803386.419937 
417 	 -7.507070 	 29.281369 	 1047.673898 	 1694477.525027 
418 	 -2.059593 	 30.307640 	 1099.513847 	 1791383.455045 
419 	 0.785104 	 30.182385 	 1088.042729 	 1763113.534231 
420 	 0.847493 	 29.955762 	 1077.161315 	 1738312.426940 
421 	 2.475455 	 29.942036 	 1083.930543 	 1780065.293674 
422 	 -5.423351 	 30.969109 	 1128.575749 	 1846657.843735 
423 	 -6.818021 	 31.099000 	 1150.182638 	 1936557.932375 
424 	 1.173271 	 29.739909 	 1069.831040 	 1723335.114086 
425 	 4.095195 	 30.182938 	 1087.986866 	 1753934.434480 
426 	 -1.512004 	 29.860359 	 1077.617744 	 1753686.836832 
427 	 -7.398098 	 28.308305 	 984.687989 	 1533271.680427 
428 	 3.043001 	 31.255220 	 1143.422448 	 1853987.148782 
429 	 10.018082 	 31.309291 	 1153.362350 	 1913249.681612 
430 	 -1.618875 	 29.862814 	 1070.305132 	 1717395.047494 
431 	 7.951266 	 31.440571 	 1157.018052 	 1903993.989613 
432 	 -1.271385 	 28.827567 	 1019.171132 	 1620067.298071 
433 	 6.082773 	 28.875358 	 1020.330380 	 1605286.903648 
434 	 -2.931842 	 31.113256 	 1140.971318 	 1876066.278213 
435 	 5.011802 	 28.861641 	 1017.003695 	 1610458.551590 
436 	 -1.023095 	 29.809251 	 1065.355278 	 1692127.313282 
437 	 -8.887498 	 30.694866 	 1115.379788 	 1804541.610296 
438 	 -7.032483 	 27.699040 	 954.752010 	 1473441.149459 
439 	 -1.634943 	 29.070722 	 1030.399467 	 1630171.690644 
440 	 2.356126 	 29.916909 	 1077.201311 	 1738216.091487 
441 	 -3.027447 	 29.999087 	 1085.230219 	 1762043.739896 
442 	 -0.074822 	 30.830104 	 1122.254600 	 1847057.659460 
443 	 -0.196032 	 29.209953 	 1032.583763 	 1620570.734137 
444 	 1.443139 	 28.137578 	 982.968410 	 1528780.565978 
445 	 2.737085 	 30.261919 	 1089.764876 	 1752653.967859 
446 	 -7.060215 	 29.490903 	 1046.135965 	 1640154.368147 
447 	 3.859289 	 30.163554 	 1084.083554 	 1737623.807955 
448 	 3.189842 	 29.998256 	 1080.422364 	 1742394.018967 
449 	 5.337376 	 28.822506 	 1009.677602 	 1568984.991530 
450 	 0.845901 	 29.846308 	 1069.435624 	 1705753.570148 
451 	 1.898315 	 28.757182 	 1015.063214 	 1599075.912906 
452 	 -2.599703 	 29.985419 	 1078.255671 	 1736146.270024 
453 	 -0.506354 	 28.502238 	 997.907908 	 1558775.541081 
454 	 -1.893263 	 29.879342 	 1074.201013 	 1734977.902354 
455 	 3.265757 	 29.984594 	 1070.484435 	 1689189.093342 
456 	 -3.705579 	 28.744374 	 1011.894932 	 1597586.003841 
457 	 -1.065438 	 30.396519 	 1108.528869 	 1826304.182912 
458 	 2.035916 	 29.830467 	 1078.370111 	 1763702.397143 
459 	 -2.844272 	 29.951706 	 1078.749499 	 1736770.852136 
460 	 -8.950031 	 30.436837 	 1098.253966 	 1769318.542034 
461 	 -4.519773 	 30.921332 	 1142.207571 	 1919290.782974 
462 	 4.277945 	 29.883495 	 1068.481022 	 1705158.768939 
463 	 -2.324062 	 29.677494 	 1063.468947 	 1713327.430015 
464 	 -3.596394 	 28.806495 	 1022.258044 	 1634149.655400 
465 	 -5.957914 	 28.424671 	 998.676410 	 1568620.678923 
466 	 -3.513340 	 29.593171 	 1053.403689 	 1672072.182320 
467 	 3.606266 	 30.726155 	 1124.007484 	 1840292.384892 
468 	 -10.416824 	 30.788350 	 1118.168660 	 1810241.879649 
469 	 -8.494205 	 30.176664 	 1079.911680 	 1723456.647198 
470 	 5.906926 	 31.655193 	 1165.224883 	 1910124.934309 
471 	 -2.039701 	 29.992458 	 1072.059710 	 1698819.570428 
472 	 9.988374 	 30.461050 	 1101.989385 	 1784266.190914 
473 	 -0.622341 	 29.426999 	 1059.688336 	 1708305.835165 
474 	 2.442882 	 29.237898 	 1040.732094 	 1655380.449628 
475 	 -1.337560 	 29.126101 	 1032.224451 	 1632977.039385 
476 	 -0.863269 	 31.080073 	 1140.325618 	 1879149.629212 
477 	 11.315574 	 29.798253 	 1081.134219 	 1773392.508897 
478 	 4.750193 	 29.825812 	 1051.981533 	 1651587.611263 
479 	 -5.236535 	 29.925100 	 1067.288823 	 1683964.689704 
480 	 3.397331 	 29.412835 	 1045.600151 	 1657583.831109 
481 	 -2.462270 	 29.918821 	 1072.637162 	 1719430.951578 
482 	 5.671585 	 30.154554 	 1093.994443 	 1784148.758190 
483 	 2.040834 	 29.496603 	 1053.686163 	 1683724.393200 
484 	 4.352536 	 29.105167 	 1035.384730 	 1651879.601131 
485 	 -3.636190 	 29.956928 	 1077.503119 	 1739600.606159 
486 	 -3.065938 	 30.047650 	 1084.682440 	 1764008.549869 
487 	 -4.380574 	 30.205398 	 1095.487122 	 1786466.981945 
488 	 5.357331 	 29.184716 	 1038.467161 	 1660444.613961 
489 	 -2.431468 	 30.708797 	 1125.982397 	 1860656.981003 
490 	 -4.787619 	 28.939619 	 1030.042170 	 1661530.288108 
491 	 5.227250 	 29.426424 	 1048.201889 	 1678162.138073 
492 	 -10.481032 	 29.748285 	 1064.205670 	 1696860.953344 
493 	 -10.616240 	 30.399788 	 1097.894066 	 1775074.106507 
494 	 -3.214964 	 30.935436 	 1123.630735 	 1820644.771709 
495 	 5.606428 	 30.667237 	 1119.293118 	 1834582.475467 
496 	 -2.257694 	 30.252984 	 1093.904930 	 1770473.939795 
497 	 6.750737 	 30.860465 	 1131.200042 	 1858555.129679 
498 	 -11.334591 	 29.678930 	 1071.302210 	 1745590.815526 
499 	 6.541134 	 29.902659 	 1077.957520 	 1748235.453697 
500 	 3.908754 	 30.951950 	 1117.498067 	 1780814.075616 
%ACCRATE = 0.897659

%%%%%%%%%%%%%%%%%%%%%%%%%%%%%%%%%%%%%%%%%%%%%%%%%%%%%%%%%%%%%%%%%%%%%%%%%%%
%KAPPA = 0.200000

%%%%%%%%%%%%%%%%%%%%%%%%%%%%%%%%%%%%%%%%%%%%%%%%%%%%%%%%%%%%%%%%%%%%%%%%%%%
501 	 -0.312223 	 38.248011 	 1609.560780 	 3248657.770289 
502 	 -11.695489 	 38.311008 	 1620.919256 	 3304964.647936 
503 	 2.271956 	 37.330101 	 1559.246441 	 3125317.701164 
504 	 0.687349 	 36.637969 	 1509.081412 	 2960215.366142 
505 	 11.087833 	 38.859713 	 1647.526360 	 3338549.949122 
506 	 0.809240 	 37.814605 	 1577.991590 	 3145422.475643 
507 	 13.364890 	 37.275936 	 1545.014375 	 3039366.847858 
508 	 8.679285 	 36.599883 	 1497.431550 	 2908282.412165 
509 	 -0.415088 	 37.181541 	 1554.011091 	 3120504.710384 
510 	 -1.215492 	 38.728040 	 1640.795024 	 3337797.259599 
511 	 0.632733 	 36.302618 	 1481.850024 	 2879559.712580 
512 	 11.827850 	 37.077988 	 1537.950623 	 3057928.151380 
513 	 -5.559844 	 38.273556 	 1610.852387 	 3245617.868590 
514 	 1.455059 	 37.308444 	 1546.670409 	 3053426.419702 
515 	 18.932406 	 37.254427 	 1538.806664 	 3027546.337939 
516 	 12.833633 	 38.715615 	 1635.138835 	 3303711.892274 
517 	 12.244870 	 37.687374 	 1569.829507 	 3122620.631821 
518 	 -2.119581 	 38.682337 	 1643.097360 	 3358720.579675 
519 	 5.539524 	 37.120123 	 1530.098779 	 2983892.113288 
520 	 3.907215 	 37.239023 	 1550.924198 	 3091530.007276 
521 	 -4.678599 	 37.670537 	 1567.321842 	 3111985.775261 
522 	 -3.982849 	 38.262808 	 1615.837956 	 3290977.088105 
523 	 -2.715948 	 38.659269 	 1631.695194 	 3289939.643518 
524 	 -15.338297 	 37.807858 	 1579.912026 	 3169487.311076 
525 	 11.810614 	 38.187208 	 1611.423296 	 3261779.126307 
526 	 -8.026748 	 36.990009 	 1533.471657 	 3053328.038007 
527 	 -8.089865 	 37.789180 	 1578.901240 	 3158207.138302 
528 	 5.632677 	 36.362111 	 1492.765746 	 2927107.740160 
529 	 0.035496 	 37.514696 	 1557.861643 	 3068253.088275 
530 	 2.677067 	 37.739313 	 1578.224791 	 3160505.066207 
531 	 8.642347 	 37.596173 	 1569.131282 	 3128477.488701 
532 	 -5.661888 	 38.040912 	 1598.316317 	 3218294.466327 
533 	 3.009691 	 36.593798 	 1520.267077 	 3055032.528144 
534 	 24.739203 	 38.491961 	 1619.993882 	 3242815.526127 
535 	 9.390002 	 37.582920 	 1571.149860 	 3142365.786167 
536 	 7.015178 	 36.879178 	 1521.633843 	 2992480.448319 
537 	 -20.067968 	 38.826247 	 1638.603948 	 3289395.636813 
538 	 -0.066595 	 39.050703 	 1656.197758 	 3350844.644219 
539 	 20.234900 	 38.688335 	 1636.896778 	 3325311.608670 
540 	 19.572019 	 37.797629 	 1576.426060 	 3131018.343877 
541 	 -13.182969 	 37.930703 	 1580.481902 	 3129202.700080 
542 	 -12.737624 	 36.720254 	 1520.116372 	 3007635.926975 
543 	 -0.971111 	 37.844425 	 1580.246162 	 3140741.393981 
544 	 -6.511083 	 37.162633 	 1551.414829 	 3128295.711224 
545 	 -7.912010 	 37.250817 	 1532.751920 	 2989340.120606 
546 	 -4.832661 	 37.176019 	 1545.014892 	 3074552.802353 
547 	 -10.920933 	 36.804519 	 1522.041935 	 3021196.520350 
548 	 6.393107 	 38.308804 	 1606.106133 	 3202602.385931 
549 	 -12.461287 	 37.797575 	 1581.064838 	 3161052.333394 
550 	 2.855267 	 38.048153 	 1592.155753 	 3181926.240170 
551 	 -3.616490 	 37.922776 	 1594.112173 	 3221826.589816 
552 	 3.953833 	 37.577277 	 1566.914159 	 3121422.326676 
553 	 -7.124862 	 38.304514 	 1600.747708 	 3182222.965133 
554 	 18.297727 	 37.451271 	 1558.432417 	 3094424.262915 
555 	 -6.575500 	 36.930318 	 1525.504072 	 3007029.821550 
556 	 4.808398 	 37.789030 	 1570.107561 	 3081978.196577 
557 	 11.025563 	 38.410382 	 1612.238506 	 3233930.583116 
558 	 14.236867 	 38.522561 	 1617.384638 	 3232322.679551 
559 	 3.453481 	 38.398133 	 1616.447030 	 3253137.323224 
560 	 10.821605 	 36.748247 	 1511.277204 	 2948934.146114 
561 	 -2.601530 	 38.648407 	 1629.801676 	 3276205.304555 
562 	 18.597756 	 37.370151 	 1556.231100 	 3110058.972418 
563 	 7.360966 	 36.574679 	 1507.365624 	 2962368.512883 
564 	 1.506108 	 37.065024 	 1538.940331 	 3056694.928799 
565 	 -8.685132 	 36.677083 	 1511.253247 	 2979681.288681 
566 	 0.017828 	 37.499857 	 1559.199511 	 3101119.676041 
567 	 -1.894455 	 37.228466 	 1537.513270 	 3007486.978334 
568 	 2.239020 	 38.260768 	 1606.157487 	 3224148.745033 
569 	 -9.384327 	 37.235823 	 1547.385643 	 3081104.403444 
570 	 -0.226046 	 37.721062 	 1571.735570 	 3126582.492532 
571 	 -8.252800 	 36.706686 	 1513.779926 	 2980600.354925 
572 	 7.367003 	 38.130867 	 1598.835651 	 3219937.815657 
573 	 12.348558 	 38.925502 	 1646.503613 	 3317475.095734 
574 	 -4.909739 	 38.883387 	 1647.543012 	 3341735.124856 
575 	 -11.134743 	 37.271941 	 1544.572310 	 3049093.565559 
576 	 -3.206892 	 37.978480 	 1582.302194 	 3131029.267637 
577 	 -4.536013 	 36.868931 	 1520.585627 	 2992053.013204 
578 	 -7.679810 	 38.106453 	 1603.965102 	 3227064.105883 
579 	 3.792582 	 37.363178 	 1535.673990 	 2967623.339552 
580 	 2.150553 	 37.387345 	 1562.765368 	 3128832.143870 
581 	 -14.856495 	 38.479297 	 1612.387297 	 3209199.231422 
582 	 -2.288989 	 36.446461 	 1506.352953 	 2996700.785725 
583 	 15.062111 	 37.849489 	 1580.245836 	 3153082.164759 
584 	 -9.341027 	 36.122330 	 1472.962150 	 2839307.876608 
585 	 12.864231 	 38.540703 	 1626.845110 	 3299273.259976 
586 	 3.317414 	 38.277561 	 1600.517445 	 3184755.218707 
587 	 2.420312 	 38.769892 	 1637.316683 	 3301135.004647 
588 	 -2.113540 	 38.139676 	 1602.861088 	 3216015.096164 
589 	 -8.246446 	 36.691965 	 1521.375328 	 3020491.844086 
590 	 4.086892 	 37.001060 	 1530.128547 	 3003055.602970 
591 	 3.412159 	 39.237765 	 1671.239205 	 3416505.353813 
592 	 3.302204 	 37.271340 	 1548.849386 	 3075436.662733 
593 	 2.363977 	 37.693035 	 1573.322710 	 3121420.415019 
594 	 2.594022 	 37.192718 	 1547.445624 	 3087244.139400 
595 	 -6.803523 	 37.113750 	 1538.587088 	 3059644.586948 
596 	 3.576516 	 37.095567 	 1546.508829 	 3115514.541277 
597 	 18.111114 	 37.364817 	 1549.743297 	 3063297.009004 
598 	 3.872273 	 37.842678 	 1574.014475 	 3127530.411117 
599 	 -6.175685 	 38.440218 	 1628.020832 	 3316408.677530 
600 	 -7.108064 	 37.586130 	 1570.661910 	 3139109.755289 

%ACCRATE = 0.889810

%%%%%%%%%%%%%%%%%%%%%%%%%%%%%%%%%%%%%%%%%%%%%%%%%%%%%%%%%%%%%%%%%%%%%%%%%%%
%KAPPA = 0.210000
%%%%%%%%%%%%%%%%%%%%%%%%%%%%%%%%%%%%%%%%%%%%%%%%%%%%%%%%%%%%%%%%%%%%%%%%%%%

601 	 34.488252 	 44.401710 	 2076.694187 	 4927283.815148 
602 	 -5.697320 	 45.590790 	 2148.205163 	 5095404.392021 
603 	 -36.920631 	 44.938778 	 2107.698080 	 4994009.152272 
604 	 -12.991608 	 44.860083 	 2107.424705 	 5019969.083207 
605 	 -13.339324 	 44.841071 	 2093.523287 	 4912036.384607 
606 	 -1.341518 	 44.382048 	 2068.196209 	 4868795.662168 
607 	 12.694076 	 44.031768 	 2037.485407 	 4751141.192511 
608 	 -9.677441 	 44.115345 	 2056.667335 	 4856541.574503 
609 	 -1.109727 	 44.267367 	 2055.708456 	 4809254.391779 
610 	 -24.455980 	 44.474297 	 2081.963897 	 4946628.706395 
611 	 10.065249 	 44.901418 	 2110.346608 	 5029550.429597 
612 	 33.714549 	 45.482471 	 2151.937286 	 5162192.345343 
613 	 2.552047 	 43.919593 	 2038.141554 	 4775723.651748 
614 	 -33.104240 	 44.864077 	 2101.832388 	 4984794.854116 
615 	 -18.178379 	 44.769667 	 2089.046723 	 4903091.448568 
616 	 28.404475 	 44.442148 	 2067.042628 	 4841549.966857 
617 	 20.404112 	 44.566381 	 2077.497411 	 4880524.945892 
618 	 -5.317035 	 44.652300 	 2092.534409 	 4975599.770818 
619 	 -15.666744 	 44.701337 	 2092.578872 	 4937202.018816 
620 	 -11.253401 	 44.558919 	 2076.374870 	 4877279.623470 
621 	 13.404585 	 45.039242 	 2112.475352 	 5006672.063876 
622 	 -33.180711 	 44.585302 	 2079.711158 	 4877299.660422 
623 	 -0.682084 	 44.235061 	 2061.321162 	 4856559.542229 
624 	 -39.902987 	 45.116934 	 2117.107301 	 5015212.534426 
625 	 -6.835710 	 44.301575 	 2058.218220 	 4820695.375876 
626 	 8.954911 	 44.786739 	 2094.403732 	 4939796.932041 
627 	 -21.667398 	 43.165223 	 1983.299669 	 4582872.087387 
628 	 3.881493 	 44.347091 	 2063.761459 	 4846302.270801 
629 	 -14.742907 	 44.876426 	 2108.220523 	 5023937.721218 
630 	 -17.746153 	 44.486338 	 2078.404019 	 4909475.751995 
631 	 10.835914 	 45.067849 	 2117.065710 	 5041772.638771 
632 	 12.703046 	 43.699124 	 2021.671965 	 4704878.761505 
633 	 9.685237 	 44.369763 	 2074.296643 	 4911508.053530 
634 	 10.283047 	 44.626186 	 2084.086028 	 4924189.260231 
635 	 11.466228 	 44.364728 	 2062.161241 	 4810526.771849 
636 	 41.738006 	 44.429542 	 2072.021476 	 4881284.598576 
637 	 -41.562459 	 45.075834 	 2120.168763 	 5059111.316821 
638 	 -39.193312 	 45.320999 	 2132.144883 	 5051789.557087 
639 	 6.199488 	 44.601500 	 2087.192103 	 4951484.243329 
640 	 -1.541910 	 44.518916 	 2084.058889 	 4926947.868960 
641 	 31.093126 	 44.250456 	 2052.624541 	 4796286.494583 
642 	 -43.229214 	 45.219421 	 2128.119915 	 5069201.304295 
643 	 22.031658 	 44.019943 	 2042.816347 	 4795867.252110 
644 	 8.584954 	 43.637774 	 2018.891545 	 4705506.681779 
645 	 -20.698900 	 44.287257 	 2060.817083 	 4840035.974776 
646 	 -1.717583 	 43.960064 	 2039.464846 	 4776011.746535 
647 	 -18.435941 	 44.508692 	 2077.675690 	 4896026.205999 
648 	 13.925859 	 44.530274 	 2085.520813 	 4935370.965282 
649 	 28.122933 	 44.293400 	 2072.074081 	 4930617.561481 
650 	 -31.687455 	 44.067726 	 2049.924399 	 4821996.826164 
651 	 -40.865650 	 44.725842 	 2091.703829 	 4946287.134023 
652 	 19.003953 	 44.387292 	 2065.659694 	 4843818.048737 
653 	 14.427978 	 44.064123 	 2054.840756 	 4844385.839670 
654 	 23.917888 	 44.732686 	 2090.508976 	 4926251.656334 
655 	 9.536402 	 43.939314 	 2031.590087 	 4714208.128533 
656 	 -34.418619 	 44.561173 	 2083.373586 	 4912970.651421 
657 	 -9.296675 	 44.424831 	 2067.601639 	 4856895.910391 
658 	 -6.065843 	 45.090509 	 2121.551194 	 5066484.745306 
659 	 -19.319103 	 44.368996 	 2059.134241 	 4799187.087038 
660 	 7.668934 	 44.518609 	 2071.587825 	 4848148.891173 
661 	 21.449282 	 44.859502 	 2109.663778 	 5034339.258681 
662 	 25.918104 	 44.214350 	 2051.112252 	 4780653.121209 
663 	 -3.001535 	 44.518143 	 2081.076570 	 4921861.535861 
664 	 0.873036 	 43.737726 	 2027.135586 	 4740384.145306 
665 	 -28.583354 	 44.531321 	 2087.012615 	 4970890.912339 
666 	 21.475691 	 44.384827 	 2068.751749 	 4874962.159732 
667 	 2.251750 	 44.319820 	 2061.640460 	 4839369.714427 
668 	 -16.209768 	 44.487440 	 2075.147417 	 4894359.052143 
669 	 -31.228691 	 44.689201 	 2093.126925 	 4972329.330782 
670 	 -13.520178 	 43.922837 	 2040.658183 	 4803243.913884 
671 	 -19.387337 	 43.926775 	 2037.532940 	 4775730.603776 
672 	 3.933281 	 43.468304 	 2006.804996 	 4670190.435959 
673 	 -27.840623 	 45.120185 	 2127.981269 	 5105081.866930 
674 	 13.688832 	 44.228501 	 2058.998467 	 4840106.326811 
675 	 32.837473 	 44.585037 	 2078.917504 	 4884109.918722 
676 	 -2.684204 	 45.143645 	 2124.520732 	 5062972.537266 
677 	 20.778444 	 45.029887 	 2112.230752 	 4998590.699964 
678 	 12.168755 	 44.830918 	 2100.190220 	 4972820.835011 
679 	 -1.196096 	 45.096821 	 2115.011959 	 5015489.474120 
680 	 -13.794140 	 44.740709 	 2089.471750 	 4913457.653767 
681 	 -43.467725 	 45.001322 	 2109.729687 	 4989127.173905 
682 	 -35.783587 	 44.760073 	 2093.914592 	 4951798.040936 
683 	 40.696867 	 45.197583 	 2114.985745 	 4975321.897613 
684 	 -21.754317 	 44.738447 	 2088.486140 	 4914570.948373 
685 	 -8.608494 	 44.413330 	 2076.531463 	 4919780.339513 
686 	 11.414350 	 44.701551 	 2088.131987 	 4919143.864120 
687 	 38.767050 	 44.415095 	 2067.184632 	 4854061.736129 
688 	 17.260013 	 43.960614 	 2029.063558 	 4705009.398080 
689 	 11.529347 	 44.958393 	 2104.532481 	 4970507.266621 
690 	 5.207147 	 44.299984 	 2055.512931 	 4795183.849920 
691 	 -6.662208 	 44.101257 	 2046.801896 	 4789681.806324 
692 	 4.799911 	 44.319548 	 2059.153871 	 4823556.913308 
693 	 -4.989220 	 44.831223 	 2098.959406 	 4967370.143791 
694 	 -14.706161 	 44.259795 	 2061.954135 	 4848216.517273 
695 	 -30.779066 	 44.318984 	 2067.488841 	 4877361.444324 
696 	 -2.518056 	 45.300607 	 2126.797130 	 5034561.410891 
697 	 -7.676546 	 44.649270 	 2086.516715 	 4924800.240293 
698 	 11.739655 	 43.924151 	 2029.614211 	 4709621.102219 
699 	 39.070347 	 44.803044 	 2098.959961 	 4974773.519158 
700 	 44.684491 	 44.737899 	 2087.063680 	 4896425.596771 

%ACCRATE = 0.882732

%%%%%%%%%%%%%%%%%%%%%%%%%%%%%%%%%%%%%%%%%%%%%%%%%%%%%%%%%%%%%%%%%%%%%%%%%%%
%KAPPA = 0.220000
%%%%%%%%%%%%%%%%%%%%%%%%%%%%%%%%%%%%%%%%%%%%%%%%%%%%%%%%%%%%%%%%%%%%%%%%%%%

701 	 28.496386 	 49.545106 	 2507.092859 	 6718691.473280 
702 	 6.152867 	 48.974222 	 2464.694115 	 6576077.138819 
703 	 49.409337 	 49.410493 	 2499.165838 	 6713440.605215 
704 	 49.751910 	 49.756568 	 2535.409857 	 6903010.561676 
705 	 50.184273 	 50.184273 	 2563.974913 	 6990412.423360 
706 	 49.246320 	 49.246320 	 2478.658273 	 6599736.369663 
707 	 22.854164 	 49.232257 	 2486.186871 	 6670122.770383 
708 	 -49.250304 	 49.255224 	 2488.217869 	 6676852.311921 
709 	 -16.661047 	 49.803157 	 2537.040732 	 6900314.087554 
710 	 49.798550 	 49.798550 	 2528.979779 	 6830314.127940 
711 	 38.911136 	 49.777374 	 2527.600778 	 6820477.000198 
712 	 22.362330 	 49.445097 	 2500.611245 	 6715044.255537 
713 	 6.997071 	 49.432430 	 2502.523519 	 6733563.680635 
714 	 33.734440 	 49.526180 	 2514.496760 	 6798193.499224 
715 	 49.389160 	 49.389160 	 2489.857020 	 6634332.436202 
716 	 49.408518 	 49.409025 	 2493.955640 	 6663679.812742 
717 	 35.726069 	 49.930495 	 2538.121116 	 6854571.756069 
718 	 34.185228 	 49.229484 	 2483.411405 	 6646685.976894 
719 	 49.375182 	 49.375252 	 2494.541250 	 6687387.249651 
720 	 49.861523 	 49.861523 	 2534.778981 	 6855207.555672 
721 	 -38.454094 	 49.256687 	 2488.239830 	 6682254.717692 
722 	 -48.973558 	 48.973558 	 2459.674430 	 6549051.761001 
723 	 -49.675161 	 49.675161 	 2517.399841 	 6773737.832199 
724 	 37.029024 	 49.577116 	 2513.145512 	 6763288.712389 
725 	 44.085173 	 49.177637 	 2473.534042 	 6577910.085181 
726 	 1.124133 	 49.707457 	 2522.438662 	 6802473.691627 
727 	 45.502035 	 49.096989 	 2471.930739 	 6588518.692201 
728 	 -49.854168 	 49.854168 	 2536.429708 	 6880684.104120 
729 	 -38.478578 	 48.805780 	 2451.188468 	 6526659.118865 
730 	 41.197909 	 49.546241 	 2510.398628 	 6758734.408577 
731 	 47.640000 	 49.692193 	 2520.632621 	 6796037.469867 
732 	 -6.988481 	 49.129587 	 2482.580030 	 6685041.174146 
733 	 45.279644 	 49.734205 	 2525.978442 	 6821236.413148 
734 	 43.605298 	 49.265287 	 2504.428744 	 6810750.534968 
735 	 49.617052 	 49.617052 	 2510.735922 	 6734932.304258 
736 	 49.928994 	 49.928994 	 2544.500536 	 6918462.984466 
737 	 -11.519587 	 49.498337 	 2504.334348 	 6729539.020566 
738 	 13.808857 	 49.634426 	 2518.370882 	 6793106.272955 
739 	 -0.719846 	 49.606578 	 2512.045268 	 6754238.779507 
740 	 -34.359331 	 49.330197 	 2499.700363 	 6757206.143160 
741 	 13.081412 	 49.471336 	 2508.922123 	 6775118.793437 
742 	 10.234089 	 49.601479 	 2514.979034 	 6767208.913110 
743 	 -14.987026 	 49.807975 	 2532.880184 	 6863501.855260 
744 	 45.753745 	 49.245182 	 2485.568749 	 6658343.662324 
745 	 41.609077 	 49.344783 	 2501.328385 	 6754190.016756 
746 	 12.401666 	 49.653201 	 2525.593218 	 6849796.571115 
747 	 -49.096064 	 49.106598 	 2475.395586 	 6626309.488227 
748 	 -49.609480 	 49.609480 	 2508.651577 	 6712108.688710 
749 	 -49.448378 	 49.486920 	 2507.962487 	 6765634.752027 
750 	 -49.441184 	 49.441184 	 2499.355562 	 6707690.942885 
751 	 -49.469519 	 49.475496 	 2504.174709 	 6730186.609505 
752 	 -39.187412 	 49.264664 	 2494.832010 	 6739757.572047 
753 	 -14.567108 	 49.732790 	 2526.499321 	 6832208.546449 
754 	 26.799871 	 49.547310 	 2511.980543 	 6770548.516421 
755 	 39.837452 	 49.511418 	 2513.685227 	 6802975.493866 
756 	 49.214878 	 49.219437 	 2475.480636 	 6570134.978227 
757 	 49.958728 	 49.958728 	 2547.425001 	 6936666.184126 
758 	 30.335472 	 49.410058 	 2499.830720 	 6720883.999996 
759 	 -23.370103 	 49.061977 	 2471.690839 	 6606413.754235 
760 	 49.514487 	 49.520227 	 2511.656493 	 6784307.394498 
761 	 49.976119 	 49.976119 	 2543.723941 	 6882930.507486 
762 	 49.457724 	 49.470204 	 2504.888459 	 6742922.155082 
763 	 49.282774 	 49.411418 	 2500.147495 	 6721244.900090 
764 	 49.652832 	 49.652832 	 2516.169106 	 6773312.912591 
765 	 49.001106 	 49.004279 	 2464.835880 	 6567691.393818 
766 	 2.707617 	 49.363476 	 2503.170625 	 6757350.199394 
767 	 49.840819 	 49.840819 	 2532.723861 	 6849041.454666 
768 	 25.129761 	 49.575953 	 2512.252276 	 6766295.886590 
769 	 -22.914956 	 49.500708 	 2507.266053 	 6759301.830488 
770 	 -10.962513 	 49.893436 	 2542.056946 	 6907051.984474 
771 	 -22.816812 	 49.515095 	 2511.046981 	 6768392.694638 
772 	 -49.478762 	 49.482272 	 2504.907706 	 6734269.542555 
773 	 -49.203397 	 49.231377 	 2484.529493 	 6658194.203122 
774 	 26.524508 	 49.198013 	 2481.786154 	 6640999.411405 
775 	 -35.390924 	 49.608599 	 2518.952141 	 6822738.998761 
776 	 49.812815 	 49.812815 	 2531.760266 	 6842727.484286 
777 	 49.863611 	 49.863611 	 2539.595402 	 6891888.243195 
778 	 48.709548 	 49.077350 	 2470.831860 	 6592098.636127 
779 	 -22.780459 	 48.791610 	 2451.892923 	 6530431.205107 
780 	 -33.266310 	 49.478529 	 2503.864116 	 6721949.408826 
781 	 49.687276 	 49.687276 	 2519.781465 	 6793204.002243 
782 	 -22.842570 	 49.236134 	 2481.571638 	 6632105.379009 
783 	 -11.987146 	 49.687205 	 2522.792536 	 6817373.692860 
784 	 -49.860963 	 49.860963 	 2534.566052 	 6850481.678649 
785 	 -49.370984 	 49.370984 	 2496.081817 	 6717358.639412 
786 	 -2.577169 	 49.107188 	 2472.304574 	 6582191.448207 
787 	 -49.726173 	 49.726173 	 2520.715117 	 6779691.461139 
788 	 -49.306671 	 49.306671 	 2485.194067 	 6631808.557222 
789 	 -48.760729 	 49.660112 	 2525.294862 	 6848623.757360 
790 	 -5.941489 	 49.591816 	 2521.661383 	 6833190.169374 
791 	 -49.749998 	 49.752601 	 2531.071557 	 6866761.445088 
792 	 -49.296768 	 49.328481 	 2496.302678 	 6718381.694072 
793 	 -49.659730 	 49.660750 	 2522.551478 	 6822628.329359 
794 	 -49.801869 	 49.801869 	 2528.999948 	 6818404.872830 
795 	 -49.057794 	 49.291591 	 2490.413217 	 6685920.624769 
796 	 41.221410 	 49.655135 	 2517.775404 	 6781407.105877 
797 	 47.855151 	 49.724685 	 2527.688065 	 6847981.033069 
798 	 -12.092605 	 49.330836 	 2492.251012 	 6684640.251209 
799 	 48.813774 	 49.620828 	 2519.828614 	 6817245.470975 
800 	 -9.565467 	 49.568243 	 2507.527571 	 6722339.714119 

%ACCRATE = 0.875869

%%%%%%%%%%%%%%%%%%%%%%%%%%%%%%%%%%%%%%%%%%%%%%%%%%%%%%%%%%%%%%%%%%%%%%%%%%%
%KAPPA = 0.230000
%%%%%%%%%%%%%%%%%%%%%%%%%%%%%%%%%%%%%%%%%%%%%%%%%%%%%%%%%%%%%%%%%%%%%%%%%%%

801 	 -53.296824 	 53.296824 	 2876.098133 	 8641190.274153 
802 	 -53.467861 	 53.467861 	 2890.443312 	 8698348.016869 
803 	 -40.204974 	 52.700728 	 2820.201016 	 8353398.701065 
804 	 53.179931 	 53.179931 	 2861.168427 	 8536765.003072 
805 	 52.834540 	 52.834540 	 2829.903020 	 8401037.287193 
806 	 53.093232 	 53.093232 	 2855.477282 	 8525858.000511 
807 	 53.005513 	 53.005513 	 2845.682153 	 8459674.338947 
808 	 53.185750 	 53.185750 	 2861.942572 	 8541865.230481 
809 	 53.482515 	 53.482515 	 2892.715640 	 8713492.223836 
810 	 53.054734 	 53.054734 	 2852.219554 	 8513396.101550 
811 	 53.173044 	 53.173044 	 2866.256112 	 8607998.532852 
812 	 53.018352 	 53.018352 	 2846.906756 	 8476192.442089 
813 	 18.195967 	 53.179902 	 2865.346422 	 8582024.085971 
814 	 -53.092486 	 53.092486 	 2853.724984 	 8507992.478496 
815 	 -53.056794 	 53.056794 	 2849.215632 	 8474851.272898 
816 	 -52.978264 	 52.978264 	 2843.358388 	 8461386.045667 
817 	 -53.119797 	 53.119797 	 2858.796040 	 8556834.669457 
818 	 -53.474962 	 53.474962 	 2892.897072 	 8720433.142312 
819 	 -53.163678 	 53.163678 	 2862.913808 	 8573680.330473 
820 	 -52.989530 	 52.989530 	 2847.121867 	 8499016.853725 
821 	 -53.255947 	 53.255947 	 2872.961127 	 8633116.248561 
822 	 -52.985310 	 52.985310 	 2844.754471 	 8473404.067354 
823 	 -53.222563 	 53.222563 	 2868.811853 	 8602187.229550 
824 	 47.828597 	 52.887450 	 2841.454096 	 8489727.383668 
825 	 53.154139 	 53.154139 	 2861.553782 	 8563849.354344 
826 	 52.973035 	 52.973035 	 2843.720370 	 8469210.635378 
827 	 53.219067 	 53.219067 	 2866.732146 	 8578684.406089 
828 	 52.856930 	 52.857495 	 2837.212414 	 8454854.630473 
829 	 52.971061 	 52.971061 	 2845.186570 	 8490631.165835 
830 	 53.308859 	 53.308859 	 2874.340772 	 8605746.222088 
831 	 32.809144 	 53.149555 	 2863.866734 	 8580324.025233 
832 	 -53.124115 	 53.124115 	 2855.529611 	 8503266.495041 
833 	 14.077962 	 53.031324 	 2854.825530 	 8563504.467962 
834 	 24.858420 	 52.815007 	 2830.118299 	 8404916.581318 
835 	 -53.370351 	 53.370351 	 2883.943931 	 8679175.974672 
836 	 -53.030589 	 53.030589 	 2850.263024 	 8508023.987647 
837 	 -53.206187 	 53.206187 	 2867.449854 	 8597033.527683 
838 	 -52.786584 	 52.786584 	 2824.687413 	 8362619.201780 
839 	 -53.196406 	 53.196406 	 2862.984202 	 8547636.462547 
840 	 -52.896704 	 52.896704 	 2833.632879 	 8400996.588036 
841 	 -52.680720 	 52.680720 	 2815.273391 	 8330983.165815 
842 	 -53.123752 	 53.123752 	 2856.588377 	 8518306.746465 
843 	 -53.463640 	 53.463640 	 2890.637298 	 8698006.901840 
844 	 -53.507788 	 53.507788 	 2897.093940 	 8748133.341514 
845 	 -52.809274 	 52.809274 	 2829.947270 	 8406258.032687 
846 	 -53.174203 	 53.174203 	 2862.823664 	 8564199.029452 
847 	 -52.941629 	 52.941629 	 2838.671008 	 8430936.877692 
848 	 -53.187672 	 53.187672 	 2862.636450 	 8548525.686238 
849 	 -53.252743 	 53.252743 	 2869.963139 	 8592457.860517 
850 	 -53.011993 	 53.012304 	 2850.008462 	 8510840.760716 
851 	 -53.455431 	 53.455431 	 2890.150786 	 8697145.451515 
852 	 -53.080467 	 53.080467 	 2854.987073 	 8530906.850129 
853 	 32.721047 	 52.963471 	 2846.258428 	 8486226.537850 
854 	 53.103307 	 53.103307 	 2853.766236 	 8503589.302268 
855 	 53.236219 	 53.236219 	 2868.846175 	 8595881.843855 
856 	 53.327700 	 53.327700 	 2881.180039 	 8683206.812667 
857 	 53.122343 	 53.122343 	 2858.442475 	 8553259.821081 
858 	 53.348322 	 53.348322 	 2881.055239 	 8667808.672458 
859 	 53.253594 	 53.253594 	 2870.432376 	 8600180.805906 
860 	 53.086382 	 53.086382 	 2856.095133 	 8537358.707031 
861 	 53.311633 	 53.311633 	 2878.719785 	 8664089.493983 
862 	 52.642031 	 52.672969 	 2817.516131 	 8333409.032178 
863 	 53.431646 	 53.431646 	 2887.258065 	 8682430.160581 
864 	 -40.874072 	 52.864574 	 2840.724780 	 8497424.801071 
865 	 -52.931805 	 52.931805 	 2840.314157 	 8451399.025676 
866 	 -52.850366 	 52.850366 	 2829.077143 	 8376443.553226 
867 	 -53.171258 	 53.172637 	 2867.687388 	 8614330.061006 
868 	 -53.436745 	 53.436745 	 2887.639972 	 8682228.200797 
869 	 -53.247794 	 53.247794 	 2871.703335 	 8617393.114410 
870 	 -53.225128 	 53.225128 	 2868.208123 	 8597791.292510 
871 	 -53.068751 	 53.068751 	 2851.210499 	 8490452.002348 
872 	 27.689130 	 52.916052 	 2840.340478 	 8459539.831149 
873 	 52.639911 	 52.711866 	 2825.861119 	 8408432.586820 
874 	 53.089298 	 53.089298 	 2852.327378 	 8495820.090688 
875 	 53.298031 	 53.298031 	 2877.581099 	 8656484.515483 
876 	 52.862870 	 52.872940 	 2838.730730 	 8463395.822700 
877 	 53.240830 	 53.240830 	 2869.481098 	 8600811.440553 
878 	 53.067429 	 53.067429 	 2852.230302 	 8509458.878236 
879 	 3.002207 	 53.107591 	 2858.262202 	 8552807.875361 
880 	 -53.184530 	 53.184530 	 2863.863197 	 8571815.530312 
881 	 -37.156404 	 53.073851 	 2854.643377 	 8525956.760148 
882 	 53.234335 	 53.234335 	 2868.746177 	 8589403.151786 
883 	 53.362121 	 53.362121 	 2880.602949 	 8649911.218458 
884 	 53.010422 	 53.010422 	 2846.153832 	 8476457.026994 
885 	 52.604308 	 52.608905 	 2813.490849 	 8323278.834052 
886 	 -23.205408 	 52.987287 	 2846.158677 	 8483576.856467 
887 	 -52.667711 	 52.667711 	 2817.121682 	 8351320.817392 
888 	 -53.327438 	 53.327438 	 2879.307684 	 8658870.219466 
889 	 -53.186003 	 53.186003 	 2864.656393 	 8574803.583189 
890 	 -52.866626 	 52.866626 	 2830.978583 	 8385263.986277 
891 	 -53.417142 	 53.417142 	 2887.094257 	 8693115.840117 
892 	 -52.859102 	 52.869566 	 2834.036419 	 8419029.304086 
893 	 -53.309448 	 53.309448 	 2877.992724 	 8647435.711842 
894 	 -53.503777 	 53.503777 	 2894.649427 	 8719728.580830 
895 	 -52.971259 	 52.971259 	 2844.606181 	 8469419.777270 
896 	 -53.000690 	 53.000690 	 2844.607164 	 8460004.522658 
897 	 -53.120250 	 53.120250 	 2857.711377 	 8537852.825114 
898 	 -53.002091 	 53.002091 	 2845.762743 	 8473663.140468 
899 	 -53.138533 	 53.138533 	 2861.355196 	 8574802.881305 
900 	 -53.029301 	 53.029301 	 2848.053212 	 8480203.394801 

%ACCRATE = 0.870230
