%%%%%%%%%%%%%%%%%%%%%%%%%%%%%%%%%%%%%%%%%%%%%%%%%%%%%%%%%%%%%%%%%%%%%%%%%%%
%SIMULAZIONE D = 3, L = 8, V = 512
%NUMERO DI MISURE PER OGNI KAPPA: T = 100
%%%%%%%%%%%%%%%%%%%%%%%%%%%%%%%%%%%%%%%%%%%%%%%%%%%%%%%%%%%%%%%%%%%%%%%%%%%

%%%%%%%%%%%%%%%%%%%%%%%%%%%%%%%%%%%%%%%%%%%%%%%%%%%%%%%%%%%%%%%%%%%%%%%%%%%
%KAPPA = 0.150000
%%%%%%%%%%%%%%%%%%%%%%%%%%%%%%%%%%%%%%%%%%%%%%%%%%%%%%%%%%%%%%%%%%%%%%%%%%%

1 	 -1.775813 	 35.349921 	 1946.236432 	 10911096.409236 
2 	 4.627083 	 36.190250 	 2027.334973 	 11988700.954369 
3 	 2.215184 	 35.521096 	 1940.164211 	 10381577.901025 
4 	 -2.463583 	 33.987247 	 1856.135571 	 10727569.104003 
5 	 1.125813 	 35.644900 	 1981.005861 	 11437017.499715 
6 	 -3.102656 	 35.469123 	 1986.693359 	 12057404.557914 
7 	 3.134711 	 33.256006 	 1775.971261 	 10110579.449368 
8 	 0.725825 	 36.415208 	 2053.883268 	 12182810.751318 
9 	 2.562364 	 35.511368 	 1962.294365 	 11070317.404158 
10 	 1.910762 	 33.630620 	 1791.464541 	 9939693.741311 
11 	 -1.357567 	 35.541615 	 1976.897753 	 11490329.105681 
12 	 -3.371425 	 34.482013 	 1856.724051 	 9961256.999288 
13 	 -2.845417 	 34.974032 	 1884.165390 	 10006071.345844 
14 	 1.994720 	 35.858075 	 2015.378368 	 12246776.651693 
15 	 0.344963 	 37.923390 	 2186.496391 	 12797584.281783 
16 	 0.752236 	 34.108744 	 1865.806459 	 10939800.797503 
17 	 0.756109 	 34.642641 	 1874.242474 	 10274320.180102 
18 	 -2.173412 	 36.476819 	 2079.899115 	 13210088.291593 
19 	 1.053002 	 35.314577 	 1955.924440 	 11278329.094350 
20 	 0.693566 	 35.513210 	 1970.492411 	 11160768.939524 
21 	 -2.244260 	 36.700533 	 2092.564985 	 12329900.976118 
22 	 3.176785 	 34.955318 	 1920.814578 	 10906131.708951 
23 	 -1.216122 	 34.073044 	 1819.395612 	 9689455.153564 
24 	 2.960179 	 35.080596 	 1929.279163 	 10840432.555849 
25 	 1.061870 	 34.858397 	 1898.054836 	 10381630.154035 
26 	 1.747998 	 35.405643 	 1915.090262 	 9953423.361628 
27 	 2.016215 	 34.538103 	 1873.824825 	 10058208.253271 
28 	 -1.569772 	 35.152077 	 1928.900008 	 10968877.215973 
29 	 1.984218 	 36.951281 	 2122.444445 	 12854011.214585 
30 	 0.509564 	 35.129596 	 1932.739614 	 11226835.874529 
31 	 -2.172173 	 37.095155 	 2117.124212 	 12683010.764536 
32 	 3.415926 	 35.290696 	 1973.700467 	 11574662.898522 
33 	 -1.622982 	 35.524513 	 1975.546403 	 12343797.138238 
34 	 2.665584 	 36.281664 	 2059.058964 	 12394330.137287 
35 	 0.410654 	 34.143438 	 1833.146058 	 10040267.783095 
36 	 -3.224769 	 36.431949 	 2066.250869 	 12619716.932099 
37 	 -1.478394 	 34.668661 	 1889.552673 	 10416825.044228 
38 	 -1.218638 	 35.441415 	 1930.218744 	 10365121.010675 
39 	 4.460006 	 34.542436 	 1850.916052 	 9796937.058196 
40 	 0.403510 	 35.365175 	 1937.241239 	 10723789.002983 
41 	 -3.914507 	 34.298353 	 1853.749126 	 10300673.543879 
42 	 -2.543111 	 35.263403 	 1939.040391 	 10988398.754825 
43 	 -2.316740 	 35.956474 	 1998.484489 	 11755727.402937 
44 	 -0.746223 	 34.801020 	 1890.091108 	 10318902.363501 
45 	 3.987646 	 34.637666 	 1877.975862 	 10333551.080000 
46 	 -2.218539 	 33.623026 	 1775.481172 	 9046003.298813 
47 	 -0.527865 	 36.936279 	 2115.188805 	 13354612.881419 
48 	 3.398817 	 35.495956 	 1974.841639 	 11328128.923707 
49 	 0.424368 	 35.336412 	 1966.260542 	 11785281.972580 
50 	 4.082230 	 33.660271 	 1779.197554 	 9607498.838083 
51 	 -1.068259 	 35.614548 	 1931.098223 	 10323906.293920 
52 	 0.589535 	 34.785141 	 1909.454907 	 10871084.074123 
53 	 2.379798 	 35.024635 	 1906.861359 	 10358695.854364 
54 	 -0.987606 	 35.316381 	 1932.969759 	 10365718.483449 
55 	 -0.952350 	 33.384529 	 1730.827953 	 8569464.555619 
56 	 -4.038905 	 33.066314 	 1715.404123 	 8560486.194376 
57 	 -0.998522 	 37.149093 	 2156.947849 	 13822558.979062 
58 	 -0.211284 	 35.299808 	 1967.432668 	 11556192.831130 
59 	 -1.866038 	 36.554097 	 2055.857862 	 12009505.238174 
60 	 -0.056984 	 33.378691 	 1745.122712 	 9008458.505287 
61 	 -0.079889 	 35.503753 	 1949.894814 	 10825529.903823 
62 	 -3.732602 	 35.024048 	 1906.124829 	 10265601.617055 
63 	 -1.766867 	 36.367903 	 2079.389011 	 12914728.430847 
64 	 1.823936 	 34.027682 	 1804.687701 	 9577187.520302 
65 	 1.438094 	 35.791240 	 2020.109827 	 11971587.230648 
66 	 -3.860680 	 35.951815 	 1990.168487 	 11074105.240021 
67 	 0.035032 	 34.575348 	 1832.680897 	 9417410.491527 
68 	 2.757542 	 34.078633 	 1806.991068 	 9349033.985299 
69 	 0.345626 	 33.566160 	 1751.544684 	 8704210.311685 
70 	 0.774990 	 34.692192 	 1884.438678 	 10578144.209101 
71 	 -2.745768 	 34.350872 	 1816.612541 	 9616238.097204 
72 	 2.065536 	 35.333515 	 1927.871352 	 10362425.669417 
73 	 -1.954990 	 35.336335 	 1962.346398 	 11335262.260969 
74 	 -0.901154 	 33.022499 	 1684.232955 	 7890022.687488 
75 	 -1.883045 	 34.289554 	 1858.725480 	 10447245.752414 
76 	 -2.904666 	 34.767357 	 1918.280785 	 11033461.337530 
77 	 -4.066695 	 34.782370 	 1882.307662 	 10254495.057899 
78 	 -2.630280 	 34.985238 	 1915.614503 	 10420031.158121 
79 	 -3.729950 	 34.493980 	 1860.910644 	 10248224.203245 
80 	 0.452259 	 35.280927 	 1939.706120 	 10910369.784804 
81 	 0.649487 	 34.715782 	 1881.443602 	 9984259.119678 
82 	 -2.191665 	 36.258682 	 2010.190000 	 11021089.932842 
83 	 -3.536571 	 35.306046 	 1942.420624 	 11061150.628107 
84 	 3.935385 	 38.130372 	 2215.089658 	 13492930.307726 
85 	 -0.208211 	 35.076790 	 1911.634570 	 10543037.769150 
86 	 -0.960295 	 35.800428 	 1974.640239 	 10954255.962436 
87 	 0.991302 	 34.319524 	 1840.041157 	 9776407.806699 
88 	 1.659865 	 35.305763 	 1881.510900 	 9433484.210822 
89 	 1.670913 	 36.506496 	 2065.783925 	 12110447.797074 
90 	 -0.554376 	 35.448192 	 1973.469723 	 11684834.483271 
91 	 0.082260 	 34.577232 	 1866.828075 	 10069504.240317 
92 	 -2.098744 	 36.483405 	 2123.933918 	 14472220.897543 
93 	 0.191420 	 32.355034 	 1674.386797 	 8534859.854934 
94 	 2.308940 	 36.030215 	 2053.860268 	 12456378.279523 
95 	 -0.693022 	 34.987516 	 1916.342284 	 10904569.741505 
96 	 0.238491 	 34.106826 	 1789.511886 	 9071969.973882 
97 	 1.158612 	 34.907753 	 1911.162381 	 10697681.378763 
98 	 1.786890 	 33.592425 	 1777.603083 	 9713222.607040 
99 	 -2.170384 	 38.506358 	 2283.806791 	 14647366.711074 
100 	 -3.282772 	 34.887014 	 1932.384821 	 11616875.998931 

%ACCRATE = 0.906135

%%%%%%%%%%%%%%%%%%%%%%%%%%%%%%%%%%%%%%%%%%%%%%%%%%%%%%%%%%%%%%%%%%%%%%%%%%%
%KAPPA = 0.160000
%%%%%%%%%%%%%%%%%%%%%%%%%%%%%%%%%%%%%%%%%%%%%%%%%%%%%%%%%%%%%%%%%%%%%%%%%%%

101 	 1.137977 	 43.096431 	 2898.440765 	 23716869.057430 
102 	 -0.688209 	 42.284437 	 2817.989208 	 23119519.598506 
103 	 0.288583 	 42.368427 	 2799.452762 	 22817961.031966 
104 	 3.806224 	 40.671403 	 2637.169913 	 20821867.087040 
105 	 5.321673 	 40.661813 	 2589.789277 	 20054773.064536 
106 	 -1.226953 	 41.657792 	 2671.046618 	 19674497.170938 
107 	 -5.318299 	 44.116059 	 3015.528023 	 25347784.875929 
108 	 -1.141450 	 42.264045 	 2830.685011 	 23755175.345364 
109 	 -2.866102 	 40.273481 	 2507.321167 	 17685462.904586 
110 	 3.031148 	 40.831591 	 2578.701930 	 19308321.223573 
111 	 0.559810 	 45.456447 	 3187.839352 	 28019248.628184 
112 	 3.523537 	 43.603046 	 2957.077242 	 25192982.048824 
113 	 -3.467250 	 43.581273 	 2966.271094 	 25809890.410991 
114 	 0.711199 	 45.690994 	 3157.228644 	 26422689.870923 
115 	 -2.233503 	 44.340294 	 3091.377969 	 29056346.663049 
116 	 1.274537 	 45.699810 	 3139.578531 	 25522203.378532 
117 	 1.116989 	 42.535807 	 2820.263296 	 23351388.207021 
118 	 -4.987429 	 44.058402 	 2971.457269 	 24117890.199419 
119 	 -4.077291 	 41.138916 	 2632.289864 	 19845978.433185 
120 	 -0.879102 	 42.591948 	 2794.134370 	 22184241.441307 
121 	 -2.358012 	 42.413762 	 2780.958767 	 21805710.345545 
122 	 1.931459 	 42.699631 	 2913.947927 	 26258830.780877 
123 	 2.234937 	 45.422139 	 3169.396824 	 28292866.117017 
124 	 3.923608 	 42.366586 	 2866.632519 	 25382985.398331 
125 	 5.253242 	 43.879435 	 3006.971173 	 27107741.031775 
126 	 3.765114 	 40.543031 	 2589.321833 	 20037552.285913 
127 	 7.872335 	 44.317669 	 2982.089161 	 24043306.395733 
128 	 -3.916659 	 41.195005 	 2661.034263 	 21217542.791405 
129 	 3.280525 	 42.933067 	 2801.904410 	 21208615.446736 
130 	 2.539624 	 44.046262 	 3025.587745 	 26327526.863089 
131 	 2.489264 	 45.925953 	 3321.062593 	 33446362.131948 
132 	 6.041023 	 42.753499 	 2840.019307 	 22813006.826942 
133 	 1.028935 	 40.584040 	 2504.808212 	 17285896.212988 
134 	 -6.733739 	 43.414619 	 2948.982211 	 26271878.680376 
135 	 6.678198 	 43.852188 	 3001.572975 	 26320902.320717 
136 	 2.115618 	 45.954687 	 3257.270415 	 30730875.711236 
137 	 3.054241 	 41.881226 	 2758.822607 	 21820748.643573 
138 	 4.115976 	 44.399138 	 3033.119537 	 25218895.387274 
139 	 -4.013735 	 41.778313 	 2664.103084 	 19310748.315820 
140 	 -1.203461 	 44.220510 	 3069.141687 	 27046947.404139 
141 	 -4.722387 	 40.936386 	 2629.347459 	 19993519.695522 
142 	 -3.185699 	 41.748578 	 2692.427992 	 21423602.412482 
143 	 2.440337 	 42.111158 	 2757.671610 	 21576623.789959 
144 	 3.811009 	 42.281086 	 2746.352083 	 21188033.803178 
145 	 1.453653 	 43.037200 	 2869.664236 	 23310086.925461 
146 	 -5.146623 	 43.583549 	 2949.004710 	 25154238.412786 
147 	 -2.290029 	 41.176515 	 2621.382933 	 19707633.834252 
148 	 -0.954570 	 41.316008 	 2630.956036 	 19527095.345130 
149 	 -2.256973 	 42.478598 	 2765.876279 	 21621273.095531 
150 	 -1.325544 	 40.904318 	 2565.736614 	 18783027.177493 
151 	 -2.690996 	 41.701076 	 2691.245920 	 20547498.223139 
152 	 2.674112 	 43.492149 	 2909.155939 	 23363530.011275 
153 	 2.499421 	 41.837494 	 2730.959200 	 21471449.089780 
154 	 -1.411908 	 44.418036 	 3034.928996 	 26235300.688921 
155 	 -1.499141 	 41.682394 	 2700.182827 	 20604394.053338 
156 	 -5.484145 	 43.225632 	 2886.276217 	 23778243.308819 
157 	 0.189897 	 40.105556 	 2553.691102 	 19808770.610082 
158 	 -0.703847 	 41.684426 	 2649.708399 	 19139973.672832 
159 	 0.209211 	 42.228999 	 2731.283588 	 20324235.384173 
160 	 -1.936281 	 47.024248 	 3365.902771 	 30502670.652762 
161 	 2.882917 	 43.116343 	 2817.285235 	 20907799.141256 
162 	 2.771339 	 43.649736 	 2907.422766 	 22932005.623392 
163 	 1.111571 	 43.124332 	 2883.723724 	 23184689.812830 
164 	 -1.434209 	 42.468400 	 2827.463272 	 24436924.917583 
165 	 5.659880 	 41.142195 	 2667.381691 	 20735298.982555 
166 	 -2.635561 	 42.471035 	 2802.374266 	 23307561.567585 
167 	 -2.211458 	 40.786835 	 2583.771340 	 19201583.579761 
168 	 -5.886664 	 43.154850 	 2856.049955 	 22268109.540256 
169 	 -3.468856 	 43.423984 	 2932.968643 	 25414713.240447 
170 	 1.453958 	 41.044690 	 2643.301870 	 21637149.677560 
171 	 -1.406041 	 44.288513 	 3015.618467 	 25333677.250723 
172 	 -3.177064 	 43.517592 	 2960.104051 	 25225114.440842 
173 	 0.113716 	 44.376717 	 3011.673111 	 24795195.914560 
174 	 -5.350598 	 41.974302 	 2680.147447 	 19294810.106081 
175 	 4.457510 	 40.199740 	 2559.285707 	 19341309.871209 
176 	 4.651893 	 41.811689 	 2764.728329 	 23048533.007177 
177 	 -5.142727 	 42.915914 	 2875.140437 	 23934112.987425 
178 	 -2.097378 	 43.923010 	 2981.273862 	 24400778.345312 
179 	 -2.871794 	 42.750585 	 2883.471924 	 25815297.858489 
180 	 3.022862 	 45.225994 	 3146.135467 	 27154549.353516 
181 	 -0.204647 	 42.342115 	 2820.650499 	 23636139.980627 
182 	 5.292249 	 40.526739 	 2501.107024 	 17547142.393605 
183 	 0.389931 	 41.782218 	 2710.682430 	 20758231.810461 
184 	 5.585551 	 42.584884 	 2793.816364 	 22981366.765663 
185 	 -2.770100 	 45.644208 	 3163.129622 	 27149382.232620 
186 	 3.141625 	 41.616410 	 2756.571352 	 22680082.163475 
187 	 -4.147615 	 43.952314 	 3024.046347 	 25942852.804455 
188 	 3.367708 	 39.999821 	 2472.856007 	 17366301.622424 
189 	 -0.233622 	 41.553739 	 2745.248164 	 23953905.194710 
190 	 -2.185430 	 43.042808 	 2916.752230 	 25933296.738189 
191 	 4.569403 	 45.709728 	 3206.517524 	 29073804.219745 
192 	 -3.962015 	 40.781939 	 2585.154565 	 19109403.291306 
193 	 -3.536487 	 42.130864 	 2773.896892 	 22650543.623695 
194 	 4.644145 	 42.830219 	 2900.759226 	 25897790.367226 
195 	 -1.039941 	 43.268720 	 2981.563086 	 27654280.056645 
196 	 -0.944460 	 42.796251 	 2851.195170 	 23253095.178545 
197 	 5.854009 	 43.800784 	 2941.254004 	 23746434.119004 
198 	 6.834751 	 40.287502 	 2517.921066 	 18300201.002712 
199 	 -1.571584 	 44.110709 	 2969.739297 	 23662027.995228 
200 	 0.379811 	 39.477384 	 2405.992296 	 16044516.286395 

%ACCRATE = 0.905436

%%%%%%%%%%%%%%%%%%%%%%%%%%%%%%%%%%%%%%%%%%%%%%%%%%%%%%%%%%%%%%%%%%%%%%%%%%%
%KAPPA = 0.170000
%%%%%%%%%%%%%%%%%%%%%%%%%%%%%%%%%%%%%%%%%%%%%%%%%%%%%%%%%%%%%%%%%%%%%%%%%%%

201 	 2.823098 	 60.906069 	 5533.132063 	 78173620.873372 
202 	 6.894024 	 57.964156 	 5160.264295 	 72845906.428413 
203 	 -0.499176 	 58.747686 	 5306.845808 	 78271309.189302 
204 	 -1.534106 	 57.918915 	 5104.697903 	 67770706.067944 
205 	 3.128136 	 54.844616 	 4624.036416 	 57560996.830041 
206 	 8.208961 	 58.677062 	 5144.929890 	 70900691.564445 
207 	 -12.865499 	 54.267285 	 4482.440712 	 52681200.032261 
208 	 9.349586 	 56.097092 	 4718.544342 	 56206846.082817 
209 	 -7.670374 	 52.040573 	 4196.959356 	 49750326.219870 
210 	 2.528175 	 55.922240 	 4850.813976 	 64990468.626789 
211 	 2.987316 	 59.975963 	 5555.408154 	 86890233.934253 
212 	 -0.216322 	 58.164949 	 5050.832685 	 66445748.097936 
213 	 6.524438 	 58.230090 	 5182.455646 	 72237942.335140 
214 	 -8.821973 	 55.511826 	 4514.083777 	 48034687.499215 
215 	 -3.021390 	 54.638297 	 4546.261100 	 56898350.441490 
216 	 12.248575 	 60.554007 	 5495.853364 	 78349853.713618 
217 	 0.967016 	 61.189050 	 5661.640016 	 83002925.964267 
218 	 -7.740064 	 62.237628 	 5855.931922 	 90675629.244210 
219 	 8.342341 	 57.095449 	 4875.329121 	 63151547.910631 
220 	 5.496922 	 56.352816 	 4765.804782 	 60334568.786081 
221 	 6.761853 	 54.071554 	 4499.077400 	 57381378.104280 
222 	 -7.886826 	 56.147625 	 4847.947389 	 65498757.866914 
223 	 6.166134 	 50.443302 	 3837.954014 	 39791041.538139 
224 	 4.174958 	 57.780038 	 5037.292148 	 70128833.439739 
225 	 5.532648 	 57.282745 	 5190.673831 	 80681845.183462 
226 	 6.146643 	 55.481638 	 4654.219935 	 57612333.126833 
227 	 7.145542 	 58.848418 	 5111.279491 	 63864671.521082 
228 	 4.808834 	 55.482390 	 4805.990391 	 66873268.686792 
229 	 9.874293 	 54.061311 	 4566.679110 	 59849846.126847 
230 	 18.381864 	 60.341926 	 5576.649537 	 85242731.599846 
231 	 4.875884 	 54.943131 	 4720.086621 	 62269932.716568 
232 	 6.471408 	 56.540176 	 4907.688658 	 66696840.153158 
233 	 -2.549716 	 54.045432 	 4455.266308 	 52518628.002122 
234 	 2.613219 	 54.679557 	 4507.060560 	 53198440.751499 
235 	 14.782644 	 58.161844 	 5280.344602 	 78634913.667316 
236 	 3.402208 	 55.436975 	 4762.862917 	 63440402.055730 
237 	 2.693852 	 55.286085 	 4639.076636 	 58723837.180002 
238 	 -3.929183 	 58.179587 	 5194.890418 	 74316623.949276 
239 	 2.792096 	 56.822796 	 4966.284695 	 68399578.725074 
240 	 4.553414 	 53.100631 	 4314.565824 	 49613125.333475 
241 	 -8.209584 	 58.482210 	 5106.647106 	 66754256.358142 
242 	 -1.174560 	 54.621527 	 4615.558252 	 58189217.084759 
243 	 5.050926 	 56.226046 	 4840.389246 	 64879291.626822 
244 	 -5.258088 	 61.852385 	 5795.097240 	 85886892.328760 
245 	 2.570145 	 60.365274 	 5512.955038 	 80315572.258791 
246 	 1.079238 	 55.651530 	 4810.509516 	 64281591.693203 
247 	 -16.976523 	 59.351235 	 5303.408495 	 72359317.639319 
248 	 3.201682 	 54.331869 	 4599.047143 	 59153547.430266 
249 	 5.470569 	 55.806833 	 4813.387372 	 64304977.014945 
250 	 7.254149 	 54.420369 	 4499.530926 	 54409019.397283 
251 	 5.294211 	 57.320371 	 5021.291925 	 68418416.142144 
252 	 -13.251471 	 53.698888 	 4399.953130 	 52228828.381699 
253 	 -5.075593 	 64.278677 	 6050.479889 	 91387245.825752 
254 	 9.908897 	 56.007566 	 4794.352033 	 62311696.143151 
255 	 -0.030322 	 58.127604 	 5143.464740 	 70281716.045095 
256 	 -2.564372 	 61.330937 	 5804.425070 	 88291641.195944 
257 	 2.762069 	 50.265997 	 3854.617657 	 40315062.936639 
258 	 3.185627 	 57.137228 	 5021.607642 	 68441459.922987 
259 	 -3.267210 	 60.120149 	 5455.567126 	 75568086.296441 
260 	 3.276717 	 57.296453 	 5014.405558 	 67762302.781860 
261 	 10.914573 	 56.694188 	 4940.033354 	 70740289.359400 
262 	 -1.093987 	 56.665582 	 4821.552016 	 58124017.505630 
263 	 -6.731552 	 55.066220 	 4545.206686 	 52893702.684554 
264 	 2.551834 	 52.523801 	 4267.095792 	 50949701.975230 
265 	 -4.120203 	 60.522353 	 5400.860143 	 70242990.550233 
266 	 9.067843 	 58.582820 	 5201.951142 	 70814429.186673 
267 	 -5.052293 	 53.351696 	 4375.954790 	 53046512.107306 
268 	 3.339044 	 53.771594 	 4382.517201 	 50321953.043188 
269 	 -6.074538 	 51.815308 	 4247.406969 	 52969098.900370 
270 	 -5.606078 	 57.540362 	 4972.829943 	 64455851.974076 
271 	 5.152887 	 53.255721 	 4402.635253 	 56231544.488639 
272 	 -6.290185 	 57.955942 	 5032.878889 	 66861872.249448 
273 	 -4.890520 	 56.667787 	 4856.415435 	 61864951.004569 
274 	 2.120013 	 53.993612 	 4462.866671 	 53445887.296888 
275 	 6.438386 	 58.517241 	 5232.792026 	 73327811.568340 
276 	 -7.243033 	 58.008226 	 5084.131284 	 66569636.899290 
277 	 -10.921312 	 57.460150 	 5099.381759 	 70963995.086020 
278 	 2.841106 	 60.585286 	 5575.807822 	 82918855.970458 
279 	 -16.184640 	 62.481593 	 5964.637911 	 94431679.652970 
280 	 5.638655 	 57.704313 	 5002.670702 	 64059833.730279 
281 	 -6.218646 	 57.602792 	 5148.020091 	 75071377.481938 
282 	 -5.328274 	 54.189400 	 4506.057364 	 54400157.779651 
283 	 -1.912402 	 55.783205 	 4721.705990 	 59077033.949668 
284 	 8.178684 	 56.750198 	 4995.023115 	 67936247.535916 
285 	 2.577090 	 54.788867 	 4726.597341 	 64156876.858117 
286 	 7.186012 	 59.095738 	 5223.766064 	 69653845.413163 
287 	 8.991931 	 58.352962 	 5258.879134 	 76134480.312637 
288 	 -2.956809 	 60.387387 	 5659.567676 	 91171848.379633 
289 	 2.537833 	 61.821374 	 5807.905223 	 92423391.114897 
290 	 -8.041058 	 59.264637 	 5303.097363 	 75156150.563042 
291 	 3.503837 	 59.865703 	 5431.906528 	 80053890.192264 
292 	 7.213117 	 58.385272 	 5331.416190 	 79684095.364073 
293 	 1.374159 	 57.225303 	 4971.727280 	 65714629.818184 
294 	 0.468524 	 54.920412 	 4747.491906 	 64538412.358767 
295 	 -11.151489 	 56.795331 	 5062.995379 	 73280434.559470 
296 	 5.559066 	 56.956060 	 4915.466798 	 65836886.855751 
297 	 -0.861933 	 60.189245 	 5454.301532 	 76442210.668024 
298 	 -1.022309 	 56.592945 	 4918.829646 	 66524022.871480 
299 	 -10.569458 	 61.791099 	 5653.703227 	 81900303.063339 
300 	 9.560486 	 58.654760 	 5175.250029 	 70716151.538501 

%ACCRATE = 0.903933

%%%%%%%%%%%%%%%%%%%%%%%%%%%%%%%%%%%%%%%%%%%%%%%%%%%%%%%%%%%%%%%%%%%%%%%%%%%
%KAPPA = 0.180000
%%%%%%%%%%%%%%%%%%%%%%%%%%%%%%%%%%%%%%%%%%%%%%%%%%%%%%%%%%%%%%%%%%%%%%%%%%%

301 	 -2.016307 	 93.440608 	 12690.457842 	 380545898.037538 
302 	 -5.636023 	 89.837019 	 11442.379938 	 284233627.078330 
303 	 6.501118 	 100.754126 	 14250.335914 	 422975182.003993 
304 	 -12.650827 	 89.929361 	 11947.927923 	 336204153.498388 
305 	 -20.905041 	 93.721513 	 12390.463509 	 332338286.635150 
306 	 -32.738416 	 94.029822 	 12301.022605 	 315599698.294382 
307 	 23.922180 	 95.907016 	 13523.641518 	 426895537.519505 
308 	 31.404571 	 84.131307 	 10134.035784 	 236819485.755525 
309 	 -23.073280 	 104.326430 	 14723.285621 	 419651506.922211 
310 	 -25.143665 	 94.149505 	 12588.546698 	 343316447.984705 
311 	 -13.704516 	 97.791380 	 13834.622476 	 425759695.249730 
312 	 16.826190 	 95.904430 	 12907.227379 	 356067835.675488 
313 	 -3.190230 	 96.651644 	 13376.498064 	 395450251.265205 
314 	 -9.741861 	 90.439926 	 11670.148955 	 299648208.821273 
315 	 -5.204298 	 92.336021 	 11843.957318 	 301519130.478058 
316 	 14.128288 	 93.643014 	 12487.295315 	 342105049.886303 
317 	 10.073907 	 98.739272 	 14105.813254 	 447881453.346711 
318 	 20.865204 	 93.479362 	 12680.058505 	 374651952.270971 
319 	 12.105948 	 101.649650 	 14148.760270 	 405022437.649545 
320 	 14.654515 	 94.657916 	 12759.239241 	 353434140.649320 
321 	 -8.294841 	 90.465783 	 11670.230587 	 306316102.004097 
322 	 12.695783 	 96.802576 	 13095.438684 	 373035867.577819 
323 	 14.424552 	 96.665794 	 13264.542975 	 379698884.888110 
324 	 -10.258219 	 97.192058 	 13828.702858 	 434229529.458842 
325 	 20.235555 	 97.554636 	 13026.764458 	 342219055.751407 
326 	 9.183875 	 96.964058 	 13008.980741 	 354378235.959807 
327 	 26.466233 	 92.080207 	 11995.274989 	 322677230.658837 
328 	 -44.783845 	 96.901620 	 13389.747555 	 382353648.170913 
329 	 15.999709 	 100.267661 	 14036.038741 	 416149921.039981 
330 	 17.179841 	 86.078313 	 10693.432608 	 252005844.782163 
331 	 13.136653 	 100.587957 	 13811.007468 	 394042537.555202 
332 	 -38.358050 	 98.466870 	 13748.782256 	 414024050.776351 
333 	 14.403889 	 88.276079 	 11446.040434 	 301432154.317507 
334 	 19.193943 	 95.278296 	 12354.191099 	 307216634.766796 
335 	 -0.265452 	 86.286929 	 10863.410790 	 280035759.363137 
336 	 7.481093 	 94.839384 	 12646.756673 	 349821543.220681 
337 	 -6.615713 	 85.481696 	 10505.195520 	 250157977.496959 
338 	 17.573878 	 91.484865 	 11930.407474 	 320115030.181748 
339 	 1.493700 	 87.595772 	 11239.831190 	 306155728.577730 
340 	 6.087553 	 90.219869 	 11578.610968 	 294395868.502204 
341 	 -19.239361 	 95.436404 	 13038.125575 	 373076065.406111 
342 	 17.535460 	 100.088591 	 13798.559145 	 396312816.808296 
343 	 -16.516634 	 88.501810 	 11547.463600 	 322613634.478814 
344 	 11.481663 	 95.824377 	 12874.921560 	 351060082.613456 
345 	 -26.300946 	 91.435439 	 12050.217599 	 329574547.315607 
346 	 -10.399568 	 95.717667 	 12901.557937 	 352352429.766470 
347 	 7.021821 	 95.798896 	 12780.050318 	 340949548.465898 
348 	 -2.874091 	 93.361185 	 12511.185492 	 365173978.919287 
349 	 13.686897 	 88.904382 	 11170.060996 	 268174493.810960 
350 	 -27.171061 	 97.270419 	 13256.211021 	 364146039.672812 
351 	 20.416054 	 89.449430 	 11697.035853 	 321341504.602944 
352 	 -14.774274 	 98.391720 	 13573.269726 	 389541915.821671 
353 	 16.703120 	 90.953509 	 11898.813698 	 320367375.435625 
354 	 -6.835883 	 90.962856 	 12152.588189 	 351984513.622547 
355 	 6.190252 	 93.722697 	 12473.605830 	 338608636.641095 
356 	 -0.359501 	 95.495833 	 12742.487081 	 345867725.916599 
357 	 30.271690 	 90.432208 	 11772.341933 	 314801789.359734 
358 	 -12.686722 	 89.484508 	 11836.283708 	 331107500.291216 
359 	 23.748811 	 102.514999 	 14426.080722 	 424626458.108165 
360 	 -2.098342 	 92.292303 	 12097.906149 	 330198457.863787 
361 	 -5.659672 	 89.401841 	 11599.364632 	 311768430.150943 
362 	 16.353324 	 93.077277 	 12214.380619 	 328338093.902740 
363 	 -2.993055 	 81.896652 	 9870.752861 	 235220888.378934 
364 	 -7.998213 	 92.850511 	 12120.742437 	 315021237.359517 
365 	 -3.672354 	 95.263835 	 13013.428972 	 381298690.658119 
366 	 -7.681663 	 91.515271 	 12220.183615 	 346604590.748468 
367 	 -7.113211 	 89.166413 	 11388.376920 	 287278522.404188 
368 	 -1.740247 	 85.808247 	 10840.596741 	 283154872.345106 
369 	 1.633014 	 95.223304 	 12699.319813 	 343491779.241028 
370 	 -14.631167 	 85.810200 	 11122.665956 	 311462684.611137 
371 	 0.761772 	 97.479031 	 13787.474718 	 424416417.413972 
372 	 8.772790 	 96.999775 	 13329.939168 	 392408620.233780 
373 	 31.792858 	 96.066778 	 12862.025106 	 363452871.912959 
374 	 -10.974984 	 92.100509 	 12011.509045 	 306399736.281759 
375 	 1.164220 	 94.735420 	 12558.166090 	 339138780.121097 
376 	 8.361259 	 95.399706 	 12925.553935 	 363901261.007429 
377 	 19.185711 	 97.831076 	 13371.630669 	 372951298.891994 
378 	 -3.241766 	 96.701623 	 13461.906325 	 395188890.391739 
379 	 -28.419589 	 83.720701 	 10706.784853 	 292853301.570620 
380 	 18.565796 	 95.671298 	 13011.696206 	 364533697.608078 
381 	 10.102007 	 90.867750 	 11466.641129 	 279618568.801949 
382 	 -24.666532 	 88.816249 	 11532.416803 	 310848755.972464 
383 	 -16.056184 	 92.113264 	 11935.962516 	 302150882.954024 
384 	 21.767013 	 100.724761 	 13736.426088 	 380624682.537110 
385 	 -15.708818 	 95.542421 	 12883.869925 	 351129268.027332 
386 	 20.733810 	 97.494719 	 13283.256538 	 379255795.402502 
387 	 -0.011310 	 97.389566 	 13607.551928 	 408290704.762052 
388 	 2.338088 	 94.213427 	 12512.969513 	 336798201.411054 
389 	 -37.081839 	 90.624292 	 11708.548741 	 306054651.767066 
390 	 9.334858 	 85.633434 	 10833.020620 	 285717755.606499 
391 	 18.153328 	 92.554133 	 12468.869573 	 357164502.957382 
392 	 -6.593604 	 88.830065 	 11729.062500 	 332637870.105289 
393 	 -6.234536 	 93.131923 	 12298.988901 	 333316732.097185 
394 	 14.850240 	 101.113831 	 14543.667366 	 464455786.865747 
395 	 -10.871056 	 98.287060 	 13624.958888 	 391992637.348764 
396 	 22.149098 	 90.037097 	 11519.549773 	 300018703.819696 
397 	 -12.688910 	 101.786956 	 14541.163995 	 442502056.896787 
398 	 26.989977 	 87.178560 	 11207.830764 	 302993892.712160 
399 	 47.502459 	 97.020373 	 13080.616368 	 358031197.691439 
400 	 17.558702 	 84.947026 	 10579.554883 	 265367184.594788 

%ACCRATE = 0.900688

%%%%%%%%%%%%%%%%%%%%%%%%%%%%%%%%%%%%%%%%%%%%%%%%%%%%%%%%%%%%%%%%%%%%%%%%%%%
%KAPPA = 0.190000
%%%%%%%%%%%%%%%%%%%%%%%%%%%%%%%%%%%%%%%%%%%%%%%%%%%%%%%%%%%%%%%%%%%%%%%%%%%

401 	 -189.464019 	 195.419300 	 43402.780853 	 2529322116.964465 
402 	 -154.747169 	 211.340118 	 49578.026591 	 3143904231.520701 
403 	 -102.362792 	 218.129966 	 51154.489279 	 3162420083.665804 
404 	 128.143974 	 201.531911 	 46034.438354 	 2854216085.481833 
405 	 52.875530 	 194.874827 	 44167.743764 	 2701743562.275432 
406 	 146.703564 	 209.278831 	 49171.744967 	 3127364028.899105 
407 	 141.025621 	 204.358337 	 47601.166677 	 3016856726.045986 
408 	 179.589385 	 206.191954 	 47327.358806 	 2878623802.832565 
409 	 115.348526 	 205.916181 	 47189.265956 	 2887614298.211833 
410 	 27.030257 	 203.178375 	 46076.217670 	 2804357006.964513 
411 	 -78.109765 	 202.273672 	 46603.206100 	 2899565374.558155 
412 	 -84.437677 	 208.042337 	 48417.041027 	 3068561436.732978 
413 	 -51.958285 	 204.167051 	 46985.368529 	 2944184300.437310 
414 	 -121.094113 	 214.401645 	 50163.308293 	 3149847250.793694 
415 	 -23.154081 	 193.414632 	 42906.378972 	 2535148556.625191 
416 	 -100.494665 	 215.288597 	 51155.137595 	 3296173387.854973 
417 	 -25.294504 	 200.456309 	 45196.080300 	 2706778817.081790 
418 	 -13.656170 	 195.027061 	 44669.947037 	 2766859689.077681 
419 	 -24.987809 	 191.634272 	 42992.866442 	 2610402988.310533 
420 	 -46.394389 	 215.535091 	 50500.280720 	 3158876738.763084 
421 	 -36.953399 	 194.747558 	 43551.402820 	 2578597127.752702 
422 	 149.954536 	 210.232427 	 48835.809047 	 3039944526.578703 
423 	 66.394515 	 203.287365 	 46263.920411 	 2798293394.626616 
424 	 -7.251790 	 204.795322 	 46646.743436 	 2821982578.147627 
425 	 -19.806261 	 209.368465 	 48816.800219 	 3053943007.160943 
426 	 -46.971490 	 191.722335 	 42440.534572 	 2499179151.414647 
427 	 -34.242675 	 199.620784 	 44909.656854 	 2671853045.972562 
428 	 71.678866 	 200.500547 	 45795.225732 	 2812339105.164783 
429 	 -33.437360 	 204.552098 	 47423.905164 	 2976498549.693508 
430 	 -28.269643 	 211.173703 	 48819.184137 	 3013959136.846855 
431 	 -58.117782 	 203.304942 	 46520.709390 	 2853098607.630774 
432 	 -5.238692 	 205.003468 	 46808.764294 	 2854336371.910453 
433 	 16.673189 	 194.658515 	 43391.908473 	 2562612239.364196 
434 	 -113.378659 	 202.613331 	 45992.584612 	 2776620753.549457 
435 	 -63.732955 	 202.776119 	 46296.428744 	 2824118085.196831 
436 	 106.629134 	 199.051779 	 44873.774125 	 2712223076.824473 
437 	 11.997724 	 209.154975 	 48538.582846 	 3028071115.850414 
438 	 2.566850 	 214.468275 	 50085.432498 	 3142689460.607404 
439 	 49.601694 	 210.891894 	 48922.049642 	 2992967546.551023 
440 	 218.504428 	 218.544116 	 51309.330379 	 3219683584.396378 
441 	 8.348906 	 210.212942 	 49350.565432 	 3140306644.065588 
442 	 174.503956 	 205.835965 	 47682.708354 	 2979957650.605146 
443 	 -76.765378 	 197.578666 	 44094.175795 	 2607668255.813891 
444 	 20.183355 	 208.946105 	 48616.035613 	 3061783151.510685 
445 	 114.343883 	 185.149703 	 41383.052742 	 2517088742.128808 
446 	 -145.749115 	 212.934092 	 49790.184591 	 3129003185.099424 
447 	 -82.227653 	 204.954819 	 47224.283274 	 2899611087.175749 
448 	 48.412557 	 203.552531 	 46903.173560 	 2904033415.428494 
449 	 85.049711 	 208.342801 	 47979.562450 	 2951457989.748308 
450 	 -90.275777 	 189.882377 	 42584.294031 	 2589191315.696990 
451 	 -62.309999 	 205.689974 	 48722.077786 	 3212523757.170569 
452 	 106.535299 	 209.951347 	 48999.078585 	 3091257374.318220 
453 	 12.044683 	 206.019715 	 47629.884358 	 2988518106.504980 
454 	 108.520651 	 207.665551 	 47814.543814 	 2907892624.253544 
455 	 206.494879 	 207.726278 	 47562.278869 	 2890843284.508379 
456 	 99.792776 	 204.462784 	 47150.439928 	 2947073996.144094 
457 	 -39.401357 	 202.835651 	 46024.199225 	 2762532017.581102 
458 	 -51.574960 	 197.006708 	 43789.648444 	 2566142136.158906 
459 	 -8.467233 	 201.342350 	 45955.715178 	 2808612899.594631 
460 	 -16.648922 	 213.943481 	 50960.353963 	 3322747393.818972 
461 	 73.856792 	 209.601088 	 49077.516952 	 3105682163.377533 
462 	 -127.916978 	 225.099879 	 54371.890452 	 3568796993.369066 
463 	 45.384455 	 204.667498 	 47193.609921 	 2928958862.545505 
464 	 -157.267594 	 203.031688 	 46948.496603 	 2955263264.862424 
465 	 194.159927 	 220.644360 	 52724.474611 	 3401219870.202648 
466 	 73.727256 	 214.767409 	 50696.291568 	 3217146849.781540 
467 	 6.625191 	 205.979359 	 46647.028541 	 2779965342.277252 
468 	 46.722489 	 196.909704 	 44975.502389 	 2786004089.993804 
469 	 -65.530699 	 212.449447 	 49339.831367 	 3040103314.793725 
470 	 75.004315 	 205.837772 	 47901.088141 	 3018164333.650349 
471 	 -139.672784 	 210.089128 	 48871.727313 	 3081772558.197098 
472 	 25.647698 	 197.839229 	 45069.276113 	 2767269459.050244 
473 	 78.264369 	 207.404064 	 47968.753070 	 3010553106.058787 
474 	 -141.147839 	 198.234990 	 44461.544801 	 2636416471.379470 
475 	 46.911542 	 198.961163 	 45115.288159 	 2726666801.297762 
476 	 21.036178 	 190.655649 	 42406.843504 	 2536503971.459285 
477 	 -14.486412 	 194.892684 	 43505.273159 	 2560073592.514535 
478 	 80.869004 	 199.636429 	 45001.382675 	 2698078708.039432 
479 	 -183.703383 	 211.084926 	 48915.057994 	 3000728492.261031 
480 	 -61.143455 	 204.989066 	 47363.581310 	 2942889442.255290 
481 	 -60.438278 	 208.609726 	 47364.783307 	 2821253360.100074 
482 	 85.866415 	 201.840485 	 46578.540819 	 2900313444.585842 
483 	 -89.270071 	 196.174555 	 43932.903868 	 2605046519.503419 
484 	 -86.141422 	 211.370707 	 49491.592447 	 3138379612.181896 
485 	 38.447998 	 197.984404 	 44567.836983 	 2672003172.249923 
486 	 65.039224 	 196.887158 	 44894.742511 	 2755992043.759590 
487 	 -68.543598 	 205.568981 	 47799.596610 	 2973742119.437407 
488 	 -23.808781 	 208.722636 	 48703.941736 	 3083256664.947667 
489 	 -171.156481 	 210.084721 	 49051.263405 	 3059615164.381342 
490 	 -53.625326 	 191.811362 	 42683.237155 	 2546800610.678422 
491 	 6.988664 	 207.232765 	 47399.439774 	 2841286236.205748 
492 	 83.390089 	 203.727609 	 46123.547541 	 2739891995.291662 
493 	 85.126050 	 208.189200 	 48083.061966 	 2941674176.215878 
494 	 -19.429196 	 215.822864 	 50957.954108 	 3225434815.023428 
495 	 3.275494 	 212.267452 	 49473.212822 	 3083733230.398102 
496 	 74.302868 	 200.438741 	 45496.309489 	 2743691429.331899 
497 	 -59.757714 	 206.821461 	 48032.948189 	 3023406487.287400 
498 	 77.498167 	 202.309204 	 45603.825154 	 2698236194.903126 
499 	 120.634982 	 211.543835 	 49256.386148 	 3074583905.709972 
500 	 -1.521163 	 215.457789 	 51093.024166 	 3270464659.133187 

%ACCRATE = 0.893224

%%%%%%%%%%%%%%%%%%%%%%%%%%%%%%%%%%%%%%%%%%%%%%%%%%%%%%%%%%%%%%%%%%%%%%%%%%%
%KAPPA = 0.200000
%%%%%%%%%%%%%%%%%%%%%%%%%%%%%%%%%%%%%%%%%%%%%%%%%%%%%%%%%%%%%%%%%%%%%%%%%%%

501 	 -309.496825 	 309.496825 	 97159.936355 	 9924913627.770788 
502 	 -305.934101 	 305.934101 	 94985.030139 	 9497116079.856150 
503 	 -310.200634 	 310.200634 	 97546.990258 	 9964014498.110525 
504 	 -309.082123 	 309.082123 	 96777.027735 	 9809437034.211306 
505 	 -309.006195 	 309.006195 	 96822.619261 	 9851445155.366215 
506 	 -311.042275 	 311.042275 	 97815.879774 	 9961045443.554216 
507 	 -311.775081 	 311.775081 	 98351.266114 	 10094151411.610338 
508 	 -311.563517 	 311.563517 	 98510.248323 	 10174949985.539757 
509 	 -308.836271 	 308.836271 	 96612.011748 	 9779681865.309168 
510 	 -309.008739 	 309.008739 	 96877.017307 	 9873894827.442301 
511 	 -309.291794 	 309.291794 	 97005.143761 	 9881940379.093454 
512 	 -307.747891 	 307.747891 	 95985.483403 	 9669271802.487127 
513 	 -309.427575 	 309.428885 	 97378.859219 	 9994970754.067305 
514 	 -312.375192 	 312.375192 	 98678.309120 	 10144857660.720873 
515 	 -309.289318 	 309.289318 	 96937.750758 	 9853387071.504850 
516 	 -306.535144 	 306.535144 	 95562.855660 	 9651488770.285168 
517 	 -313.448110 	 313.448110 	 99349.410566 	 10281851728.351450 
518 	 -312.703809 	 312.703809 	 99006.899575 	 10246337627.890085 
519 	 -311.986610 	 311.986610 	 98566.879437 	 10157853858.127058 
520 	 -312.970763 	 312.970763 	 99127.010206 	 10259469408.531086 
521 	 -307.003697 	 307.003697 	 95530.756242 	 9577234980.159578 
522 	 -310.494635 	 310.494635 	 97662.907924 	 9984120191.307184 
523 	 -309.806095 	 309.806095 	 97372.386202 	 9975308243.883802 
524 	 -312.661456 	 312.661456 	 98989.523965 	 10250771868.055090 
525 	 -311.131191 	 311.131191 	 98105.948773 	 10082251950.621651 
526 	 -310.658300 	 310.658300 	 97812.977160 	 10020262585.889118 
527 	 -305.532864 	 305.532864 	 94964.062349 	 9564680870.129482 
528 	 -311.644828 	 311.644828 	 98510.865666 	 10180595311.789614 
529 	 -310.256231 	 310.256231 	 97455.161353 	 9933127947.627523 
530 	 -312.718915 	 312.718915 	 98915.881196 	 10203182748.984560 
531 	 -308.500139 	 308.500139 	 96552.609950 	 9800828635.606508 
532 	 -309.202027 	 309.202027 	 96850.957862 	 9818923726.590874 
533 	 -309.639110 	 309.639110 	 97292.991996 	 9962505337.625324 
534 	 -310.773164 	 310.773164 	 97750.413788 	 9980172670.235548 
535 	 -305.836231 	 305.836231 	 95113.575821 	 9563307763.916662 
536 	 -306.639582 	 306.639582 	 95507.262741 	 9632864065.865665 
537 	 -309.341678 	 309.341678 	 97030.137761 	 9893576332.362713 
538 	 -307.655421 	 307.655421 	 96044.142010 	 9708675543.772890 
539 	 -307.533517 	 307.533517 	 95952.826669 	 9676749232.329353 
540 	 -309.890306 	 309.890306 	 97272.886851 	 9915001426.452795 
541 	 -311.485948 	 311.485948 	 98222.435947 	 10079793087.569120 
542 	 -311.978381 	 311.978381 	 98464.139885 	 10119972479.969412 
543 	 -308.507397 	 308.507397 	 96594.041610 	 9831649025.957249 
544 	 -307.944410 	 307.944410 	 96020.598048 	 9643373721.927019 
545 	 -314.329549 	 314.329549 	 99858.927869 	 10362032852.373337 
546 	 -310.563535 	 310.563535 	 97682.166425 	 9986598529.204948 
547 	 -309.510472 	 309.510472 	 97242.074202 	 9954096232.043543 
548 	 -307.989611 	 307.989611 	 96036.604709 	 9649399780.631027 
549 	 -306.482754 	 306.482754 	 95555.974108 	 9677529584.413359 
550 	 -308.246702 	 308.246702 	 96591.257854 	 9864983929.706436 
551 	 -306.553880 	 306.553880 	 95331.721639 	 9551317128.664282 
552 	 -312.211574 	 312.211574 	 98790.136802 	 10223861085.217094 
553 	 -309.125387 	 309.125387 	 96804.014186 	 9811644696.984396 
554 	 -309.010757 	 309.010757 	 96838.984576 	 9840222720.476801 
555 	 -311.074529 	 311.074529 	 98089.378388 	 10096265797.866440 
556 	 -308.974635 	 308.974635 	 96803.775386 	 9840449115.874178 
557 	 -314.805493 	 314.805493 	 100310.341549 	 10504199566.720819 
558 	 -313.468644 	 313.468644 	 99374.008553 	 10288829820.341026 
559 	 -311.442404 	 311.442404 	 98359.610948 	 10142362727.175951 
560 	 -303.823689 	 303.823689 	 94176.351893 	 9438178263.953537 
561 	 -309.187682 	 309.187682 	 96918.577699 	 9864421270.619287 
562 	 -310.069859 	 310.069859 	 97548.064586 	 10005143150.770641 
563 	 -311.139701 	 311.139701 	 97889.162276 	 9978946804.898979 
564 	 -310.530075 	 310.530075 	 97869.375533 	 10057822494.890623 
565 	 -310.917393 	 310.917393 	 98006.207498 	 10078281418.079691 
566 	 -309.506776 	 309.506776 	 97243.450527 	 9950557547.952810 
567 	 -309.077301 	 309.077301 	 96775.138142 	 9815411374.502653 
568 	 -313.647694 	 313.647694 	 99492.224786 	 10316167462.944954 
569 	 -308.827867 	 308.827867 	 96754.276549 	 9849812064.683332 
570 	 -311.965278 	 311.965278 	 98581.733208 	 10176521812.113956 
571 	 -308.463352 	 308.523321 	 97171.876373 	 10024416497.518141 
572 	 -307.717225 	 307.717225 	 96157.020106 	 9751067679.339701 
573 	 -309.575749 	 309.575749 	 97124.882777 	 9888230837.388832 
574 	 -308.584703 	 308.584703 	 96782.918040 	 9882946883.667040 
575 	 -307.177202 	 307.177202 	 95813.722949 	 9669255357.061497 
576 	 -311.203895 	 311.203895 	 98110.024662 	 10083859454.473602 
577 	 -309.482456 	 309.482456 	 97080.816978 	 9877466083.837065 
578 	 -308.023811 	 308.023811 	 96449.235397 	 9822663938.106831 
579 	 -309.147321 	 309.147321 	 96782.491140 	 9803145357.973186 
580 	 -309.759141 	 309.759141 	 97206.657002 	 9898779812.902781 
581 	 -308.119532 	 308.119532 	 96415.527569 	 9803765358.313974 
582 	 -308.612493 	 308.612493 	 96560.846156 	 9804868754.124018 
583 	 -310.976056 	 310.976056 	 97920.659156 	 10024656448.087532 
584 	 -314.205267 	 314.205267 	 99891.572177 	 10407481488.922441 
585 	 -312.557220 	 312.557220 	 98814.128793 	 10179036548.134851 
586 	 -312.497960 	 312.497960 	 98848.852056 	 10208144227.160278 
587 	 -311.293087 	 311.293087 	 98190.409026 	 10105074346.322756 
588 	 -309.178017 	 309.178017 	 96867.990930 	 9839624094.555693 
589 	 -310.767387 	 310.767387 	 98004.215477 	 10082035886.427235 
590 	 -310.686796 	 310.686796 	 97800.518790 	 10023486574.983767 
591 	 -309.950882 	 309.950882 	 97294.861515 	 9906091465.144089 
592 	 -314.534294 	 314.534294 	 100062.491861 	 10428967793.648485 
593 	 -311.335354 	 311.335354 	 98083.294853 	 10039577863.497564 
594 	 -311.093010 	 311.093010 	 97922.044116 	 10009066144.870667 
595 	 -306.629685 	 306.629685 	 95319.658734 	 9534858985.565048 
596 	 -310.018849 	 310.018849 	 97380.102886 	 9937550432.280767 
597 	 -306.772280 	 306.772280 	 95790.235703 	 9718871758.549984 
598 	 -310.794598 	 310.794598 	 97812.252699 	 10008840016.222988 
599 	 -309.869610 	 309.869610 	 97330.743693 	 9937539032.699966 
600 	 -308.083779 	 308.083779 	 96611.011540 	 9865256428.718357 

%ACCRATE = 0.883581

%%%%%%%%%%%%%%%%%%%%%%%%%%%%%%%%%%%%%%%%%%%%%%%%%%%%%%%%%%%%%%%%%%%%%%%%%%%
%KAPPA = 0.210000
%%%%%%%%%%%%%%%%%%%%%%%%%%%%%%%%%%%%%%%%%%%%%%%%%%%%%%%%%%%%%%%%%%%%%%%%%%%

601 	 -363.468902 	 363.468902 	 132644.838991 	 17871898221.462349 
602 	 -364.112605 	 364.112605 	 133140.836183 	 18017974106.118870 
603 	 -362.556442 	 362.556442 	 132061.602302 	 17754787918.518867 
604 	 -364.558289 	 364.558289 	 133447.938318 	 18091088744.918251 
605 	 -363.100927 	 363.100927 	 132436.643600 	 17843747448.583401 
606 	 -364.585571 	 364.585571 	 133482.583510 	 18108163499.906166 
607 	 -364.023772 	 364.023772 	 133088.213639 	 18009791874.627205 
608 	 -362.312123 	 362.312123 	 131949.020932 	 17753353268.658096 
609 	 -363.598539 	 363.598539 	 132828.079644 	 17965277235.055042 
610 	 -362.889484 	 362.889484 	 132241.058939 	 17773199106.439342 
611 	 -364.266148 	 364.266148 	 133303.155897 	 18085574454.064999 
612 	 -362.379977 	 362.379977 	 131976.931159 	 17754276927.631977 
613 	 -363.766634 	 363.766634 	 132952.074260 	 17996142579.038685 
614 	 -363.254178 	 363.254178 	 132564.739507 	 17886478309.452320 
615 	 -362.428660 	 362.428660 	 132024.542733 	 17771124618.784801 
616 	 -363.917886 	 363.917886 	 133040.714069 	 18008573178.002808 
617 	 -363.318992 	 363.318992 	 132590.420214 	 17883542074.602673 
618 	 -362.706053 	 362.706053 	 132175.482366 	 17786826661.538651 
619 	 -364.689511 	 364.689511 	 133584.162666 	 18147301012.593655 
620 	 -362.137280 	 362.137280 	 131797.114816 	 17700559355.178993 
621 	 -364.098532 	 364.098532 	 133151.039301 	 18030924438.921803 
622 	 -362.905418 	 362.905418 	 132317.421740 	 17822527596.493851 
623 	 -363.912158 	 363.912158 	 133103.263085 	 18053323626.953587 
624 	 -363.314599 	 363.314599 	 132585.239631 	 17882576304.068073 
625 	 -364.816308 	 364.816308 	 133685.479643 	 18178873647.635647 
626 	 -364.224430 	 364.224430 	 133239.347035 	 18053914696.260017 
627 	 -363.012972 	 363.012972 	 132388.526336 	 17840788495.024052 
628 	 -364.339085 	 364.339085 	 133370.384495 	 18112568075.051445 
629 	 -364.574833 	 364.574833 	 133475.787126 	 18109278561.505344 
630 	 -362.744537 	 362.744537 	 132212.747149 	 17802244484.608501 
631 	 -364.922057 	 364.922057 	 133705.363158 	 18159107707.322376 
632 	 -363.138623 	 363.138623 	 132457.682695 	 17848276540.332729 
633 	 -362.275172 	 362.275172 	 131896.399875 	 17724417439.027214 
634 	 -363.549157 	 363.549157 	 132779.810326 	 17945618493.303696 
635 	 -364.898269 	 364.898269 	 133757.122863 	 18205146112.933022 
636 	 -363.696818 	 363.696818 	 132883.843807 	 17972802821.103607 
637 	 -361.308615 	 361.308615 	 131158.362756 	 17512728959.288414 
638 	 -362.605710 	 362.605710 	 132090.352951 	 17759986381.624069 
639 	 -362.815135 	 362.815135 	 132233.027445 	 17791004458.452175 
640 	 -365.050617 	 365.050617 	 133827.640439 	 18203263292.800228 
641 	 -365.284359 	 365.284359 	 133966.475769 	 18228186585.239155 
642 	 -362.392945 	 362.392945 	 131964.041100 	 17739360138.721851 
643 	 -361.681290 	 361.681290 	 131423.297858 	 17582663301.610703 
644 	 -362.819873 	 362.819873 	 132251.643015 	 17805586602.139561 
645 	 -361.851228 	 361.851228 	 131581.581769 	 17641201935.295589 
646 	 -365.043594 	 365.043594 	 133824.643748 	 18204470533.685608 
647 	 -364.036678 	 364.036678 	 133142.977727 	 18045840101.700195 
648 	 -362.274472 	 362.274472 	 131900.709174 	 17729082354.460861 
649 	 -364.313612 	 364.313612 	 133283.222621 	 18055474669.708801 
650 	 -362.461053 	 362.461053 	 132010.107438 	 17750622486.227253 
651 	 -363.858910 	 363.858910 	 132995.351644 	 17997838792.738522 
652 	 -362.444661 	 362.444661 	 131942.485240 	 17705906368.757408 
653 	 -362.878513 	 362.878513 	 132280.248479 	 17807401075.687252 
654 	 -364.098349 	 364.098349 	 133112.467522 	 18001892853.425167 
655 	 -364.095490 	 364.095490 	 133139.039488 	 18021847439.191353 
656 	 -361.875057 	 361.875057 	 131574.579433 	 17627574114.919956 
657 	 -362.605559 	 362.605559 	 132085.123381 	 17754189724.875683 
658 	 -364.997517 	 364.997517 	 133765.616319 	 18176571211.061073 
659 	 -362.148985 	 362.148985 	 131777.617532 	 17685507251.815441 
660 	 -361.423430 	 361.423430 	 131268.112280 	 17556444214.492706 
661 	 -360.093078 	 360.093078 	 130335.752420 	 17324265372.572063 
662 	 -362.287974 	 362.287974 	 131910.393539 	 17729591120.157558 
663 	 -364.717254 	 364.717254 	 133619.850989 	 18165487609.448483 
664 	 -363.126402 	 363.126402 	 132488.129762 	 17873517566.304226 
665 	 -364.086346 	 364.086346 	 133094.322647 	 17991221080.048729 
666 	 -361.535861 	 361.535861 	 131356.541145 	 17580722961.863316 
667 	 -363.950247 	 363.950247 	 133068.552212 	 18020223449.506767 
668 	 -362.576241 	 362.576241 	 132152.453479 	 17806279135.481392 
669 	 -362.007778 	 362.007778 	 131653.724246 	 17641670963.828766 
670 	 -362.897952 	 362.897952 	 132340.896663 	 17840586532.625980 
671 	 -363.043115 	 363.043115 	 132423.448085 	 17856192644.266819 
672 	 -362.081687 	 362.081687 	 131735.132636 	 17674717993.206627 
673 	 -362.733968 	 362.733968 	 132194.815087 	 17792128960.015366 
674 	 -362.823890 	 362.823890 	 132222.766589 	 17781331413.576797 
675 	 -364.896528 	 364.896528 	 133739.676747 	 18191029817.972942 
676 	 -363.508153 	 363.508153 	 132742.034869 	 17929987453.224964 
677 	 -363.460135 	 363.460135 	 132711.914966 	 17924912615.413742 
678 	 -363.849501 	 363.849501 	 132991.034049 	 17997206286.913933 
679 	 -361.485062 	 361.485062 	 131355.293434 	 17597356280.932423 
680 	 -362.481649 	 362.481649 	 132004.594916 	 17736472706.635170 
681 	 -363.762905 	 363.762905 	 132957.234892 	 18003558341.178986 
682 	 -362.900987 	 362.900987 	 132305.593773 	 17817518891.248421 
683 	 -362.791823 	 362.791823 	 132191.886855 	 17769381078.126732 
684 	 -363.907198 	 363.907198 	 133072.001222 	 18034999800.391815 
685 	 -363.092012 	 363.092012 	 132454.725077 	 17862810075.978439 
686 	 -363.082407 	 363.082407 	 132437.049970 	 17851208996.691444 
687 	 -362.916319 	 362.916319 	 132323.868424 	 17824525963.181564 
688 	 -364.681523 	 364.681523 	 133578.596841 	 18147309636.019863 
689 	 -364.053763 	 364.053763 	 133162.679735 	 18053162558.174984 
690 	 -360.860151 	 360.860151 	 130944.347232 	 17509530761.870930 
691 	 -362.355245 	 362.355245 	 131895.776324 	 17697478556.447899 
692 	 -362.258792 	 362.258792 	 131867.948215 	 17708866172.715084 
693 	 -361.671948 	 361.671948 	 131426.868475 	 17588166141.029850 
694 	 -362.174903 	 362.174903 	 131783.013656 	 17680707594.783627 
695 	 -361.744416 	 361.744416 	 131499.612018 	 17616551809.700577 
696 	 -363.280819 	 363.280819 	 132589.364964 	 17896602204.602390 
697 	 -361.267107 	 361.267107 	 131153.153383 	 17524847365.559723 
698 	 -362.758052 	 362.758052 	 132189.589667 	 17778652411.321167 
699 	 -362.686841 	 362.686841 	 132201.311173 	 17812345963.653728 
700 	 -361.472026 	 361.472026 	 131245.940628 	 17524387046.636330 

%ACCRATE = 0.875390

%%%%%%%%%%%%%%%%%%%%%%%%%%%%%%%%%%%%%%%%%%%%%%%%%%%%%%%%%%%%%%%%%%%%%%%%%%%
%KAPPA = 0.220000
%%%%%%%%%%%%%%%%%%%%%%%%%%%%%%%%%%%%%%%%%%%%%%%%%%%%%%%%%%%%%%%%%%%%%%%%%%%

701 	 -398.082537 	 398.082537 	 158867.663041 	 25487225835.230461 
702 	 -400.427486 	 400.427486 	 160697.408097 	 26048485941.208267 
703 	 -399.482303 	 399.482303 	 159979.115698 	 25839315092.490013 
704 	 -398.665992 	 398.665992 	 159332.293569 	 25635186442.236103 
705 	 -399.318999 	 399.318999 	 159869.433775 	 25817259268.237961 
706 	 -399.156910 	 399.156910 	 159710.839397 	 25748931058.181767 
707 	 -401.238200 	 401.238200 	 161361.058205 	 26271195227.641758 
708 	 -399.356704 	 399.356704 	 159880.646964 	 25809626701.050800 
709 	 -399.812610 	 399.812610 	 160235.664373 	 25918315742.940975 
710 	 -398.869124 	 398.869124 	 159493.023139 	 25684940337.969486 
711 	 -398.086178 	 398.086178 	 158887.027047 	 25501927061.555580 
712 	 -397.948733 	 397.948733 	 158781.605821 	 25470595023.546288 
713 	 -398.979795 	 398.979795 	 159568.155346 	 25702541340.204273 
714 	 -398.193765 	 398.193765 	 158943.291384 	 25503594201.775917 
715 	 -399.275912 	 399.275912 	 159802.030741 	 25776242520.156319 
716 	 -399.770334 	 399.770334 	 160213.149122 	 25918079412.745861 
717 	 -398.421215 	 398.421215 	 159138.874153 	 25574857452.715023 
718 	 -399.382057 	 399.382057 	 159902.709253 	 25817483004.603367 
719 	 -399.275324 	 399.275324 	 159808.439886 	 25780773063.410984 
720 	 -399.171407 	 399.171407 	 159707.183290 	 25738661117.174438 
721 	 -399.136712 	 399.136712 	 159679.383446 	 25730274053.045380 
722 	 -398.877419 	 398.877419 	 159521.371162 	 25707440941.335808 
723 	 -398.442822 	 398.442822 	 159147.372745 	 25572415627.704636 
724 	 -399.877743 	 399.877743 	 160305.871891 	 25950611276.766476 
725 	 -398.652490 	 398.652490 	 159313.894089 	 25625322329.407585 
726 	 -399.012196 	 399.012196 	 159587.026357 	 25704690745.451248 
727 	 -398.999578 	 398.999578 	 159578.120638 	 25702842343.013733 
728 	 -398.800907 	 398.800907 	 159431.997543 	 25663280434.949844 
729 	 -397.723473 	 397.723473 	 158566.098338 	 25381817766.431606 
730 	 -398.645529 	 398.645529 	 159294.750029 	 25611340171.734673 
731 	 -398.956681 	 398.956681 	 159576.453213 	 25719160076.739319 
732 	 -397.733939 	 397.733939 	 158575.858853 	 25385805869.265648 
733 	 -399.527084 	 399.527084 	 160016.595463 	 25853432819.670979 
734 	 -399.050047 	 399.050047 	 159651.726077 	 25744072966.150898 
735 	 -400.618032 	 400.618032 	 160865.477320 	 26112656397.929558 
736 	 -399.276049 	 399.276049 	 159812.904372 	 25786472415.317928 
737 	 -398.738115 	 398.738115 	 159379.801314 	 25644516960.718143 
738 	 -399.149306 	 399.149306 	 159715.008838 	 25756205833.998680 
739 	 -399.082956 	 399.082956 	 159664.749634 	 25742591311.767761 
740 	 -398.982823 	 398.982823 	 159561.157949 	 25695126275.249943 
741 	 -399.360848 	 399.360848 	 159865.370890 	 25793695305.677536 
742 	 -399.573480 	 399.573480 	 160052.930753 	 25865248513.064220 
743 	 -398.584274 	 398.584274 	 159257.825705 	 25605657998.961666 
744 	 -399.210874 	 399.210874 	 159752.846735 	 25762061993.691132 
745 	 -398.693191 	 398.693191 	 159342.986793 	 25632527270.418671 
746 	 -400.077465 	 400.077465 	 160435.665263 	 25974644080.861179 
747 	 -399.024488 	 399.024488 	 159614.021376 	 25723009477.876354 
748 	 -399.052732 	 399.052732 	 159635.655491 	 25729346540.993637 
749 	 -398.215362 	 398.215362 	 158970.376071 	 25517272164.892704 
750 	 -399.180153 	 399.180153 	 159736.708201 	 25761093799.291534 
751 	 -398.912413 	 398.912413 	 159519.393893 	 25689741856.029232 
752 	 -399.196737 	 399.196737 	 159737.811093 	 25754216377.499332 
753 	 -399.175532 	 399.175532 	 159713.240787 	 25741763180.028114 
754 	 -398.434724 	 398.434724 	 159130.481388 	 25560247564.472271 
755 	 -399.787020 	 399.787020 	 160213.518458 	 25909000518.128838 
756 	 -398.932794 	 398.932794 	 159536.145850 	 25695063718.175755 
757 	 -400.937526 	 400.937526 	 161115.507293 	 26190066782.540714 
758 	 -399.727416 	 399.727416 	 160155.936036 	 25886098771.777534 
759 	 -398.958490 	 398.958490 	 159568.750043 	 25713676326.645756 
760 	 -398.674583 	 398.674583 	 159320.727475 	 25621174965.918163 
761 	 -398.700358 	 398.700358 	 159369.242232 	 25650350163.628384 
762 	 -399.206355 	 399.206355 	 159763.116533 	 25773255217.471352 
763 	 -399.563253 	 399.563253 	 160028.218771 	 25847035716.791782 
764 	 -398.598911 	 398.598911 	 159264.328119 	 25604420074.654270 
765 	 -398.572862 	 398.572862 	 159251.868847 	 25606009887.119434 
766 	 -399.641406 	 399.641406 	 160091.997935 	 25868710956.718224 
767 	 -398.425897 	 398.425897 	 159162.669766 	 25594225175.672966 
768 	 -398.304230 	 398.304230 	 159038.839497 	 25538466760.565891 
769 	 -397.504982 	 397.504982 	 158406.555925 	 25339012086.021931 
770 	 -401.763862 	 401.763862 	 161791.056141 	 26415883355.205505 
771 	 -399.177599 	 399.177599 	 159709.471362 	 25738184331.736889 
772 	 -399.090152 	 399.090152 	 159656.333809 	 25730210276.298748 
773 	 -398.315048 	 398.315048 	 159052.416793 	 25546614623.224705 
774 	 -398.987616 	 398.987616 	 159563.236937 	 25694560393.123608 
775 	 -397.789739 	 397.789739 	 158654.063527 	 25430069219.556961 
776 	 -398.312548 	 398.312548 	 159039.506710 	 25535237676.363617 
777 	 -397.919544 	 397.919544 	 158750.901110 	 25457857373.297211 
778 	 -398.719419 	 398.719419 	 159377.573594 	 25651392874.226551 
779 	 -399.715329 	 399.715329 	 160148.141982 	 25883442314.113800 
780 	 -397.942594 	 397.942594 	 158768.903106 	 25463318123.742210 
781 	 -399.517043 	 399.517043 	 159993.732770 	 25836041340.831158 
782 	 -399.644361 	 399.644361 	 160097.167548 	 25870491785.025246 
783 	 -398.812042 	 398.812042 	 159438.607332 	 25663384657.657436 
784 	 -399.897783 	 399.897783 	 160288.160096 	 25924948423.131390 
785 	 -399.524567 	 399.524567 	 159994.369881 	 25834069934.700436 
786 	 -398.171556 	 398.171556 	 158942.152528 	 25513421708.867817 
787 	 -397.760776 	 397.760776 	 158614.112838 	 25407173052.350307 
788 	 -399.337938 	 399.337938 	 159859.289765 	 25797084161.439026 
789 	 -398.285724 	 398.285724 	 159035.519424 	 25544670987.851856 
790 	 -398.739820 	 398.739820 	 159377.737048 	 25641643298.093639 
791 	 -398.228974 	 398.228974 	 158984.081325 	 25523846571.854282 
792 	 -398.998896 	 398.998896 	 159579.002624 	 25702163407.709412 
793 	 -398.450527 	 398.450527 	 159172.943824 	 25590975450.730679 
794 	 -399.300641 	 399.300641 	 159810.255980 	 25771394785.879818 
795 	 -399.298872 	 399.298872 	 159816.165022 	 25778031132.443237 
796 	 -399.544462 	 399.544462 	 159999.083413 	 25829163150.638344 
797 	 -398.736346 	 398.736346 	 159378.003113 	 25643322968.895767 
798 	 -399.362756 	 399.362756 	 159884.577767 	 25810510992.288467 
799 	 -398.074713 	 398.074713 	 158847.741657 	 25472740432.696457 
800 	 -397.722023 	 397.722023 	 158578.541757 	 25393254310.288502 

%ACCRATE = 0.869184

%%%%%%%%%%%%%%%%%%%%%%%%%%%%%%%%%%%%%%%%%%%%%%%%%%%%%%%%%%%%%%%%%%%%%%%%%%%
%KAPPA = 0.230000
%%%%%%%%%%%%%%%%%%%%%%%%%%%%%%%%%%%%%%%%%%%%%%%%%%%%%%%%%%%%%%%%%%%%%%%%%%%

801 	 -425.916704 	 425.916704 	 181677.416771 	 33201858932.639458 
802 	 -426.025670 	 426.025670 	 181771.664278 	 33236775820.170120 
803 	 -426.815115 	 426.815115 	 182448.657976 	 33487331720.577499 
804 	 -426.127332 	 426.127332 	 181867.668295 	 33279147733.274662 
805 	 -425.963442 	 425.963442 	 181713.103086 	 33212711151.152168 
806 	 -425.975408 	 425.975408 	 181749.191507 	 33243454347.532661 
807 	 -426.108622 	 426.108622 	 181844.673628 	 33266618494.802006 
808 	 -425.786229 	 425.786229 	 181572.852591 	 33168334974.552837 
809 	 -426.652993 	 426.652993 	 182296.226116 	 33421863128.246593 
810 	 -426.133532 	 426.133532 	 181869.057322 	 33277215125.481907 
811 	 -427.092785 	 427.092785 	 182666.011711 	 33553475480.538952 
812 	 -426.463458 	 426.463458 	 182140.990671 	 33369301124.019512 
813 	 -426.907450 	 426.907450 	 182510.202203 	 33498074067.430244 
814 	 -426.362011 	 426.362011 	 182062.056986 	 33346342455.280582 
815 	 -426.205473 	 426.205473 	 181917.478396 	 33286145626.483826 
816 	 -425.923923 	 425.923923 	 181700.122339 	 33222456706.847443 
817 	 -425.955802 	 425.955802 	 181705.863592 	 33209256622.721882 
818 	 -425.914680 	 425.914680 	 181672.991460 	 33198435816.719139 
819 	 -426.411126 	 426.411126 	 182091.741747 	 33348987432.579342 
820 	 -425.748768 	 425.748768 	 181525.873962 	 33140632741.428936 
821 	 -426.768492 	 426.768492 	 182400.965259 	 33464788187.050568 
822 	 -425.769490 	 425.769490 	 181566.220384 	 33172603878.675194 
823 	 -427.577424 	 427.577424 	 183087.739410 	 33712870506.114262 
824 	 -426.391494 	 426.391494 	 182079.738814 	 33347781781.122231 
825 	 -425.757925 	 425.757925 	 181559.257000 	 33171375504.107204 
826 	 -426.887662 	 426.887662 	 182509.635086 	 33509060810.605156 
827 	 -427.188643 	 427.188643 	 182762.826073 	 33599126613.483063 
828 	 -426.214133 	 426.214133 	 181934.253876 	 33298245922.306770 
829 	 -426.347093 	 426.347093 	 182035.215611 	 33326646523.479042 
830 	 -426.212669 	 426.212669 	 181928.032765 	 33292360945.063282 
831 	 -426.946263 	 426.946263 	 182558.540430 	 33526127889.609158 
832 	 -427.247684 	 427.247684 	 182803.635955 	 33607330547.932880 
833 	 -426.319199 	 426.319199 	 182022.007610 	 33328758842.320545 
834 	 -426.085891 	 426.085891 	 181827.620997 	 33261396991.800858 
835 	 -427.555808 	 427.555808 	 183064.003741 	 33701161205.614956 
836 	 -425.929951 	 425.929951 	 181693.406800 	 33211675618.714424 
837 	 -426.040194 	 426.040194 	 181780.087174 	 33237585236.188862 
838 	 -426.036313 	 426.036313 	 181783.415026 	 33244076733.138489 
839 	 -425.895633 	 425.895633 	 181656.642205 	 33192890884.136063 
840 	 -425.663894 	 425.663894 	 181469.136472 	 33131108981.987305 
841 	 -425.408921 	 425.408921 	 181248.537046 	 33048608124.954975 
842 	 -426.870799 	 426.870799 	 182483.632782 	 33491135820.784618 
843 	 -426.174761 	 426.174761 	 181905.320136 	 33291319316.127312 
844 	 -426.593745 	 426.593745 	 182253.864690 	 33412963336.056236 
845 	 -427.153143 	 427.153143 	 182725.410016 	 33580189307.991348 
846 	 -425.605112 	 425.605112 	 181420.411190 	 33115070892.701080 
847 	 -426.095009 	 426.095009 	 181829.077052 	 33257779347.432201 
848 	 -425.869998 	 425.869998 	 181634.624258 	 33184468273.158600 
849 	 -426.378656 	 426.378656 	 182072.112391 	 33346914460.127594 
850 	 -426.375572 	 426.375572 	 182055.895105 	 33331273305.134949 
851 	 -426.416175 	 426.416175 	 182099.150240 	 33353174867.822968 
852 	 -426.370427 	 426.370427 	 182048.611270 	 33327631201.556129 
853 	 -425.727355 	 425.727355 	 181507.947174 	 33134676605.950508 
854 	 -425.852362 	 425.852362 	 181622.745822 	 33182820247.362381 
855 	 -426.344386 	 426.344386 	 182038.639611 	 33332142893.732849 
856 	 -426.284540 	 426.284540 	 181989.116487 	 33314446964.939976 
857 	 -427.147950 	 427.147950 	 182723.266022 	 33581223625.816406 
858 	 -425.528494 	 425.528494 	 181350.601579 	 33086104928.225819 
859 	 -425.918501 	 425.918501 	 181689.443746 	 33214158738.856831 
860 	 -426.976567 	 426.976567 	 182572.698092 	 33523537153.707375 
861 	 -425.897160 	 425.897160 	 181659.170333 	 33194773655.309807 
862 	 -426.658104 	 426.658104 	 182298.073177 	 33421267949.358562 
863 	 -426.804950 	 426.804950 	 182421.127822 	 33464020434.159454 
864 	 -425.997627 	 425.997627 	 181759.404737 	 33241956439.169388 
865 	 -425.824640 	 425.824640 	 181595.027714 	 33169839258.649612 
866 	 -426.306036 	 426.306036 	 181995.372821 	 33308702865.132755 
867 	 -426.366478 	 426.366478 	 182066.084148 	 33348448246.531788 
868 	 -426.817028 	 426.817028 	 182436.430762 	 33473470833.538437 
869 	 -426.190880 	 426.190880 	 181909.605887 	 33285576886.154305 
870 	 -425.724778 	 425.724778 	 181513.358385 	 33142117184.060867 
871 	 -426.421483 	 426.421483 	 182102.210046 	 33353713629.657364 
872 	 -426.122702 	 426.122702 	 181849.452122 	 33262839133.647949 
873 	 -426.196365 	 426.196365 	 181902.130718 	 33274665240.112411 
874 	 -426.063340 	 426.063340 	 181805.204738 	 33251136860.199329 
875 	 -426.257223 	 426.257223 	 181962.239149 	 33302230420.757980 
876 	 -425.687096 	 425.687096 	 181488.907686 	 33138788477.375237 
877 	 -425.988549 	 425.988549 	 181730.195218 	 33215829007.142300 
878 	 -425.888551 	 425.888551 	 181674.032051 	 33215660756.997711 
879 	 -426.207174 	 426.207174 	 181925.093885 	 33292261878.948437 
880 	 -425.784636 	 425.784636 	 181570.049135 	 33166773668.834892 
881 	 -426.716566 	 426.716566 	 182363.864116 	 33455936309.556595 
882 	 -426.076946 	 426.076946 	 181828.735327 	 33268209743.256283 
883 	 -425.712689 	 425.712689 	 181510.080166 	 33146230160.236214 
884 	 -425.796311 	 425.796311 	 181576.595211 	 33167282312.643227 
885 	 -426.415365 	 426.415365 	 182095.945412 	 33350532323.612457 
886 	 -425.770033 	 425.770033 	 181552.991680 	 33157522870.944832 
887 	 -425.850053 	 425.850053 	 181627.129310 	 33188630993.900356 
888 	 -426.692509 	 426.692509 	 182328.286290 	 33432493424.867336 
889 	 -425.888328 	 425.888328 	 181666.289047 	 33207478296.428192 
890 	 -425.573879 	 425.573879 	 181399.050890 	 33110693957.790718 
891 	 -425.153874 	 425.153874 	 181038.748873 	 32977247770.325508 
892 	 -426.057591 	 426.057591 	 181798.757829 	 33247506807.146851 
893 	 -426.315102 	 426.315102 	 182021.493450 	 33330870119.399445 
894 	 -426.404006 	 426.404006 	 182090.280199 	 33351257158.015408 
895 	 -425.947345 	 425.947345 	 181713.059847 	 33222216942.196030 
896 	 -426.330766 	 426.330766 	 182050.755906 	 33353031359.366627 
897 	 -427.254685 	 427.254685 	 182820.168757 	 33620593194.385300 
898 	 -426.343622 	 426.343622 	 182044.206756 	 33338519305.708920 
899 	 -426.347103 	 426.347103 	 182053.601547 	 33346672517.949520 
900 	 -425.291343 	 425.291343 	 181153.867831 	 33017830787.099670 

%ACCRATE = 0.862959
