%%%%%%%%%%%%%%%%%%%%%%%%%%%%%%%%%%%%%%%%%%%%%%%%%%%%%%%%%%%%%%%%%%%%%%%%%%%
%SIMULAZIONE D = 3, L = 6, V = 216
%NUMERO DI MISURE PER OGNI KAPPA: T = 100
%%%%%%%%%%%%%%%%%%%%%%%%%%%%%%%%%%%%%%%%%%%%%%%%%%%%%%%%%%%%%%%%%%%%%%%%%%%

%%%%%%%%%%%%%%%%%%%%%%%%%%%%%%%%%%%%%%%%%%%%%%%%%%%%%%%%%%%%%%%%%%%%%%%%%%%
%KAPPA = 0.150000
%%%%%%%%%%%%%%%%%%%%%%%%%%%%%%%%%%%%%%%%%%%%%%%%%%%%%%%%%%%%%%%%%%%%%%%%%%%

1 	 0.421869 	 23.523709 	 843.980431 	 1949408.246183 
2 	 1.468908 	 22.977464 	 810.151161 	 1782052.555715 
3 	 0.764743 	 23.602067 	 867.242658 	 2115283.401619 
4 	 -0.569016 	 22.920301 	 819.188601 	 1900078.793150 
5 	 -0.511393 	 23.739995 	 871.276805 	 2105175.281857 
6 	 1.002524 	 23.185917 	 834.714673 	 1960812.740654 
7 	 1.620508 	 23.062337 	 835.835516 	 2079860.720031 
8 	 1.163004 	 22.845385 	 803.211646 	 1802872.711400 
9 	 0.645758 	 22.718214 	 802.757424 	 1816318.036719 
10 	 -0.224263 	 23.252233 	 829.144567 	 1888629.164221 
11 	 -0.445271 	 22.818736 	 806.880405 	 1872747.068320 
12 	 1.214729 	 23.517862 	 853.553235 	 2057503.514662 
13 	 -3.300911 	 23.170553 	 833.449576 	 2003365.957323 
14 	 1.466049 	 23.487112 	 836.009586 	 1874899.479205 
15 	 2.011874 	 22.873705 	 798.663097 	 1737890.329116 
16 	 -3.131378 	 22.787150 	 792.143230 	 1713429.628133 
17 	 -0.906123 	 21.888397 	 749.519293 	 1618464.474489 
18 	 2.079993 	 23.117675 	 846.410499 	 2100465.529521 
19 	 1.864985 	 21.890202 	 757.851272 	 1708482.931854 
20 	 1.514193 	 21.737977 	 742.851024 	 1691364.039020 
21 	 1.037339 	 22.176671 	 773.630087 	 1760860.880237 
22 	 0.724900 	 22.358044 	 785.656352 	 1804666.598640 
23 	 -0.788886 	 23.092721 	 821.218459 	 1857775.418608 
24 	 -0.935399 	 22.868216 	 802.891417 	 1754465.611582 
25 	 1.125164 	 23.241535 	 835.629502 	 1947367.647936 
26 	 -0.274573 	 22.356768 	 775.064726 	 1714135.084878 
27 	 -0.939958 	 22.982600 	 814.089978 	 1842507.633905 
28 	 1.751536 	 22.733282 	 801.428517 	 1780982.375771 
29 	 0.816361 	 22.683654 	 784.849243 	 1701555.659758 
30 	 -0.138812 	 22.000718 	 752.206997 	 1621608.591795 
31 	 -0.313828 	 23.980897 	 881.871048 	 2071805.175184 
32 	 -0.665002 	 22.586311 	 802.555521 	 1937991.072353 
33 	 0.208686 	 22.319019 	 777.576336 	 1705373.406103 
34 	 -1.809815 	 21.612246 	 726.354191 	 1487703.835052 
35 	 -1.695550 	 23.643530 	 847.562965 	 1967432.887849 
36 	 -2.821917 	 23.918787 	 869.095097 	 2032565.395632 
37 	 0.022641 	 23.389931 	 857.428780 	 2198436.013871 
38 	 0.248253 	 22.882332 	 813.466414 	 1858408.865424 
39 	 1.140051 	 23.600530 	 854.600348 	 2002703.921166 
40 	 -3.107489 	 23.222188 	 826.337933 	 1834310.143418 
41 	 -0.659967 	 23.494756 	 868.655234 	 2262160.864374 
42 	 0.379751 	 23.995716 	 887.822641 	 2220052.459968 
43 	 -1.529463 	 23.977279 	 893.052117 	 2250904.817575 
44 	 0.507379 	 22.715551 	 795.801845 	 1759117.742597 
45 	 -0.033684 	 23.173885 	 833.201938 	 1957355.008411 
46 	 1.533373 	 22.514964 	 801.384829 	 1957368.004361 
47 	 -0.152008 	 22.160964 	 765.920257 	 1705394.332626 
48 	 0.540238 	 22.256536 	 774.055013 	 1774396.374871 
49 	 -0.480613 	 21.738886 	 727.044326 	 1504774.296115 
50 	 1.168511 	 23.644975 	 874.935234 	 2235004.067197 
51 	 -1.107870 	 23.801083 	 860.311403 	 1934296.076824 
52 	 1.658671 	 23.216493 	 837.479585 	 2055219.314105 
53 	 -1.574198 	 23.088657 	 817.349547 	 1887695.613721 
54 	 -1.581669 	 23.363617 	 836.663589 	 1909570.286523 
55 	 -1.512268 	 24.503004 	 917.749476 	 2345464.341692 
56 	 -1.727575 	 22.856690 	 799.881210 	 1742215.392570 
57 	 1.384889 	 23.567939 	 856.425990 	 2049420.496120 
58 	 2.813813 	 22.354851 	 778.950294 	 1753373.294347 
59 	 0.372332 	 23.003942 	 809.234325 	 1784458.300952 
60 	 0.596911 	 22.919488 	 810.202798 	 1809188.635318 
61 	 1.207051 	 22.992950 	 821.399651 	 1942123.381020 
62 	 -1.695972 	 23.145310 	 825.693764 	 1915124.114433 
63 	 2.451392 	 22.107369 	 751.591092 	 1544573.377373 
64 	 1.464298 	 22.252122 	 757.099921 	 1550079.471628 
65 	 1.530159 	 23.505911 	 854.341669 	 2035271.922698 
66 	 -0.275885 	 22.531104 	 784.887753 	 1743907.550613 
67 	 2.375860 	 22.357017 	 782.310737 	 1765408.008361 
68 	 -3.039610 	 24.497632 	 923.263468 	 2425129.213913 
69 	 -0.685048 	 21.766962 	 748.895623 	 1670995.850098 
70 	 1.067573 	 21.724396 	 727.600089 	 1484615.712904 
71 	 1.131515 	 22.673657 	 792.095481 	 1735588.954483 
72 	 -1.235921 	 22.043563 	 752.380782 	 1626523.252983 
73 	 1.056474 	 23.551014 	 843.163411 	 1907227.551064 
74 	 -0.894982 	 22.969612 	 826.433565 	 1982020.289902 
75 	 -2.310477 	 22.464586 	 775.604035 	 1690277.847854 
76 	 -0.698816 	 22.298834 	 790.333579 	 1947991.370722 
77 	 1.641246 	 22.522651 	 782.628006 	 1762827.990900 
78 	 -0.685815 	 21.938635 	 744.138122 	 1592286.912031 
79 	 1.909046 	 23.271632 	 827.255658 	 1881402.814795 
80 	 -1.982274 	 24.079146 	 894.931801 	 2265033.217418 
81 	 1.431534 	 23.450443 	 844.904723 	 2020477.098688 
82 	 0.014083 	 22.861864 	 804.739784 	 1831541.765230 
83 	 0.975559 	 23.101569 	 829.323039 	 1984658.657517 
84 	 0.308945 	 23.637092 	 856.657897 	 2025469.034528 
85 	 0.758609 	 22.606362 	 799.554783 	 1846201.507488 
86 	 -0.911336 	 22.639467 	 794.079952 	 1793233.235258 
87 	 -0.278541 	 23.177930 	 838.371872 	 2053842.372222 
88 	 2.784439 	 23.430944 	 857.731095 	 2110334.712610 
89 	 0.979398 	 23.220179 	 840.008260 	 1956067.988634 
90 	 -0.891344 	 22.226501 	 758.182736 	 1577910.008226 
91 	 -0.519682 	 22.831166 	 786.635937 	 1636205.359544 
92 	 2.199846 	 22.426999 	 777.941555 	 1732889.771232 
93 	 2.194094 	 22.489117 	 797.455063 	 1944750.819061 
94 	 0.426525 	 22.813899 	 801.797706 	 1842885.602288 
95 	 0.583593 	 24.312038 	 919.824352 	 2450685.625588 
96 	 2.106362 	 22.228318 	 760.148509 	 1637936.002692 
97 	 -1.724554 	 22.872574 	 817.888235 	 1973425.766842 
98 	 -0.514716 	 23.020365 	 818.488891 	 1887452.989248 
99 	 -0.793248 	 22.002579 	 750.016499 	 1600145.219353 
100 	 -1.028682 	 23.456422 	 850.346504 	 2026913.177291 

%ACCRATE = 0.896686

%%%%%%%%%%%%%%%%%%%%%%%%%%%%%%%%%%%%%%%%%%%%%%%%%%%%%%%%%%%%%%%%%%%%%%%%%%%
%KAPPA = 0.160000
%%%%%%%%%%%%%%%%%%%%%%%%%%%%%%%%%%%%%%%%%%%%%%%%%%%%%%%%%%%%%%%%%%%%%%%%%%%

101 	 -2.964641 	 26.415735 	 1075.300692 	 3215858.729142 
102 	 -1.837617 	 28.228269 	 1242.217710 	 4382553.581771 
103 	 -0.866445 	 28.084506 	 1200.240945 	 3857164.208154 
104 	 1.924027 	 27.134254 	 1136.391846 	 3564302.287688 
105 	 -2.932944 	 27.311255 	 1153.194237 	 3755747.953587 
106 	 -3.187511 	 29.181038 	 1307.666873 	 4713516.553182 
107 	 -2.426483 	 27.758897 	 1194.437369 	 4003703.156168 
108 	 1.940913 	 27.545010 	 1166.804881 	 3675622.847579 
109 	 -4.121063 	 28.365046 	 1234.440937 	 4131151.147620 
110 	 -2.150065 	 28.521499 	 1208.563686 	 3717880.052845 
111 	 -3.958498 	 28.587566 	 1266.996379 	 4465434.987807 
112 	 1.556262 	 26.156764 	 1051.893441 	 3088184.012380 
113 	 -0.819946 	 27.382156 	 1152.659019 	 3660430.290576 
114 	 1.762261 	 28.771352 	 1242.707004 	 3975421.490082 
115 	 0.649319 	 27.641790 	 1174.784319 	 3750709.128752 
116 	 -2.074527 	 27.237240 	 1141.601335 	 3584238.961624 
117 	 0.349293 	 27.799087 	 1186.686481 	 3898654.371281 
118 	 2.463202 	 27.577459 	 1136.206692 	 3296203.339969 
119 	 1.290918 	 29.167610 	 1275.833022 	 4271112.680751 
120 	 -2.898447 	 27.261132 	 1125.789737 	 3329976.959276 
121 	 -2.157323 	 29.847838 	 1382.062220 	 5350214.872053 
122 	 -2.494419 	 26.792919 	 1085.056967 	 3112939.679376 
123 	 2.873987 	 26.833334 	 1109.195377 	 3416568.567498 
124 	 4.242398 	 27.238696 	 1129.327466 	 3413815.193236 
125 	 -3.924157 	 29.064716 	 1304.883556 	 4492360.171652 
126 	 0.350192 	 29.439655 	 1309.362981 	 4523218.397928 
127 	 2.386791 	 26.987378 	 1119.439171 	 3423644.206407 
128 	 3.195290 	 27.607349 	 1152.520629 	 3494124.643952 
129 	 -4.125383 	 28.717261 	 1276.558412 	 4522426.891918 
130 	 0.039515 	 27.596654 	 1161.665481 	 3698577.913990 
131 	 -1.470959 	 30.214293 	 1388.297459 	 5199131.023634 
132 	 -2.132186 	 26.355642 	 1071.146094 	 3242229.446620 
133 	 -0.224988 	 27.185120 	 1135.847431 	 3569053.595798 
134 	 -2.486007 	 30.027774 	 1415.177189 	 5831254.980175 
135 	 3.206418 	 28.957453 	 1272.021543 	 4328602.965465 
136 	 -0.160415 	 30.672715 	 1392.723349 	 4818416.486310 
137 	 -1.645544 	 26.473627 	 1088.289489 	 3283290.935723 
138 	 -0.053550 	 25.895818 	 1038.265286 	 2976336.275235 
139 	 -1.190484 	 27.871424 	 1174.328420 	 3675532.497184 
140 	 0.202106 	 27.907793 	 1204.733157 	 4097607.183890 
141 	 0.684633 	 27.277736 	 1153.910293 	 3833692.325907 
142 	 -1.211805 	 26.848206 	 1110.400470 	 3321415.996361 
143 	 1.471820 	 27.090772 	 1146.137671 	 3765224.187526 
144 	 0.509131 	 27.500999 	 1173.293000 	 3795212.376895 
145 	 -3.551134 	 26.637558 	 1083.400302 	 3151289.887873 
146 	 -1.786335 	 28.041976 	 1197.247298 	 3953512.274425 
147 	 -3.199698 	 28.404837 	 1237.595200 	 4224857.101120 
148 	 0.029111 	 28.104674 	 1222.720007 	 4233498.753830 
149 	 2.287198 	 27.514409 	 1162.959950 	 3690234.037809 
150 	 -1.929731 	 28.648936 	 1247.875468 	 4130284.636202 
151 	 -0.913892 	 27.974748 	 1196.521906 	 3787971.251989 
152 	 -4.899195 	 27.288045 	 1139.726241 	 3553238.960467 
153 	 0.833280 	 29.022127 	 1275.836181 	 4356195.746513 
154 	 2.263943 	 29.043440 	 1292.606513 	 4674387.991218 
155 	 -0.563459 	 28.737747 	 1232.920690 	 3910394.851417 
156 	 -1.059654 	 27.383377 	 1176.697628 	 3935987.386962 
157 	 1.262363 	 28.938039 	 1289.856314 	 4579740.586534 
158 	 -3.553642 	 27.558793 	 1179.514431 	 3879554.797932 
159 	 -3.867440 	 28.948056 	 1272.559071 	 4320029.681665 
160 	 1.454880 	 27.005238 	 1136.353055 	 3582438.097374 
161 	 0.540605 	 26.471089 	 1088.264640 	 3507832.454020 
162 	 1.532991 	 27.506474 	 1177.284757 	 3893313.603980 
163 	 -1.231639 	 27.422657 	 1119.672074 	 3299408.374780 
164 	 -3.024695 	 26.405128 	 1075.355632 	 3294898.062568 
165 	 -1.058287 	 25.963607 	 1052.366794 	 3225157.892253 
166 	 2.535180 	 27.297933 	 1127.778202 	 3401387.408366 
167 	 -0.268421 	 26.933636 	 1109.303139 	 3323650.408223 
168 	 -0.401638 	 26.472133 	 1075.846797 	 3161018.850535 
169 	 -1.798785 	 29.252395 	 1285.451138 	 4272870.905983 
170 	 2.044856 	 27.955400 	 1211.540863 	 4176853.525313 
171 	 -2.307731 	 28.472811 	 1236.737786 	 4108675.557329 
172 	 -2.645505 	 26.346272 	 1060.951834 	 3096615.092053 
173 	 1.145188 	 27.616709 	 1182.118580 	 3937159.670728 
174 	 -0.049125 	 27.233054 	 1131.022904 	 3452457.097659 
175 	 1.390805 	 29.344011 	 1288.745365 	 4235832.018605 
176 	 1.010961 	 27.458536 	 1150.057431 	 3558129.797254 
177 	 -0.576862 	 27.194763 	 1133.289207 	 3519621.834912 
178 	 -3.380014 	 27.956576 	 1188.823508 	 3758640.585415 
179 	 4.589873 	 27.409547 	 1149.320183 	 3590688.082293 
180 	 -0.958876 	 28.725998 	 1265.779304 	 4397012.712462 
181 	 -3.001317 	 27.883682 	 1209.457768 	 4132337.709604 
182 	 -0.727758 	 27.340851 	 1165.453888 	 3758450.046183 
183 	 -2.063685 	 27.805124 	 1188.733324 	 3937884.528341 
184 	 -1.014535 	 28.324420 	 1223.291132 	 4169737.349247 
185 	 -1.840700 	 27.025716 	 1126.121105 	 3524964.818760 
186 	 -4.575172 	 28.421905 	 1207.429964 	 3656626.540596 
187 	 0.453843 	 28.084915 	 1189.995919 	 3696142.190531 
188 	 2.003224 	 26.983746 	 1105.361838 	 3246595.939544 
189 	 -1.465819 	 27.292795 	 1140.189270 	 3518605.069353 
190 	 0.633344 	 27.747197 	 1159.948445 	 3567475.757502 
191 	 -5.044815 	 27.058852 	 1150.620393 	 3779449.756885 
192 	 -1.613076 	 28.675922 	 1258.823570 	 4268589.797860 
193 	 -1.647783 	 27.784124 	 1197.513939 	 4037366.946765 
194 	 -3.750048 	 29.550341 	 1290.605385 	 4211874.681598 
195 	 -0.551117 	 26.467916 	 1066.724044 	 3119820.628656 
196 	 2.093539 	 29.090852 	 1297.987999 	 4540624.221773 
197 	 -5.881682 	 26.698925 	 1081.885448 	 3243167.913296 
198 	 7.331937 	 27.821484 	 1177.030218 	 3662447.287602 
199 	 2.832456 	 28.103419 	 1189.083411 	 3712412.819047 
200 	 2.291055 	 27.836300 	 1177.443709 	 3753775.663418 

%ACCRATE = 0.895075

%%%%%%%%%%%%%%%%%%%%%%%%%%%%%%%%%%%%%%%%%%%%%%%%%%%%%%%%%%%%%%%%%%%%%%%%%%%
%KAPPA = 0.170000
%%%%%%%%%%%%%%%%%%%%%%%%%%%%%%%%%%%%%%%%%%%%%%%%%%%%%%%%%%%%%%%%%%%%%%%%%%%

201 	 -4.871410 	 35.230201 	 1896.309995 	 9422893.452846 
202 	 -6.890964 	 38.583294 	 2190.574181 	 11571007.620222 
203 	 2.471035 	 35.649275 	 1922.138066 	 9558273.886352 
204 	 0.726353 	 39.742226 	 2324.471539 	 12710973.355008 
205 	 -3.132473 	 35.948758 	 1924.909070 	 9395620.218812 
206 	 0.371543 	 37.878650 	 2115.768686 	 10860563.424854 
207 	 -4.145253 	 35.203552 	 1850.273387 	 8457806.331196 
208 	 10.348131 	 37.023288 	 1988.864497 	 9561518.232132 
209 	 2.118256 	 37.477774 	 2064.489854 	 10311986.950303 
210 	 5.365097 	 35.088854 	 1892.202973 	 9528519.353956 
211 	 0.780764 	 36.244677 	 1990.078653 	 10027124.299471 
212 	 -0.412596 	 36.058888 	 1978.051182 	 10130539.198973 
213 	 2.976118 	 36.338690 	 1939.180364 	 9036239.833906 
214 	 7.855484 	 36.693127 	 2008.475108 	 9921812.568048 
215 	 -1.271691 	 33.404278 	 1673.480243 	 7182301.043642 
216 	 -8.965872 	 36.153684 	 1938.544563 	 9292553.338001 
217 	 -3.725312 	 35.380932 	 1956.176010 	 10521665.600651 
218 	 -2.034348 	 35.878321 	 1929.868225 	 9501004.366796 
219 	 0.765742 	 36.798213 	 1978.128569 	 9453411.673935 
220 	 1.780944 	 36.830217 	 2030.980308 	 10301180.199267 
221 	 0.795602 	 34.471098 	 1815.013553 	 8503305.185518 
222 	 1.118715 	 37.530647 	 2064.540484 	 10240902.549417 
223 	 3.525158 	 37.004003 	 2034.036531 	 10045472.268335 
224 	 -8.101984 	 38.428856 	 2150.010374 	 10720496.606624 
225 	 0.621461 	 37.350981 	 2049.438124 	 10066693.610584 
226 	 2.763213 	 34.719903 	 1777.916678 	 7769998.763377 
227 	 0.768089 	 37.631053 	 2113.186935 	 11230613.970494 
228 	 0.205832 	 35.063992 	 1829.529804 	 8379103.938909 
229 	 -1.182603 	 37.399631 	 2055.273862 	 10265257.337626 
230 	 4.326896 	 35.571243 	 1899.910871 	 9512185.647266 
231 	 3.872437 	 34.695876 	 1800.088398 	 8181561.411655 
232 	 -0.000042 	 36.141338 	 1963.459778 	 9701848.947123 
233 	 1.273044 	 35.826585 	 1934.439103 	 9730341.406018 
234 	 -0.372608 	 37.221087 	 2044.098330 	 10268565.737658 
235 	 -3.612797 	 37.732607 	 2092.913546 	 10651005.782541 
236 	 -2.275885 	 35.541884 	 1913.318511 	 9740713.025838 
237 	 0.740279 	 36.149439 	 1931.188447 	 9030296.568680 
238 	 -1.470442 	 34.837301 	 1803.648927 	 8198229.170047 
239 	 -4.218780 	 37.313156 	 2069.629040 	 10512391.766212 
240 	 -1.768310 	 36.319433 	 1981.716268 	 10174160.927176 
241 	 3.175148 	 37.273164 	 2014.888119 	 9735421.345032 
242 	 0.111134 	 36.824157 	 1986.306792 	 9464217.976225 
243 	 3.432229 	 36.884541 	 2036.490202 	 10383004.268905 
244 	 -4.134611 	 37.911198 	 2104.622248 	 10766051.150319 
245 	 -1.190896 	 34.123120 	 1763.608202 	 8247774.220793 
246 	 3.279169 	 34.033517 	 1760.190942 	 8208802.293324 
247 	 -1.750920 	 36.512404 	 1969.885967 	 9651032.176516 
248 	 0.581578 	 34.600900 	 1818.520456 	 8682892.089909 
249 	 2.575310 	 36.722484 	 1970.684853 	 8936849.356208 
250 	 6.549442 	 37.073752 	 2069.269733 	 10536947.828528 
251 	 -2.520026 	 36.018560 	 1911.664763 	 9133971.822119 
252 	 -1.776210 	 38.709785 	 2169.683514 	 10974431.966883 
253 	 3.152931 	 37.337156 	 2044.833802 	 9832741.620569 
254 	 1.419062 	 34.557861 	 1805.871436 	 8541993.725267 
255 	 -2.486404 	 36.343527 	 1998.812150 	 10143265.056471 
256 	 -2.181253 	 36.411893 	 1927.625093 	 8826326.840029 
257 	 0.764631 	 38.580404 	 2234.795061 	 12289205.471188 
258 	 0.354462 	 35.914807 	 1918.411820 	 9253647.890672 
259 	 -1.662028 	 36.846188 	 2013.491760 	 9649579.315538 
260 	 4.252942 	 38.283218 	 2159.917666 	 11161836.524050 
261 	 1.542898 	 36.778085 	 2023.162535 	 10229165.650866 
262 	 -2.612111 	 38.456367 	 2146.487677 	 10929735.955039 
263 	 -2.789344 	 32.926962 	 1638.068306 	 6984872.677443 
264 	 4.616738 	 33.248142 	 1684.626575 	 7354950.799692 
265 	 -0.288939 	 37.073644 	 2049.405908 	 10424665.459608 
266 	 0.848166 	 37.931250 	 2115.812685 	 10871688.762586 
267 	 -8.616263 	 38.965444 	 2206.798387 	 11398350.180102 
268 	 -0.657677 	 39.906638 	 2342.500944 	 12767746.476395 
269 	 -4.489755 	 40.012859 	 2294.913646 	 12025240.687749 
270 	 -2.226763 	 35.572352 	 1899.243017 	 9311014.707694 
271 	 -3.266559 	 36.338970 	 1963.476857 	 9714830.668367 
272 	 -7.065691 	 34.604361 	 1758.823818 	 7568629.055545 
273 	 3.176723 	 38.843372 	 2231.663909 	 12234566.708484 
274 	 8.601782 	 38.883745 	 2183.730476 	 11047813.952670 
275 	 -2.987156 	 39.611324 	 2310.966437 	 12637613.103656 
276 	 -0.202805 	 39.502343 	 2264.007309 	 12017188.482654 
277 	 -0.006992 	 35.797824 	 1916.042506 	 9220323.486170 
278 	 7.140351 	 36.643921 	 1988.872444 	 9963220.412161 
279 	 -2.404683 	 36.933281 	 2015.725460 	 9975729.148924 
280 	 0.549004 	 36.686929 	 2012.712278 	 10123085.827711 
281 	 4.267751 	 35.366610 	 1848.636050 	 8374718.038657 
282 	 -5.626265 	 35.639172 	 1888.099580 	 9176582.032743 
283 	 -0.873110 	 38.308454 	 2164.583922 	 11401550.160710 
284 	 -1.053887 	 36.737711 	 2020.983373 	 10335091.168882 
285 	 6.068379 	 36.476369 	 1967.151947 	 9683866.841110 
286 	 6.367269 	 37.141839 	 2019.112381 	 9598841.137318 
287 	 -1.703176 	 35.308934 	 1879.016306 	 9237704.805232 
288 	 4.466264 	 38.771183 	 2209.147614 	 11671672.385665 
289 	 1.202064 	 33.829639 	 1760.446280 	 8316510.321754 
290 	 -0.460878 	 34.183934 	 1746.873517 	 7769548.885310 
291 	 5.034507 	 37.606203 	 2075.105569 	 10582637.266120 
292 	 -1.815402 	 34.796068 	 1851.359530 	 9145245.821637 
293 	 -1.689167 	 38.077539 	 2110.360025 	 10552822.360453 
294 	 8.899890 	 35.391312 	 1853.451630 	 8489625.759572 
295 	 8.103050 	 38.705561 	 2171.477798 	 11118634.126195 
296 	 0.768133 	 35.024046 	 1845.253548 	 8634103.130133 
297 	 3.983564 	 35.256162 	 1854.075370 	 8517942.109873 
298 	 -2.533261 	 36.450895 	 1939.963872 	 9153904.620179 
299 	 -8.182346 	 35.447045 	 1880.280744 	 8981055.086224 
300 	 -1.123006 	 36.764231 	 1979.501418 	 9346436.401744 

%ACCRATE = 0.892743

%%%%%%%%%%%%%%%%%%%%%%%%%%%%%%%%%%%%%%%%%%%%%%%%%%%%%%%%%%%%%%%%%%%%%%%%%%%
%KAPPA = 0.180000
%%%%%%%%%%%%%%%%%%%%%%%%%%%%%%%%%%%%%%%%%%%%%%%%%%%%%%%%%%%%%%%%%%%%%%%%%%%

301 	 -3.698119 	 52.774051 	 3868.878162 	 31217615.021996 
302 	 -8.155737 	 55.805626 	 4165.960100 	 33118675.680207 
303 	 -13.893232 	 56.366222 	 4294.675549 	 35616762.199107 
304 	 7.260350 	 51.521577 	 3724.590575 	 29351602.489700 
305 	 9.583687 	 54.674370 	 4093.564800 	 33812512.055868 
306 	 1.545143 	 54.337225 	 4093.331866 	 33812605.447551 
307 	 2.185065 	 53.588249 	 4001.429917 	 32744602.188617 
308 	 -9.994452 	 52.167872 	 3768.577247 	 28661554.339468 
309 	 4.695273 	 52.106222 	 3791.168580 	 29784679.214858 
310 	 6.884379 	 50.564487 	 3521.413721 	 25122141.038273 
311 	 -21.871429 	 54.270979 	 3914.310840 	 29907407.072309 
312 	 1.857630 	 53.678723 	 3928.874181 	 30935250.997689 
313 	 -0.378191 	 52.548751 	 3859.440468 	 31141486.095164 
314 	 -0.531701 	 54.568276 	 4161.995007 	 35214942.807680 
315 	 -12.704011 	 53.268321 	 3902.722712 	 30983472.485062 
316 	 4.994635 	 51.991192 	 3739.814113 	 29023342.569439 
317 	 -1.631476 	 56.254113 	 4244.804963 	 35326951.463943 
318 	 -2.162885 	 56.995020 	 4333.160691 	 35688615.638535 
319 	 -3.127451 	 55.276449 	 4118.740348 	 32344414.128914 
320 	 3.118457 	 55.242583 	 4081.845348 	 31666410.011781 
321 	 20.655275 	 58.781457 	 4586.666892 	 39526912.376418 
322 	 -3.704511 	 52.370618 	 3809.995040 	 29836902.586339 
323 	 7.980569 	 51.930118 	 3721.519084 	 28610303.436481 
324 	 6.134149 	 56.165443 	 4252.337789 	 35614357.820012 
325 	 3.011486 	 56.399122 	 4230.257160 	 34444793.624947 
326 	 1.815823 	 55.869877 	 4139.167824 	 32535722.297337 
327 	 -7.911992 	 54.742669 	 4084.208512 	 32670422.975482 
328 	 -8.446628 	 49.983714 	 3522.743412 	 26197036.666805 
329 	 0.504439 	 52.738475 	 3795.755333 	 28437963.596873 
330 	 -3.295649 	 57.374732 	 4378.853713 	 36048236.253763 
331 	 -16.766593 	 49.261092 	 3487.671884 	 27074632.815731 
332 	 -8.105875 	 54.424256 	 4077.273822 	 33611010.746987 
333 	 -4.976553 	 51.145716 	 3675.687243 	 28371944.397627 
334 	 5.608487 	 55.598639 	 4159.856830 	 33685043.631319 
335 	 2.321075 	 53.968055 	 3968.512773 	 31228388.469739 
336 	 -5.421508 	 52.295948 	 3758.551909 	 28786445.320323 
337 	 9.718482 	 55.046880 	 4199.103193 	 35472015.575174 
338 	 16.529212 	 57.873350 	 4501.107302 	 38625722.945977 
339 	 1.112769 	 55.332713 	 4069.781745 	 31458651.269532 
340 	 2.011246 	 51.381120 	 3610.152608 	 26589774.867993 
341 	 -8.976890 	 54.478821 	 4128.338692 	 34417712.066199 
342 	 5.279414 	 57.233430 	 4456.605741 	 38389123.992068 
343 	 18.111585 	 53.814361 	 4007.624540 	 33123447.702883 
344 	 0.328550 	 53.185982 	 3902.718050 	 30800035.014649 
345 	 13.101185 	 57.053033 	 4380.230433 	 37076904.626713 
346 	 -18.788518 	 51.310305 	 3686.677783 	 28688687.912102 
347 	 -14.752009 	 55.352540 	 4147.839609 	 33794753.575654 
348 	 17.984408 	 54.901889 	 4144.934914 	 34383881.115051 
349 	 9.810207 	 50.181503 	 3527.838889 	 26477312.481482 
350 	 -1.985603 	 53.403056 	 3900.818214 	 30174629.183819 
351 	 -4.952721 	 54.451741 	 4041.044870 	 32868856.195938 
352 	 5.443150 	 54.917793 	 4220.590489 	 37316302.031857 
353 	 -5.205681 	 56.488167 	 4388.839864 	 38428735.316447 
354 	 -8.940384 	 50.405085 	 3548.866697 	 26359407.206301 
355 	 4.730701 	 55.120740 	 4117.261039 	 32652690.952496 
356 	 7.498341 	 53.645714 	 4026.618815 	 34008659.022092 
357 	 -12.335163 	 52.595009 	 3871.591431 	 31631665.925740 
358 	 -19.471576 	 53.926365 	 4026.609593 	 32776217.424451 
359 	 -12.661068 	 56.701443 	 4322.343067 	 35759889.887289 
360 	 20.139443 	 56.032066 	 4253.214082 	 35529293.323998 
361 	 13.313948 	 59.074784 	 4607.747811 	 39666553.786482 
362 	 -11.096334 	 52.222056 	 3798.271493 	 30699158.315475 
363 	 11.800108 	 55.132513 	 4104.761377 	 33402370.029806 
364 	 6.475800 	 50.013701 	 3572.869078 	 27956290.336334 
365 	 -11.975069 	 50.522898 	 3597.593365 	 27465223.378770 
366 	 -7.937475 	 52.446295 	 3804.607301 	 30038079.667839 
367 	 5.267399 	 50.716269 	 3647.383506 	 28828991.477089 
368 	 6.619161 	 52.885319 	 3949.147780 	 33082372.155330 
369 	 -0.040403 	 53.405164 	 3944.722190 	 31055900.051346 
370 	 -2.224638 	 55.453458 	 4141.519816 	 32857907.244972 
371 	 -10.064376 	 58.129290 	 4535.739807 	 38942789.911721 
372 	 -1.141400 	 55.412049 	 4168.288925 	 34723169.314902 
373 	 0.718554 	 53.147653 	 3944.902386 	 31998798.596161 
374 	 1.102797 	 50.098991 	 3451.564809 	 24489030.243954 
375 	 -5.284848 	 53.073986 	 3960.035697 	 32472257.674019 
376 	 -18.277583 	 52.429603 	 3865.665823 	 31764571.267533 
377 	 -3.732611 	 52.923013 	 3955.559031 	 32918028.309714 
378 	 -0.237464 	 53.578938 	 3919.247782 	 30915113.340440 
379 	 -1.800478 	 51.867011 	 3796.536074 	 30386456.279790 
380 	 -2.851477 	 52.328153 	 3882.623229 	 31989795.682790 
381 	 -9.486210 	 55.134431 	 4156.501630 	 33397459.176116 
382 	 8.518021 	 54.836380 	 4044.999720 	 32391561.360652 
383 	 11.918980 	 55.589368 	 4242.829868 	 35681529.847594 
384 	 13.396161 	 53.663392 	 3967.625062 	 32063151.569341 
385 	 -1.057849 	 53.608346 	 3905.245953 	 30357569.032891 
386 	 6.809763 	 56.231053 	 4306.220504 	 36640130.234927 
387 	 0.420842 	 54.453725 	 3962.988111 	 30709052.800532 
388 	 4.226869 	 56.184362 	 4276.884332 	 35820680.055080 
389 	 -12.218696 	 57.192856 	 4360.328218 	 35893883.778323 
390 	 3.351925 	 56.704849 	 4302.669175 	 35531646.218824 
391 	 0.132693 	 51.123924 	 3663.837549 	 28374711.575538 
392 	 -8.562330 	 48.221444 	 3338.600320 	 24844885.087115 
393 	 -6.487739 	 50.292151 	 3585.582917 	 27914134.714274 
394 	 -2.407389 	 57.284762 	 4418.089517 	 37888326.022984 
395 	 5.980258 	 53.269757 	 3861.063149 	 29558588.320649 
396 	 -2.706072 	 53.472133 	 3889.314514 	 30177004.629465 
397 	 -14.380018 	 53.022213 	 3999.704169 	 34116085.789749 
398 	 -12.903959 	 50.362697 	 3583.250966 	 27579503.478186 
399 	 -3.887362 	 53.769325 	 4053.223652 	 34087047.907475 
400 	 -0.634102 	 52.863884 	 3773.433923 	 28056996.899680 

%ACCRATE = 0.889208

%%%%%%%%%%%%%%%%%%%%%%%%%%%%%%%%%%%%%%%%%%%%%%%%%%%%%%%%%%%%%%%%%%%%%%%%%%%
%KAPPA = 0.190000
%%%%%%%%%%%%%%%%%%%%%%%%%%%%%%%%%%%%%%%%%%%%%%%%%%%%%%%%%%%%%%%%%%%%%%%%%%%

401 	 25.390885 	 91.315051 	 9566.353025 	 126194744.709717 
402 	 -5.463856 	 83.757337 	 8510.810349 	 109319782.898480 
403 	 34.619101 	 88.774570 	 9370.794997 	 126424271.620059 
404 	 11.792506 	 94.573907 	 10163.734025 	 139533025.039231 
405 	 58.700696 	 89.856736 	 9425.169502 	 125168374.167316 
406 	 36.591867 	 89.748044 	 9405.331868 	 124199637.134322 
407 	 -7.655168 	 92.960456 	 9815.878303 	 131202379.428034 
408 	 10.117165 	 95.517029 	 10269.606034 	 139678418.615347 
409 	 -19.523087 	 84.656520 	 8639.202566 	 112237705.418357 
410 	 2.737597 	 90.148453 	 9440.815216 	 125353398.468503 
411 	 -16.626292 	 94.965563 	 10273.777268 	 141865560.758997 
412 	 -37.999105 	 94.005018 	 10063.562894 	 138335461.601969 
413 	 7.033328 	 94.113220 	 10119.758627 	 138876588.254545 
414 	 -29.134029 	 88.401969 	 9285.508993 	 124921609.353672 
415 	 -8.616663 	 90.697459 	 9443.408116 	 122388909.001977 
416 	 7.581669 	 92.653269 	 9814.985948 	 131354877.901766 
417 	 -34.631937 	 93.700006 	 10078.193401 	 138087459.714245 
418 	 -16.142361 	 93.420584 	 9901.723023 	 131708163.798622 
419 	 -36.710793 	 91.399545 	 9516.925144 	 124514439.994735 
420 	 -16.734563 	 84.877144 	 8611.037411 	 110765631.065305 
421 	 -58.178238 	 92.547863 	 9674.177626 	 126309988.757141 
422 	 -1.938228 	 88.328121 	 9180.717361 	 121839922.271782 
423 	 19.519602 	 88.565483 	 9096.785058 	 117894231.469000 
424 	 18.133895 	 86.114885 	 8866.429768 	 115764741.981853 
425 	 18.925071 	 88.204085 	 9366.270528 	 129328617.515436 
426 	 9.783761 	 85.973654 	 8761.760644 	 113198706.697268 
427 	 -8.906818 	 92.398170 	 9840.616035 	 134711728.710129 
428 	 -11.695615 	 84.043204 	 8576.478208 	 110628219.655335 
429 	 -13.282884 	 95.543992 	 10352.598841 	 142960466.747929 
430 	 48.755575 	 98.055862 	 10762.184995 	 151210314.156762 
431 	 -12.924833 	 93.464185 	 10032.198944 	 137705443.276206 
432 	 -31.694993 	 92.633039 	 9887.511452 	 134902188.418265 
433 	 -17.836002 	 88.762999 	 9272.127037 	 123133897.976612 
434 	 -7.598607 	 92.707126 	 9781.163047 	 130460349.837263 
435 	 23.419304 	 97.044996 	 10503.090386 	 144401477.308006 
436 	 27.313765 	 90.098815 	 9402.745822 	 124645718.417797 
437 	 2.107197 	 87.963619 	 9122.142728 	 120733554.236669 
438 	 -40.144639 	 93.369438 	 10004.302521 	 137674159.492423 
439 	 2.751367 	 95.484627 	 10308.094882 	 141422467.735308 
440 	 -12.740026 	 87.552511 	 9162.786880 	 123899673.321134 
441 	 -36.239961 	 94.300438 	 10152.200054 	 139650729.525200 
442 	 -12.505601 	 86.522885 	 8882.091918 	 115709225.351265 
443 	 -9.181292 	 88.804011 	 9277.582019 	 122937375.864618 
444 	 18.254364 	 88.312346 	 9254.850726 	 123738385.869467 
445 	 -15.283802 	 89.493769 	 9343.691523 	 123135022.725888 
446 	 -29.475716 	 87.941748 	 8996.151194 	 113903425.689286 
447 	 -11.119482 	 91.018705 	 9608.588870 	 129851809.447127 
448 	 -22.966168 	 92.450790 	 9866.599729 	 134095254.903741 
449 	 7.278378 	 87.185885 	 9033.239332 	 118376342.191502 
450 	 45.886399 	 89.256088 	 9305.843802 	 122613282.154592 
451 	 -44.240451 	 93.802136 	 10018.079733 	 136908015.439025 
452 	 19.651712 	 91.883338 	 9748.944284 	 131635848.895749 
453 	 -8.701175 	 88.502195 	 9163.077745 	 119770981.402945 
454 	 -28.659827 	 92.919023 	 9914.306772 	 135372119.298643 
455 	 10.137079 	 88.898051 	 9285.070987 	 123335380.376739 
456 	 -37.888955 	 88.444350 	 9367.823760 	 128393955.128492 
457 	 16.811120 	 85.498809 	 8812.559671 	 116131966.579794 
458 	 3.749708 	 89.035204 	 9225.859745 	 120691503.767895 
459 	 4.077133 	 88.850771 	 9218.171095 	 119686905.712289 
460 	 12.566242 	 92.252934 	 9873.098152 	 136760579.559148 
461 	 -40.974968 	 90.163955 	 9436.780463 	 125050027.010150 
462 	 -40.436245 	 93.208023 	 9987.450198 	 137903456.544702 
463 	 -51.902552 	 88.859271 	 9238.819120 	 120975707.543812 
464 	 16.639038 	 84.085944 	 8603.150719 	 112153675.024076 
465 	 -5.016311 	 86.697116 	 8978.616290 	 118900658.027021 
466 	 -7.209678 	 93.083902 	 9903.976677 	 133926240.893934 
467 	 34.718912 	 87.025180 	 9049.596968 	 119883864.884215 
468 	 9.270719 	 90.001354 	 9509.483641 	 129710911.990826 
469 	 35.307863 	 90.389491 	 9458.392555 	 124069444.689675 
470 	 37.771166 	 95.111049 	 10182.242297 	 138183871.517883 
471 	 19.464045 	 91.077370 	 9666.198157 	 131450277.846500 
472 	 -28.998172 	 96.792244 	 10393.792553 	 139582953.055021 
473 	 -28.357932 	 89.418132 	 9416.197270 	 126515733.709159 
474 	 4.883535 	 88.510276 	 9332.317553 	 127331491.020168 
475 	 60.170073 	 93.889161 	 10025.116251 	 136620288.588198 
476 	 39.603243 	 92.900698 	 9881.097267 	 134417717.586343 
477 	 8.941782 	 90.677700 	 9625.065914 	 131453913.543713 
478 	 -24.958597 	 91.306798 	 9626.400336 	 127345558.632938 
479 	 12.249180 	 91.179620 	 9631.760141 	 128846214.305695 
480 	 -5.235595 	 93.046458 	 9875.652232 	 133142714.895002 
481 	 -40.628117 	 91.816919 	 9613.491198 	 126617611.246419 
482 	 51.243180 	 89.628435 	 9284.499282 	 120825793.555231 
483 	 3.769511 	 91.958456 	 9759.684073 	 131273575.496122 
484 	 -33.022983 	 92.239283 	 9827.810722 	 133724045.251237 
485 	 -48.774068 	 92.288327 	 9819.788554 	 132505224.870439 
486 	 -45.655899 	 89.323554 	 9336.378726 	 122912923.363675 
487 	 12.219385 	 86.891671 	 8808.787821 	 110487486.077577 
488 	 66.167878 	 96.598566 	 10481.758754 	 145103957.741695 
489 	 -47.199568 	 95.008467 	 10316.618712 	 143006786.022143 
490 	 6.723591 	 90.383081 	 9555.262219 	 128017156.913849 
491 	 -1.102398 	 87.627425 	 8959.908696 	 114039701.991526 
492 	 -16.009443 	 89.358822 	 9372.215999 	 124492272.562520 
493 	 -8.559571 	 85.533995 	 8681.252340 	 110682091.569800 
494 	 -7.368204 	 91.842363 	 9776.424832 	 132492662.750510 
495 	 4.532960 	 88.075006 	 9103.807373 	 118723208.249625 
496 	 -36.399426 	 90.063357 	 9459.587508 	 127300036.018009 
497 	 40.061086 	 87.418279 	 9097.598537 	 121290443.196864 
498 	 26.852139 	 85.655736 	 8867.601911 	 117489245.767223 
499 	 -3.013105 	 94.145296 	 10051.672150 	 136280806.254531 
500 	 -2.032012 	 88.431811 	 9265.463289 	 124315205.197726 

%ACCRATE = 0.881021

%%%%%%%%%%%%%%%%%%%%%%%%%%%%%%%%%%%%%%%%%%%%%%%%%%%%%%%%%%%%%%%%%%%%%%%%%%%
%KAPPA = 0.200000
%%%%%%%%%%%%%%%%%%%%%%%%%%%%%%%%%%%%%%%%%%%%%%%%%%%%%%%%%%%%%%%%%%%%%%%%%%%

501 	 47.166495 	 129.535615 	 17492.731917 	 340368440.415482 
502 	 131.102737 	 131.102737 	 17688.886345 	 342927820.027931 
503 	 -2.059958 	 133.031046 	 18198.871601 	 361504096.439215 
504 	 -128.592316 	 128.592316 	 17163.055359 	 328623490.641920 
505 	 -124.078216 	 130.348987 	 17579.136592 	 341604369.011342 
506 	 128.602261 	 128.603293 	 17118.304088 	 325654935.230783 
507 	 131.637003 	 131.637003 	 17761.951853 	 342749209.810344 
508 	 11.984838 	 129.185012 	 17260.348038 	 331049894.026113 
509 	 -130.670968 	 130.694141 	 17611.975051 	 340794467.485765 
510 	 -129.941720 	 129.980252 	 17539.428191 	 341645232.086940 
511 	 -126.953454 	 126.977903 	 16859.678014 	 320526314.665935 
512 	 -131.505602 	 131.505602 	 17762.524108 	 344009184.051994 
513 	 -131.121784 	 131.122038 	 17737.586691 	 345831292.587744 
514 	 66.722588 	 126.794742 	 16888.113693 	 323604581.957454 
515 	 -19.486424 	 131.166184 	 17747.486414 	 346173173.207936 
516 	 -65.571447 	 130.280523 	 17495.482629 	 335046591.474292 
517 	 132.300911 	 132.300911 	 17945.089842 	 349899489.636767 
518 	 35.566802 	 126.444159 	 16808.384608 	 321558263.241728 
519 	 -1.701938 	 130.508602 	 17617.371094 	 342939531.952908 
520 	 23.882806 	 126.952031 	 17005.754011 	 331157079.116584 
521 	 -66.672844 	 130.975702 	 17742.676181 	 348174395.103562 
522 	 -9.622549 	 128.614216 	 17158.103476 	 327896524.980897 
523 	 -0.906352 	 127.983156 	 17117.067228 	 329502124.298503 
524 	 -15.567792 	 129.106464 	 17267.850559 	 331879805.677257 
525 	 -67.571129 	 128.809031 	 17243.368947 	 330616519.265236 
526 	 129.199411 	 129.220502 	 17434.142577 	 340120079.851624 
527 	 132.075258 	 132.076113 	 17971.097530 	 354042492.713075 
528 	 58.139591 	 126.097932 	 16669.389683 	 313023640.904362 
529 	 45.219456 	 130.698835 	 17637.478605 	 341933481.422394 
530 	 -17.545503 	 126.815972 	 16994.939844 	 328758755.364201 
531 	 -17.838688 	 129.231349 	 17329.427011 	 334078385.755940 
532 	 -7.233332 	 126.631057 	 16900.975410 	 325000584.480938 
533 	 -84.660640 	 128.492952 	 17252.081863 	 335571761.815754 
534 	 -128.319042 	 128.887829 	 17198.296570 	 328394045.902109 
535 	 87.577232 	 129.373995 	 17353.834355 	 334800814.595789 
536 	 129.939967 	 129.939967 	 17444.241916 	 335962696.379490 
537 	 47.603306 	 124.986789 	 16472.299344 	 311729579.965689 
538 	 -128.845533 	 128.917429 	 17324.577400 	 336584513.703967 
539 	 -14.619093 	 129.969749 	 17499.406971 	 337842452.370995 
540 	 105.206386 	 130.983729 	 17700.062543 	 343204299.015713 
541 	 131.925361 	 131.925361 	 17874.876861 	 348726794.644591 
542 	 106.959821 	 129.680564 	 17442.576352 	 336681448.373388 
543 	 130.581357 	 130.581694 	 17639.524902 	 343945571.005978 
544 	 77.887418 	 128.804880 	 17201.632243 	 328069711.919613 
545 	 133.839030 	 133.839030 	 18399.588309 	 368437482.241641 
546 	 129.705504 	 129.730971 	 17438.350733 	 337668530.437811 
547 	 100.464899 	 129.836455 	 17505.981941 	 339706120.230192 
548 	 130.899814 	 130.899814 	 17649.034540 	 342672004.076571 
549 	 18.067101 	 129.634545 	 17498.453297 	 341439475.053276 
550 	 -30.348887 	 131.382684 	 17789.715712 	 347906036.957814 
551 	 105.240253 	 129.729254 	 17578.799439 	 346607867.990302 
552 	 -44.147708 	 126.137419 	 16822.293864 	 324168112.043396 
553 	 1.512441 	 127.711957 	 17091.365466 	 329331239.397765 
554 	 126.716438 	 129.125733 	 17391.126610 	 339201440.323774 
555 	 67.647452 	 128.520595 	 17115.266509 	 325713047.016352 
556 	 -79.797737 	 127.417520 	 16927.738823 	 322868167.956153 
557 	 129.592645 	 129.618351 	 17485.992223 	 342455560.051540 
558 	 -14.220789 	 131.643929 	 17858.815781 	 349879585.613334 
559 	 29.137889 	 130.358096 	 17538.270348 	 339456180.691771 
560 	 -76.475315 	 129.963791 	 17501.591512 	 339716883.389655 
561 	 -130.182527 	 130.183706 	 17546.504048 	 341026420.483859 
562 	 -132.898320 	 132.928661 	 18213.915389 	 363029285.296943 
563 	 -97.726997 	 128.214117 	 17099.308654 	 326873119.953119 
564 	 131.540074 	 131.550968 	 17839.278763 	 349737644.032067 
565 	 130.862646 	 130.862646 	 17574.258971 	 336385919.019430 
566 	 93.882027 	 126.836834 	 16906.031284 	 324551867.896966 
567 	 -90.614216 	 127.869204 	 17111.092925 	 329789043.725262 
568 	 -44.368884 	 131.076817 	 17900.857759 	 355794318.866294 
569 	 72.354952 	 126.119250 	 16679.844678 	 316408422.030012 
570 	 -127.500332 	 127.529207 	 16908.138092 	 319352458.165855 
571 	 -124.531038 	 125.481547 	 16663.194993 	 319426902.187082 
572 	 -92.805319 	 129.047387 	 17294.492946 	 332635708.299275 
573 	 53.956376 	 129.024898 	 17297.702609 	 333801362.017735 
574 	 129.925937 	 129.930184 	 17448.050971 	 336421994.980090 
575 	 126.729947 	 129.094576 	 17308.886185 	 334242355.814641 
576 	 -130.038173 	 130.039507 	 17521.592603 	 340349263.545018 
577 	 -131.270131 	 131.293419 	 17750.550458 	 345486447.732207 
578 	 115.403885 	 129.346408 	 17363.951175 	 334962809.164615 
579 	 27.225790 	 127.140062 	 16983.538900 	 327136025.491813 
580 	 -86.829087 	 129.428952 	 17272.285216 	 327495899.835142 
581 	 -53.053771 	 127.646139 	 17091.331945 	 331930204.847617 
582 	 -121.590599 	 129.535989 	 17335.288184 	 331592608.573042 
583 	 -5.012874 	 127.624836 	 17055.162990 	 327776695.278248 
584 	 61.131245 	 129.558434 	 17351.771171 	 332319597.816808 
585 	 -13.162218 	 129.165537 	 17312.359826 	 332910202.501273 
586 	 -58.393279 	 126.374380 	 16889.693625 	 324194421.240437 
587 	 -65.142064 	 127.855523 	 17009.458986 	 323645094.504487 
588 	 131.844964 	 131.844964 	 17834.428522 	 345690424.130405 
589 	 75.324959 	 130.207286 	 17562.797857 	 343201490.034626 
590 	 -125.183836 	 125.731004 	 16712.681158 	 320512064.320414 
591 	 -132.178457 	 132.178457 	 17950.549280 	 350698549.555671 
592 	 -120.971794 	 127.840602 	 17019.610584 	 324090086.986547 
593 	 127.151655 	 127.154672 	 16838.693984 	 318389838.026900 
594 	 126.692925 	 126.719698 	 16791.787338 	 317943314.720245 
595 	 -61.318172 	 127.912560 	 17046.432717 	 326317080.762148 
596 	 -130.262050 	 130.262050 	 17459.406797 	 334409309.783086 
597 	 -132.519344 	 132.519344 	 18030.547704 	 354002582.943600 
598 	 -95.791580 	 130.207039 	 17572.547517 	 342077830.665576 
599 	 130.005450 	 130.095711 	 17501.646320 	 338074252.396015 
600 	 122.644453 	 128.772323 	 17273.205950 	 334451556.240222 

%ACCRATE = 0.871616

%%%%%%%%%%%%%%%%%%%%%%%%%%%%%%%%%%%%%%%%%%%%%%%%%%%%%%%%%%%%%%%%%%%%%%%%%%%
%KAPPA = 0.210000
%%%%%%%%%%%%%%%%%%%%%%%%%%%%%%%%%%%%%%%%%%%%%%%%%%%%%%%%%%%%%%%%%%%%%%%%%%%

601 	 -154.153176 	 154.153176 	 23999.396817 	 597040473.805180 
602 	 -152.565725 	 152.565725 	 23536.648386 	 576631077.346939 
603 	 -152.255601 	 152.255601 	 23486.216750 	 576858713.222977 
604 	 -153.309726 	 153.309726 	 23770.141552 	 588330712.542694 
605 	 -152.659781 	 152.659781 	 23597.613002 	 581503406.290242 
606 	 -152.703645 	 152.703645 	 23606.407656 	 581848972.942469 
607 	 -153.611836 	 153.611836 	 23863.304726 	 592748006.159306 
608 	 -152.516350 	 152.516350 	 23526.445019 	 576227626.784610 
609 	 -154.000508 	 154.000508 	 23966.821558 	 596615052.063925 
610 	 -154.039307 	 154.039307 	 23979.484787 	 597483461.209319 
611 	 -153.301782 	 153.301782 	 23751.559063 	 586278078.686874 
612 	 -153.690801 	 153.690801 	 23860.197508 	 590652482.030804 
613 	 -154.744546 	 154.744546 	 24168.368831 	 604434707.861784 
614 	 -154.692728 	 154.692728 	 24151.034543 	 603590528.037133 
615 	 64.157722 	 152.501193 	 23566.677802 	 579398294.316726 
616 	 154.001573 	 154.001573 	 23942.510701 	 593584685.608279 
617 	 151.904276 	 151.904276 	 23360.852549 	 569965098.620316 
618 	 152.424284 	 152.424284 	 23527.389958 	 578548241.807614 
619 	 152.832029 	 152.832029 	 23649.959881 	 584273777.976810 
620 	 152.539702 	 152.539702 	 23536.621230 	 577049744.426737 
621 	 152.292191 	 152.292191 	 23469.254924 	 574539473.954247 
622 	 152.352892 	 152.352892 	 23475.532461 	 574007505.937151 
623 	 152.467546 	 152.467546 	 23501.796713 	 574997274.712932 
624 	 153.529789 	 153.529789 	 23835.529241 	 591347766.708003 
625 	 153.402364 	 153.402364 	 23773.354589 	 586741532.036299 
626 	 152.681539 	 152.681539 	 23574.455955 	 578816677.305098 
627 	 151.725816 	 151.725816 	 23295.036952 	 566266059.420939 
628 	 152.346608 	 152.346608 	 23462.349665 	 572416571.010422 
629 	 152.589806 	 152.589806 	 23539.727301 	 576686412.984903 
630 	 152.909432 	 152.909432 	 23641.597246 	 581640430.830487 
631 	 153.633118 	 153.633118 	 23867.826406 	 593072146.708322 
632 	 152.058362 	 152.058362 	 23416.569126 	 573380968.496299 
633 	 152.006724 	 152.006724 	 23402.321882 	 572035934.513033 
634 	 153.808282 	 153.808282 	 23895.902086 	 592630094.110696 
635 	 152.420850 	 152.420850 	 23489.046556 	 574227335.381838 
636 	 152.250863 	 152.250863 	 23477.411889 	 576101162.915372 
637 	 153.270373 	 153.270373 	 23741.730534 	 585922323.739304 
638 	 152.508569 	 152.508569 	 23521.176669 	 575966637.907737 
639 	 153.318132 	 153.318132 	 23779.501058 	 589086929.010225 
640 	 154.257970 	 154.257970 	 24042.940110 	 600044534.161688 
641 	 153.236777 	 153.236777 	 23740.888962 	 586501621.382382 
642 	 152.404671 	 152.404671 	 23495.870484 	 575141194.983929 
643 	 153.184183 	 153.184183 	 23721.892298 	 585594133.361644 
644 	 153.709761 	 153.709761 	 23908.179288 	 595685645.347901 
645 	 153.139995 	 153.139995 	 23710.009450 	 584984077.008373 
646 	 152.921104 	 152.921104 	 23672.461676 	 584566241.017771 
647 	 151.632847 	 151.632847 	 23295.714647 	 567484257.224014 
648 	 152.508711 	 152.508711 	 23543.597809 	 578292737.110042 
649 	 153.206412 	 153.206412 	 23743.268057 	 587764380.810701 
650 	 153.897007 	 153.897007 	 23932.475582 	 595042053.273980 
651 	 152.384657 	 152.384657 	 23496.828307 	 576103292.229936 
652 	 153.835130 	 153.835130 	 23913.698201 	 593777424.742099 
653 	 152.641765 	 152.641765 	 23597.944979 	 582474746.760812 
654 	 154.212184 	 154.212184 	 24032.648863 	 600005601.141876 
655 	 153.829804 	 153.829804 	 23916.340448 	 594131984.470521 
656 	 152.008145 	 152.008145 	 23378.513466 	 569734305.475901 
657 	 153.271551 	 153.271551 	 23734.414505 	 584893458.437912 
658 	 153.025237 	 153.025237 	 23680.022705 	 583576382.363027 
659 	 151.740474 	 151.740474 	 23312.052066 	 568024758.955035 
660 	 153.018308 	 153.018308 	 23659.256153 	 581587527.178776 
661 	 153.493652 	 153.493652 	 23833.710732 	 591871987.478022 
662 	 153.190306 	 153.190306 	 23733.180101 	 586050634.899105 
663 	 152.812389 	 152.812389 	 23618.398457 	 580927516.428591 
664 	 154.271265 	 154.271265 	 24037.903273 	 599341575.201765 
665 	 153.930065 	 153.930065 	 23977.121437 	 599129188.677625 
666 	 152.775364 	 152.775364 	 23615.028401 	 581776458.833649 
667 	 153.020732 	 153.020732 	 23666.734533 	 582214959.262107 
668 	 153.804680 	 153.804680 	 23910.115926 	 594240933.721183 
669 	 154.132326 	 154.137194 	 24048.091998 	 602088382.693965 
670 	 153.707402 	 153.707402 	 23875.499892 	 592120847.991692 
671 	 153.275976 	 153.275976 	 23737.236772 	 585039614.309587 
672 	 153.581811 	 153.581811 	 23874.114383 	 595018965.068368 
673 	 152.988424 	 152.988424 	 23680.355801 	 584667410.643725 
674 	 153.604861 	 153.604861 	 23852.012707 	 591679074.891888 
675 	 151.716651 	 151.716651 	 23320.632963 	 569442153.814546 
676 	 153.140114 	 153.155831 	 23817.849473 	 594177061.023888 
677 	 153.486621 	 153.486621 	 23818.903129 	 590381869.368078 
678 	 154.547148 	 154.547148 	 24124.540759 	 603616034.549195 
679 	 153.252300 	 153.252300 	 23732.596076 	 585102939.653327 
680 	 153.089531 	 153.089531 	 23714.859624 	 585665974.098065 
681 	 151.267324 	 151.267324 	 23214.924624 	 564598469.990847 
682 	 152.386981 	 152.386981 	 23522.101751 	 578708235.321343 
683 	 152.999202 	 152.999202 	 23664.474497 	 582248376.291380 
684 	 151.524198 	 151.524198 	 23246.491425 	 564898639.174655 
685 	 153.960545 	 153.960545 	 23932.403195 	 593529024.224142 
686 	 153.087529 	 153.087529 	 23733.892674 	 588323883.308602 
687 	 153.537259 	 153.537259 	 23832.015206 	 590488101.118728 
688 	 154.041559 	 154.041559 	 23960.956084 	 595187477.585825 
689 	 152.792503 	 152.792503 	 23634.309295 	 583365626.534823 
690 	 152.630907 	 152.630907 	 23606.997340 	 581528863.256191 
691 	 152.323321 	 152.323321 	 23496.374257 	 575625622.085822 
692 	 153.338245 	 153.338245 	 23752.607516 	 585670570.149992 
693 	 90.283930 	 151.058692 	 23222.872739 	 567240487.765643 
694 	 -152.838940 	 152.838940 	 23605.945969 	 579038627.912425 
695 	 -154.312119 	 154.312119 	 24044.295609 	 599205223.980843 
696 	 -153.396039 	 153.396039 	 23772.207609 	 586819857.822914 
697 	 -153.158858 	 153.158858 	 23724.106129 	 586056291.725263 
698 	 -154.069525 	 154.069525 	 23974.529727 	 596221539.057329 
699 	 -152.366444 	 152.366444 	 23495.352561 	 576246387.072405 
700 	 -152.960770 	 152.960770 	 23662.294461 	 582723416.471354 

%ACCRATE = 0.862052

%%%%%%%%%%%%%%%%%%%%%%%%%%%%%%%%%%%%%%%%%%%%%%%%%%%%%%%%%%%%%%%%%%%%%%%%%%%
%KAPPA = 0.220000
%%%%%%%%%%%%%%%%%%%%%%%%%%%%%%%%%%%%%%%%%%%%%%%%%%%%%%%%%%%%%%%%%%%%%%%%%%%

701 	 -168.765287 	 168.765287 	 28635.426074 	 836955860.244697 
702 	 -168.423751 	 168.423751 	 28518.482240 	 830022614.723119 
703 	 -168.852663 	 168.852663 	 28670.334142 	 839444210.918138 
704 	 -168.883972 	 168.883972 	 28687.106162 	 841200991.696693 
705 	 -168.511046 	 168.511046 	 28554.129959 	 832820049.311698 
706 	 -169.143087 	 169.143087 	 28767.425504 	 845018944.964340 
707 	 -168.478673 	 168.478673 	 28543.724514 	 832247121.182091 
708 	 -168.149702 	 168.149702 	 28440.039133 	 826920455.155905 
709 	 -168.425940 	 168.425940 	 28531.959533 	 831972192.169394 
710 	 -168.367937 	 168.367937 	 28509.639410 	 830495153.253096 
711 	 -168.019640 	 168.019640 	 28393.640877 	 824066910.883441 
712 	 -168.192839 	 168.192839 	 28457.906385 	 828180529.179234 
713 	 -168.412558 	 168.412558 	 28519.395156 	 830486525.024006 
714 	 -167.753848 	 167.753848 	 28317.199126 	 820629557.860492 
715 	 -168.003359 	 168.003359 	 28391.000579 	 824067365.333113 
716 	 -168.380876 	 168.380876 	 28510.422310 	 830309866.651762 
717 	 -168.355767 	 168.355767 	 28491.625826 	 828148807.308082 
718 	 -168.442611 	 168.442611 	 28529.970095 	 831214050.547738 
719 	 -168.658658 	 168.658658 	 28595.855819 	 834292666.806458 
720 	 -168.021243 	 168.021243 	 28397.792440 	 824511424.345799 
721 	 -168.063888 	 168.063888 	 28404.256896 	 824078258.002457 
722 	 -168.071494 	 168.071494 	 28414.079176 	 825405474.340664 
723 	 -167.440388 	 167.440388 	 28226.194253 	 816481611.209808 
724 	 -168.942243 	 168.942243 	 28689.791791 	 839639932.271281 
725 	 -168.411846 	 168.411846 	 28533.049784 	 832712857.561213 
726 	 -167.629170 	 167.629170 	 28262.139797 	 816466624.093971 
727 	 -168.334587 	 168.334587 	 28498.473199 	 829881562.923817 
728 	 -168.701316 	 168.701316 	 28622.233828 	 837026766.925570 
729 	 -167.761585 	 167.761585 	 28301.577267 	 817997988.589880 
730 	 -167.796573 	 167.796573 	 28319.090359 	 819696868.246833 
731 	 -168.603351 	 168.603351 	 28583.155678 	 834182981.624626 
732 	 -168.389890 	 168.389890 	 28515.082900 	 830619446.275845 
733 	 -168.349402 	 168.349402 	 28505.889012 	 830514062.715682 
734 	 -168.358190 	 168.358190 	 28510.121482 	 830887884.107316 
735 	 -168.311540 	 168.311540 	 28495.421037 	 830194100.106383 
736 	 -167.690760 	 167.690760 	 28278.648052 	 817071397.789277 
737 	 -169.039052 	 169.039052 	 28735.031003 	 843279853.199229 
738 	 -168.061151 	 168.061151 	 28401.398200 	 823880971.685775 
739 	 -168.152007 	 168.152007 	 28437.066184 	 826355932.083483 
740 	 -168.307106 	 168.307106 	 28486.990448 	 828869167.909817 
741 	 -168.784897 	 168.784897 	 28641.699143 	 837301986.384041 
742 	 -168.565603 	 168.565603 	 28587.584673 	 836145748.322705 
743 	 -168.578302 	 168.578302 	 28584.573647 	 835166844.379736 
744 	 -168.405984 	 168.405984 	 28516.747355 	 830418633.453258 
745 	 -168.326039 	 168.326039 	 28504.230662 	 830841967.939706 
746 	 -167.627427 	 167.627427 	 28269.442109 	 817615863.960154 
747 	 -168.644330 	 168.644330 	 28605.833141 	 836581826.707266 
748 	 -168.810099 	 168.810099 	 28661.058018 	 839400916.557488 
749 	 -167.861153 	 167.861153 	 28332.124596 	 819639243.317426 
750 	 -167.562587 	 167.562587 	 28241.116582 	 815339152.781403 
751 	 -168.302511 	 168.302511 	 28476.877611 	 827536039.394566 
752 	 -168.213278 	 168.213278 	 28457.088245 	 827402488.925672 
753 	 -168.834998 	 168.834998 	 28656.713978 	 837909269.517826 
754 	 -168.415371 	 168.415371 	 28513.479432 	 829514244.627691 
755 	 -168.498541 	 168.498541 	 28547.707496 	 832074497.152189 
756 	 -167.716583 	 167.716583 	 28295.494513 	 818754238.212633 
757 	 -168.477271 	 168.477271 	 28540.391136 	 831800833.278700 
758 	 -168.956229 	 168.956229 	 28707.624714 	 841948944.345688 
759 	 -168.538475 	 168.538475 	 28562.662181 	 833150115.799055 
760 	 -168.648510 	 168.648510 	 28613.873045 	 837421148.151128 
761 	 -168.866306 	 168.866306 	 28686.430340 	 841395719.044124 
762 	 -168.256676 	 168.256676 	 28458.382433 	 826127544.212505 
763 	 -168.515729 	 168.515729 	 28555.691716 	 832867530.588498 
764 	 -168.131935 	 168.131935 	 28441.478698 	 827444481.873507 
765 	 -168.089063 	 168.089063 	 28418.831167 	 825384246.311179 
766 	 -167.889023 	 167.889023 	 28345.637710 	 820658960.526473 
767 	 -168.096955 	 168.096955 	 28419.471405 	 825457979.343976 
768 	 -168.054829 	 168.054829 	 28422.006869 	 827282746.565825 
769 	 -167.749611 	 167.749611 	 28334.409780 	 822131717.118688 
770 	 -168.235014 	 168.235014 	 28467.808204 	 828312352.866170 
771 	 -168.272756 	 168.272756 	 28488.323191 	 830464998.024048 
772 	 -168.083137 	 168.083137 	 28424.564387 	 826421434.770773 
773 	 -168.306439 	 168.306439 	 28491.182365 	 829632771.426553 
774 	 -168.621922 	 168.621922 	 28591.914064 	 834934632.235653 
775 	 -167.200054 	 167.200054 	 28136.716929 	 811039484.690611 
776 	 -168.049553 	 168.049553 	 28418.303919 	 826786524.577509 
777 	 -168.464769 	 168.464769 	 28540.135544 	 832041631.504096 
778 	 -167.801044 	 167.801044 	 28334.944015 	 821816744.441905 
779 	 -168.315234 	 168.315234 	 28493.150911 	 829591260.627763 
780 	 -168.410423 	 168.410423 	 28529.311355 	 832253554.250647 
781 	 -168.063778 	 168.063778 	 28417.149945 	 826232751.271239 
782 	 -167.992400 	 167.992400 	 28395.865666 	 825302772.102886 
783 	 -167.856990 	 167.856990 	 28331.810398 	 819601673.660282 
784 	 -166.814385 	 166.814385 	 28000.962950 	 802795150.852262 
785 	 -168.097716 	 168.097716 	 28417.414441 	 825038536.852409 
786 	 -167.440419 	 167.440419 	 28196.987596 	 812432749.591975 
787 	 -169.097629 	 169.097629 	 28743.484793 	 842741855.111587 
788 	 -168.348493 	 168.348493 	 28505.029862 	 830340909.219435 
789 	 -168.452056 	 168.452056 	 28540.010524 	 832481876.083229 
790 	 -168.511010 	 168.511010 	 28553.355181 	 832626400.440317 
791 	 -167.983616 	 167.983616 	 28386.751080 	 824033713.984598 
792 	 -168.540983 	 168.540983 	 28553.502689 	 831535951.558307 
793 	 -168.607825 	 168.607825 	 28592.549691 	 835439248.839260 
794 	 -168.616982 	 168.616982 	 28589.228374 	 834732456.126284 
795 	 -168.131304 	 168.131304 	 28433.270937 	 826607894.850987 
796 	 -168.614661 	 168.614661 	 28591.416351 	 834919026.312788 
797 	 -169.083462 	 169.083462 	 28737.093288 	 842314150.052226 
798 	 -167.924143 	 167.924143 	 28358.782006 	 821740444.945665 
799 	 -168.107929 	 168.107929 	 28413.129014 	 824123800.520164 
800 	 -168.135600 	 168.135600 	 28430.410310 	 825701014.519372 

%ACCRATE = 0.854776

%%%%%%%%%%%%%%%%%%%%%%%%%%%%%%%%%%%%%%%%%%%%%%%%%%%%%%%%%%%%%%%%%%%%%%%%%%%
%KAPPA = 0.230000
%%%%%%%%%%%%%%%%%%%%%%%%%%%%%%%%%%%%%%%%%%%%%%%%%%%%%%%%%%%%%%%%%%%%%%%%%%%

801 	 -179.700782 	 179.700782 	 32416.799456 	 1066470890.541556 
802 	 -179.742564 	 179.742564 	 32422.297461 	 1065646396.146624 
803 	 -179.486214 	 179.486214 	 32331.419246 	 1059940889.682216 
804 	 -179.556286 	 179.556286 	 32355.232046 	 1061342648.597109 
805 	 -179.658131 	 179.658131 	 32395.582025 	 1064339843.921038 
806 	 -179.760324 	 179.760324 	 32437.186300 	 1067646664.354926 
807 	 -179.416636 	 179.416636 	 32318.651967 	 1060428605.559831 
808 	 -179.008821 	 179.008821 	 32166.134805 	 1049947954.252326 
809 	 -179.489084 	 179.489084 	 32332.861627 	 1060124030.712083 
810 	 -180.444785 	 180.444785 	 32667.931217 	 1080939783.346428 
811 	 -179.802833 	 179.802833 	 32443.105815 	 1066977951.912446 
812 	 -179.843358 	 179.843358 	 32454.169591 	 1067250798.753863 
813 	 -180.053975 	 180.053975 	 32534.888927 	 1073131586.943808 
814 	 -179.368235 	 179.368235 	 32290.257103 	 1057416785.304817 
815 	 -179.198142 	 179.198142 	 32232.932371 	 1054048666.731336 
816 	 -179.599026 	 179.599026 	 32371.043678 	 1062365809.956585 
817 	 -179.970425 	 179.970425 	 32508.469675 	 1071733026.908812 
818 	 -179.883644 	 179.883644 	 32474.140993 	 1069269936.728404 
819 	 -179.393176 	 179.393176 	 32299.152277 	 1057943350.906236 
820 	 -179.676668 	 179.676668 	 32397.872261 	 1064052703.253338 
821 	 -179.410939 	 179.410939 	 32304.902435 	 1058250749.527346 
822 	 -179.557430 	 179.557430 	 32357.793919 	 1061742269.881442 
823 	 -179.586085 	 179.586085 	 32361.158520 	 1061175063.597895 
824 	 -180.163030 	 180.163030 	 32569.648209 	 1074891378.570866 
825 	 -180.338769 	 180.338769 	 32635.546711 	 1079472332.010443 
826 	 -179.345287 	 179.345287 	 32286.991849 	 1057753672.625280 
827 	 -179.506613 	 179.506613 	 32339.953210 	 1060588356.234091 
828 	 -179.797620 	 179.797620 	 32440.919176 	 1066773750.132017 
829 	 -180.011753 	 180.011753 	 32522.912060 	 1072674234.702842 
830 	 -179.904212 	 179.904212 	 32479.017050 	 1069239478.406377 
831 	 -179.641476 	 179.641476 	 32385.240126 	 1063207733.741812 
832 	 -179.752612 	 179.752612 	 32425.962311 	 1065887316.330780 
833 	 -179.887432 	 179.887432 	 32475.768372 	 1069348269.621784 
834 	 -179.214551 	 179.214551 	 32234.816400 	 1053764561.261245 
835 	 -180.143652 	 180.143652 	 32566.126265 	 1075063807.221174 
836 	 -180.064679 	 180.064679 	 32535.538176 	 1072816426.651276 
837 	 -179.712638 	 179.712638 	 32420.222050 	 1066508541.867494 
838 	 -179.568201 	 179.568201 	 32353.420209 	 1060493133.326304 
839 	 -179.844494 	 179.844494 	 32458.362593 	 1068004526.179216 
840 	 -179.072963 	 179.072963 	 32189.063111 	 1051344039.033206 
841 	 -179.859152 	 179.859152 	 32460.928256 	 1067878781.316716 
842 	 -179.416892 	 179.416892 	 32308.704453 	 1058732687.039214 
843 	 -180.246382 	 180.246382 	 32597.310235 	 1076395921.995249 
844 	 -179.351724 	 179.351724 	 32284.951314 	 1057148118.053344 
845 	 -179.931575 	 179.931575 	 32492.047930 	 1070517653.030711 
846 	 -179.670861 	 179.670861 	 32405.947064 	 1065604688.429963 
847 	 -180.132072 	 180.132072 	 32555.645761 	 1073655107.113313 
848 	 -179.694573 	 179.694573 	 32400.178865 	 1063736822.913020 
849 	 -180.363896 	 180.363896 	 32642.600529 	 1079745019.533529 
850 	 -179.605349 	 179.605349 	 32375.144727 	 1062830054.443477 
851 	 -180.017866 	 180.017866 	 32519.002092 	 1071753606.883650 
852 	 -179.928939 	 179.928939 	 32488.340639 	 1069984081.846877 
853 	 -180.117706 	 180.117706 	 32559.250509 	 1074945010.270139 
854 	 -179.911362 	 179.911362 	 32479.483219 	 1069059758.245861 
855 	 -179.253483 	 179.253483 	 32247.707529 	 1054519582.268598 
856 	 -179.664325 	 179.664325 	 32395.084514 	 1064051250.460761 
857 	 -179.945727 	 179.945727 	 32492.959402 	 1070056887.610154 
858 	 -179.306086 	 179.306086 	 32274.606268 	 1057101772.883525 
859 	 -179.585827 	 179.585827 	 32365.974571 	 1062054654.793532 
860 	 -180.178976 	 180.178976 	 32577.747267 	 1075732574.449647 
861 	 -179.815016 	 179.815016 	 32444.968087 	 1066729782.907502 
862 	 -180.192150 	 180.192150 	 32582.300350 	 1075905166.725935 
863 	 -179.409484 	 179.409484 	 32303.933387 	 1058182341.152256 
864 	 -180.109566 	 180.109566 	 32546.746204 	 1072884107.654092 
865 	 -179.918885 	 179.918885 	 32484.449524 	 1069695514.382097 
866 	 -179.989176 	 179.989176 	 32509.177249 	 1071151946.536671 
867 	 -179.453083 	 179.453083 	 32324.724996 	 1060188575.538825 
868 	 -179.842169 	 179.842169 	 32458.024303 	 1068010527.320450 
869 	 -179.994469 	 179.994469 	 32516.644800 	 1072325101.628807 
870 	 -180.309005 	 180.309005 	 32619.167909 	 1077738955.871343 
871 	 -179.696774 	 179.696774 	 32401.719015 	 1063900450.066674 
872 	 -179.999589 	 179.999589 	 32516.015627 	 1071970713.309076 
873 	 -179.861498 	 179.861498 	 32466.272142 	 1068706200.314742 
874 	 -180.147021 	 180.147021 	 32564.452028 	 1074599981.101675 
875 	 -179.232154 	 179.232154 	 32242.885517 	 1054433013.442578 
876 	 -179.937015 	 179.937015 	 32499.807065 	 1071736064.254964 
877 	 -179.831651 	 179.831651 	 32458.017911 	 1068455902.875625 
878 	 -180.069109 	 180.069109 	 32542.965657 	 1073973362.223532 
879 	 -179.901676 	 179.901676 	 32478.587403 	 1069324020.481791 
880 	 -180.054890 	 180.054890 	 32529.558184 	 1072126759.789960 
881 	 -180.183479 	 180.183479 	 32579.109367 	 1075730356.301793 
882 	 -179.364532 	 179.364532 	 32289.862546 	 1057504285.392604 
883 	 -180.083233 	 180.083233 	 32539.020026 	 1072646897.524212 
884 	 -180.018814 	 180.018814 	 32523.145669 	 1072495837.560270 
885 	 -179.742468 	 179.742468 	 32428.592575 	 1067009211.594213 
886 	 -179.347279 	 179.347279 	 32284.598531 	 1057198549.347781 
887 	 -180.074219 	 180.074219 	 32541.041127 	 1073437399.923464 
888 	 -180.359704 	 180.359704 	 32638.417498 	 1079142849.944408 
889 	 -179.963724 	 179.963724 	 32495.315554 	 1069718626.670284 
890 	 -179.649355 	 179.649355 	 32397.673587 	 1065012630.654733 
891 	 -179.433798 	 179.433798 	 32312.140099 	 1058627011.976909 
892 	 -179.525740 	 179.525740 	 32348.017161 	 1061314320.818271 
893 	 -179.412192 	 179.412192 	 32308.836209 	 1058900326.325268 
894 	 -179.956046 	 179.956046 	 32498.568225 	 1070614587.851651 
895 	 -180.009003 	 180.009003 	 32515.020865 	 1071437137.451820 
896 	 -179.724463 	 179.724463 	 32420.412389 	 1066200646.181445 
897 	 -179.329168 	 179.329168 	 32274.216329 	 1056092782.424058 
898 	 -180.217568 	 180.217568 	 32595.756181 	 1077331908.669909 
899 	 -179.440381 	 179.440381 	 32318.819121 	 1059527909.803855 
900 	 -179.762651 	 179.762651 	 32428.126169 	 1065967489.037308 

%ACCRATE = 0.848954
