%%%%%%%%%%%%%%%%%%%%%%%%%%%%%%%%%%%%%%%%%%%%%%%%%%%%%%%%%%%%%%%%%%%%%%%%%%%
%SIMULAZIONE D = 3, L = 16, V = 4096
%NUMERO DI MISURE PER OGNI KAPPA: T = 100
%%%%%%%%%%%%%%%%%%%%%%%%%%%%%%%%%%%%%%%%%%%%%%%%%%%%%%%%%%%%%%%%%%%%%%%%%%%

%%%%%%%%%%%%%%%%%%%%%%%%%%%%%%%%%%%%%%%%%%%%%%%%%%%%%%%%%%%%%%%%%%%%%%%%%%%
%KAPPA = 0.150000
%%%%%%%%%%%%%%%%%%%%%%%%%%%%%%%%%%%%%%%%%%%%%%%%%%%%%%%%%%%%%%%%%%%%%%%%%%%

1 	 11.143453 	 96.519907 	 14674.066923 	 659367841.141606 
2 	 -2.228682 	 95.554185 	 14449.488715 	 639714123.676018 
3 	 11.707967 	 97.808545 	 15142.860187 	 694751619.603316 
4 	 3.120038 	 98.842499 	 15321.908703 	 688061878.312694 
5 	 3.066066 	 96.544238 	 14818.494034 	 678622177.125282 
6 	 10.115882 	 95.719716 	 14302.166848 	 600589673.792958 
7 	 -8.761628 	 96.891909 	 14873.365323 	 670586038.859718 
8 	 -4.867792 	 102.115081 	 16044.068100 	 736932176.173559 
9 	 -12.067817 	 104.119709 	 16896.824872 	 823869530.893504 
10 	 -2.273767 	 102.645342 	 16569.838367 	 824575246.508703 
11 	 7.460197 	 97.142956 	 15031.665523 	 713546639.154246 
12 	 5.733620 	 95.175543 	 14201.482270 	 582895189.158289 
13 	 -1.037876 	 97.703954 	 15031.179167 	 688607823.003864 
14 	 -7.004886 	 102.946098 	 16466.706044 	 777607928.447143 
15 	 7.301663 	 100.976182 	 15986.751844 	 766920246.058339 
16 	 3.059783 	 97.560933 	 14727.773449 	 621673395.380916 
17 	 -0.375054 	 99.540239 	 15185.151741 	 634304316.446968 
18 	 -4.135037 	 96.053069 	 14423.364627 	 601890687.888505 
19 	 -3.077886 	 95.316173 	 14397.790320 	 618470975.481815 
20 	 0.993692 	 100.594317 	 15672.127585 	 720703350.411867 
21 	 7.600897 	 103.365756 	 16449.767228 	 755151843.914783 
22 	 6.621955 	 100.035734 	 15658.863370 	 701989927.536528 
23 	 4.365547 	 101.481796 	 16109.255877 	 811742877.031866 
24 	 -0.326713 	 98.172060 	 15603.805645 	 827672533.281893 
25 	 4.516385 	 95.959352 	 14357.981895 	 601792292.309054 
26 	 4.220333 	 95.821073 	 14379.961045 	 620719735.615017 
27 	 0.288897 	 95.806233 	 14504.408635 	 629886629.809931 
28 	 4.964383 	 97.013019 	 14869.298967 	 667258208.572206 
29 	 11.088216 	 98.842425 	 15150.949070 	 656863725.353027 
30 	 9.913828 	 96.696172 	 14826.459549 	 679856938.575630 
31 	 -4.572305 	 99.491899 	 15432.863882 	 686777402.096044 
32 	 -1.164270 	 100.214393 	 15823.741515 	 749224389.671661 
33 	 -3.517026 	 99.669822 	 15591.935236 	 732134673.976199 
34 	 0.727837 	 100.717378 	 15819.380672 	 745581127.591384 
35 	 -3.465795 	 99.616095 	 15388.631201 	 681311472.612928 
36 	 9.091058 	 101.287631 	 16016.010369 	 754598761.033343 
37 	 6.400998 	 98.451434 	 15097.214769 	 667238408.989995 
38 	 -6.005427 	 99.967645 	 15852.339407 	 800511794.927517 
39 	 -8.179000 	 100.636106 	 15655.395513 	 696895080.714427 
40 	 12.238837 	 91.679648 	 13582.688243 	 620041820.846713 
41 	 3.821315 	 100.393887 	 15967.736133 	 781199538.735736 
42 	 2.710802 	 97.225899 	 14642.196078 	 614501063.650838 
43 	 8.921506 	 96.461772 	 14531.775680 	 617799969.799667 
44 	 11.101677 	 100.328088 	 15847.291971 	 759468290.525159 
45 	 0.577699 	 97.373602 	 14829.124853 	 677772640.873116 
46 	 1.315239 	 97.437035 	 14993.906081 	 676807983.281193 
47 	 5.662465 	 98.817775 	 15187.815531 	 656057873.476079 
48 	 12.942938 	 102.303014 	 16197.554861 	 774220979.161983 
49 	 -7.538840 	 107.428402 	 17813.290494 	 880995365.407336 
50 	 -1.329028 	 100.401144 	 15748.405838 	 720293519.546830 
51 	 0.067115 	 100.717476 	 16233.961907 	 842230221.917519 
52 	 1.130249 	 99.512416 	 15561.506184 	 722404400.981034 
53 	 3.962339 	 95.963305 	 14506.380699 	 651180673.776507 
54 	 3.276701 	 96.572001 	 14450.928114 	 595801465.366576 
55 	 0.782228 	 99.022749 	 15267.783374 	 671498859.561629 
56 	 -10.613265 	 99.673924 	 15733.549770 	 782884817.644122 
57 	 13.462487 	 95.603117 	 14412.936854 	 708972973.292948 
58 	 -5.840372 	 100.404190 	 15825.006895 	 798734437.728743 
59 	 7.936112 	 99.714332 	 15974.258166 	 803322626.179373 
60 	 -0.536859 	 97.220959 	 14792.096054 	 644717652.732843 
61 	 -1.852233 	 103.654253 	 16747.831299 	 814134250.708512 
62 	 -4.479352 	 97.536650 	 15173.134251 	 727732426.622099 
63 	 -3.963351 	 95.397363 	 14257.703639 	 591200229.870370 
64 	 2.949133 	 95.432861 	 14320.082752 	 614131413.560170 
65 	 0.189861 	 97.805107 	 15419.735811 	 767536711.955247 
66 	 -10.031503 	 94.904503 	 14184.100093 	 616573651.157106 
67 	 -9.569431 	 100.790349 	 15855.487384 	 716963735.799143 
68 	 4.250263 	 103.576181 	 16916.057826 	 837397408.533149 
69 	 -0.656061 	 99.404242 	 15363.730301 	 685846198.899711 
70 	 8.448390 	 99.998663 	 15822.310050 	 747035105.555924 
71 	 5.329570 	 99.026153 	 15411.559111 	 742716012.331758 
72 	 5.570920 	 100.150968 	 15641.767721 	 695722509.598968 
73 	 8.988508 	 95.616371 	 14150.250138 	 567517667.267959 
74 	 -3.866938 	 93.281139 	 13507.412945 	 538839095.839585 
75 	 -2.181691 	 100.609377 	 15757.591614 	 702715907.146969 
76 	 -11.798467 	 97.068843 	 14610.664535 	 604037882.679747 
77 	 -4.554977 	 100.145793 	 15563.892652 	 679664569.733516 
78 	 11.956466 	 97.282959 	 14979.756823 	 675565234.085230 
79 	 -8.796359 	 96.321633 	 14368.680070 	 618715788.928277 
80 	 -4.170372 	 99.881938 	 15883.477402 	 791244180.521006 
81 	 -2.668150 	 91.360205 	 13091.708865 	 515101239.683474 
82 	 0.331388 	 94.438500 	 14138.418879 	 603077522.013424 
83 	 -1.550275 	 96.342099 	 14985.008270 	 747313781.231614 
84 	 9.076336 	 103.760247 	 16701.320381 	 812135785.032610 
85 	 -4.385796 	 96.915896 	 14630.848693 	 620476144.207188 
86 	 -1.070715 	 94.747417 	 14087.034643 	 602581806.238584 
87 	 5.919718 	 100.499249 	 15812.782106 	 738992408.879224 
88 	 -5.409740 	 99.619677 	 15298.362657 	 664166927.645594 
89 	 -4.877777 	 100.989000 	 15862.695841 	 729848861.262905 
90 	 -12.262483 	 99.886668 	 15624.320510 	 718845545.757975 
91 	 1.278583 	 99.713387 	 15754.302190 	 752197935.447322 
92 	 1.193401 	 103.087556 	 16334.143969 	 759936125.286211 
93 	 6.709866 	 105.042995 	 17078.104910 	 851442046.995340 
94 	 2.547885 	 97.776685 	 15078.727967 	 689932987.013644 
95 	 -10.304759 	 101.894882 	 16161.436393 	 737351401.784687 
96 	 0.128360 	 97.166394 	 14877.403894 	 674466015.717725 
97 	 7.926122 	 102.734973 	 16594.281630 	 801836932.970439 
98 	 8.376894 	 100.162987 	 15845.290204 	 749102086.816551 
99 	 1.992269 	 102.209564 	 16585.441662 	 822516972.383011 
100 	 3.605549 	 96.428585 	 14570.527136 	 617687803.686225 

%ACCRATE = 0.908201

%%%%%%%%%%%%%%%%%%%%%%%%%%%%%%%%%%%%%%%%%%%%%%%%%%%%%%%%%%%%%%%%%%%%%%%%%%%
%KAPPA = 0.160000
%%%%%%%%%%%%%%%%%%%%%%%%%%%%%%%%%%%%%%%%%%%%%%%%%%%%%%%%%%%%%%%%%%%%%%%%%%%

101 	 -23.307866 	 123.745441 	 24230.780442 	 1772358414.894596 
102 	 8.425262 	 125.628115 	 24873.541907 	 1825529923.504039 
103 	 2.339337 	 121.748627 	 23686.041796 	 1760892738.880454 
104 	 -9.537537 	 119.376045 	 22466.946267 	 1622941509.691630 
105 	 -30.135932 	 127.385316 	 26094.216316 	 2234791862.811031 
106 	 10.350200 	 121.167631 	 23013.181585 	 1596689751.425668 
107 	 -8.236544 	 117.678483 	 21628.712422 	 1349363052.336719 
108 	 13.173444 	 110.976955 	 19214.835074 	 1061368753.559062 
109 	 -1.743677 	 126.854441 	 24954.292184 	 1914210488.099395 
110 	 -1.597209 	 131.565700 	 26679.973802 	 2090386739.369598 
111 	 19.024537 	 119.507173 	 22031.362905 	 1380807031.705716 
112 	 -16.618900 	 124.702460 	 23772.361616 	 1548779166.773788 
113 	 8.885488 	 121.828575 	 22895.936369 	 1456135228.389753 
114 	 7.420383 	 115.854629 	 20965.249026 	 1242924994.977399 
115 	 1.070758 	 126.432834 	 24974.990131 	 1806379645.380747 
116 	 9.104910 	 122.770394 	 23476.771649 	 1623636309.790009 
117 	 5.869599 	 120.780262 	 22776.586086 	 1485720343.000183 
118 	 -5.895526 	 119.864361 	 22454.339648 	 1479275341.646905 
119 	 -5.532375 	 122.033133 	 22778.341815 	 1475856659.559153 
120 	 -26.467032 	 123.450520 	 23798.469375 	 1628796770.009973 
121 	 -2.242845 	 120.356326 	 22460.156641 	 1467914267.367092 
122 	 8.309615 	 124.571026 	 23759.811081 	 1569618503.831931 
123 	 14.207063 	 124.200104 	 24828.906104 	 1950388737.331218 
124 	 -10.563761 	 118.168288 	 21689.876178 	 1381555489.459693 
125 	 -15.226957 	 113.696147 	 20118.454556 	 1211910689.332031 
126 	 11.223518 	 116.356535 	 21000.010348 	 1266552624.551156 
127 	 19.589428 	 122.913406 	 23309.301175 	 1549908337.768470 
128 	 -4.357963 	 119.981933 	 23610.913855 	 2062403876.288112 
129 	 9.362858 	 123.601581 	 24304.225176 	 1787999215.546360 
130 	 -9.539711 	 121.467966 	 22875.758759 	 1514630016.424326 
131 	 -2.543499 	 117.902733 	 21662.706517 	 1373964833.665639 
132 	 13.842907 	 119.239665 	 22801.311089 	 1637492491.585663 
133 	 9.806781 	 117.145463 	 21839.420660 	 1515340630.471332 
134 	 7.031544 	 111.762670 	 19774.434994 	 1214874424.657407 
135 	 -4.037179 	 121.637343 	 23391.693744 	 1620873576.477072 
136 	 4.466003 	 120.931426 	 23341.102587 	 1682449281.818525 
137 	 -21.212265 	 122.656651 	 22900.287886 	 1442385748.327563 
138 	 17.248809 	 128.040446 	 25472.276096 	 1903745663.120211 
139 	 -5.818342 	 122.715336 	 23236.945927 	 1540461305.598121 
140 	 -15.604370 	 122.662104 	 23437.141391 	 1576783420.889166 
141 	 10.339638 	 117.490676 	 21750.971713 	 1375380464.314097 
142 	 27.179108 	 117.997550 	 22414.387806 	 1560036359.767364 
143 	 -16.664201 	 119.272539 	 22426.495694 	 1492900151.972131 
144 	 -2.667272 	 108.066974 	 18797.496730 	 1133463143.872720 
145 	 24.594026 	 129.006621 	 26386.368591 	 2263646456.182330 
146 	 -5.495780 	 121.565621 	 23359.966203 	 1599380147.742872 
147 	 12.029067 	 126.626086 	 25356.723184 	 1947292825.311385 
148 	 -2.722705 	 123.240371 	 23872.704444 	 1697001890.477707 
149 	 4.910409 	 118.596117 	 21818.395411 	 1377948271.903178 
150 	 -6.725361 	 126.626625 	 25096.440497 	 1960724281.382877 
151 	 1.732927 	 119.188228 	 22048.890348 	 1481486882.686652 
152 	 -13.896338 	 118.951053 	 22476.894951 	 1569392224.838145 
153 	 7.074587 	 130.822656 	 25558.696399 	 1712521396.994972 
154 	 -6.450236 	 121.518556 	 23258.858120 	 1609156582.306429 
155 	 0.350672 	 122.793207 	 24187.332196 	 1866363589.046064 
156 	 1.168411 	 116.847330 	 21527.979481 	 1442631682.644085 
157 	 -3.430595 	 118.842175 	 21699.523688 	 1306258070.471804 
158 	 2.755195 	 122.569216 	 24132.510556 	 1877252633.509060 
159 	 18.155842 	 116.720954 	 21124.126900 	 1300519251.098147 
160 	 15.911979 	 115.288579 	 21036.166391 	 1300251413.397000 
161 	 3.177438 	 131.770098 	 26565.381694 	 1891807944.449032 
162 	 -7.928857 	 121.761837 	 23591.807142 	 1718437043.256675 
163 	 4.967908 	 120.745249 	 22080.486627 	 1353529279.755800 
164 	 -9.809927 	 113.702990 	 20832.928342 	 1358566718.442088 
165 	 -6.057259 	 121.745877 	 23216.150322 	 1646463874.532845 
166 	 10.725954 	 119.343625 	 21731.392748 	 1287621672.882064 
167 	 -13.042334 	 117.672146 	 21203.701315 	 1254270120.278911 
168 	 -11.591288 	 116.285797 	 21696.943383 	 1505295992.251088 
169 	 7.941945 	 118.154816 	 22115.072874 	 1477219456.679832 
170 	 -7.597100 	 121.717396 	 22532.061572 	 1383201612.150351 
171 	 7.761457 	 117.712041 	 21321.104489 	 1324662784.709035 
172 	 -8.766569 	 115.286890 	 21219.184716 	 1445112704.091995 
173 	 -2.159120 	 121.955698 	 23326.860119 	 1565512824.047934 
174 	 7.086731 	 118.739195 	 22932.416010 	 1752150424.041604 
175 	 5.849024 	 123.996116 	 24698.202116 	 1976403469.681528 
176 	 12.151995 	 120.156809 	 22269.984805 	 1426799863.999614 
177 	 -0.202838 	 121.828487 	 23194.020129 	 1611953270.182878 
178 	 12.169763 	 120.678708 	 23156.898594 	 1766124127.433317 
179 	 1.610427 	 123.466736 	 23734.039126 	 1625513196.304556 
180 	 16.184451 	 121.849101 	 23107.646251 	 1594686722.554400 
181 	 -2.019697 	 119.497690 	 22395.359454 	 1462040054.727968 
182 	 -2.984897 	 119.312016 	 22500.232895 	 1632310080.149618 
183 	 1.489166 	 121.126794 	 23260.353964 	 1731585157.260520 
184 	 -0.536877 	 119.083127 	 22554.867854 	 1591996391.897535 
185 	 -3.193853 	 123.463396 	 24061.339456 	 1769095412.449582 
186 	 17.483005 	 119.657227 	 22673.878444 	 1625586938.883207 
187 	 -8.469669 	 119.457677 	 22620.036045 	 1546342688.987644 
188 	 8.581688 	 119.285948 	 21621.261470 	 1276225965.763844 
189 	 6.389627 	 117.342745 	 21438.500219 	 1345601642.142114 
190 	 14.954543 	 122.867710 	 23037.483255 	 1411806509.263528 
191 	 23.631195 	 120.761489 	 22627.108017 	 1503112684.383233 
192 	 8.134819 	 125.588183 	 24647.603557 	 1755127177.728959 
193 	 16.309725 	 116.679947 	 21832.674405 	 1537267432.662837 
194 	 -0.733282 	 126.004531 	 24843.397312 	 1813601441.042151 
195 	 -10.066476 	 117.734590 	 22283.704252 	 1591772295.752383 
196 	 16.080379 	 118.064231 	 21692.953573 	 1339441930.112490 
197 	 -11.408640 	 124.560087 	 24233.241010 	 1751581500.861745 
198 	 -10.100727 	 117.360856 	 21849.703667 	 1498567196.324892 
199 	 -5.695748 	 116.813378 	 21036.584722 	 1275088609.861033 
200 	 -7.624508 	 115.147636 	 20762.210715 	 1283698351.407131 

%ACCRATE = 0.907155

%%%%%%%%%%%%%%%%%%%%%%%%%%%%%%%%%%%%%%%%%%%%%%%%%%%%%%%%%%%%%%%%%%%%%%%%%%%
%KAPPA = 0.170000
%%%%%%%%%%%%%%%%%%%%%%%%%%%%%%%%%%%%%%%%%%%%%%%%%%%%%%%%%%%%%%%%%%%%%%%%%%%

201 	 -24.569557 	 167.179550 	 42922.357028 	 5177572777.650604 
202 	 -5.340059 	 155.269789 	 38434.257135 	 4747264596.790198 
203 	 -6.718653 	 154.740477 	 37540.603296 	 4208805268.889926 
204 	 -22.292987 	 169.070828 	 44267.432979 	 5479342207.318676 
205 	 25.883235 	 176.389592 	 47163.252684 	 5956912854.732267 
206 	 -13.103699 	 170.696322 	 45168.313529 	 5789892550.514015 
207 	 -32.536871 	 163.389252 	 40735.411534 	 4553260571.757661 
208 	 -1.965920 	 161.147646 	 40748.464978 	 4720325261.241930 
209 	 27.275868 	 166.141306 	 41316.321411 	 4643646478.900066 
210 	 -13.382373 	 142.292380 	 31699.031883 	 3034280084.325905 
211 	 2.303753 	 149.267116 	 34254.490627 	 3236484527.707593 
212 	 -0.214087 	 164.056023 	 41920.923696 	 5327777156.394948 
213 	 4.751839 	 153.068272 	 38605.356866 	 5099877452.922969 
214 	 -3.756175 	 153.716411 	 37810.479997 	 4468921576.511512 
215 	 19.170255 	 159.587601 	 40587.891987 	 5309462209.045543 
216 	 -1.583166 	 166.627052 	 44472.020678 	 6162286877.956347 
217 	 -20.582719 	 166.614930 	 41899.930109 	 4791706044.679389 
218 	 -23.299424 	 155.332509 	 39165.511655 	 5014314649.525423 
219 	 4.343059 	 151.440463 	 36742.305513 	 4053519456.856444 
220 	 -30.064105 	 159.100564 	 39929.432647 	 4924740571.393705 
221 	 -10.780863 	 159.313706 	 39524.277297 	 4503720413.959216 
222 	 -0.222804 	 161.896306 	 41024.256237 	 5077841987.928829 
223 	 7.756985 	 170.629216 	 44545.023613 	 5423186290.442427 
224 	 9.562629 	 157.737270 	 39159.117485 	 4492021081.264845 
225 	 -10.051165 	 164.591881 	 42660.143550 	 5219345580.408301 
226 	 -13.635136 	 166.410326 	 42571.574990 	 5381967723.752079 
227 	 32.187166 	 150.788359 	 35849.793301 	 3612081917.785396 
228 	 -22.663823 	 158.168695 	 38828.805545 	 4237598125.250267 
229 	 -10.881335 	 146.849175 	 33362.679446 	 3108048672.304554 
230 	 8.697991 	 165.379220 	 42181.577534 	 5064059003.468151 
231 	 36.041738 	 164.652082 	 43081.709625 	 5394069963.773715 
232 	 -9.545310 	 159.581772 	 40394.328094 	 4861526316.783869 
233 	 -4.730567 	 141.247190 	 32006.048100 	 3150502758.894027 
234 	 19.282053 	 165.872300 	 42537.579459 	 5147836393.510303 
235 	 -7.669700 	 147.121574 	 34590.550931 	 3600468986.711706 
236 	 -9.040217 	 163.678070 	 42307.296803 	 5188246255.498227 
237 	 25.915929 	 174.434640 	 47462.139278 	 6283305034.235356 
238 	 -31.458669 	 161.141696 	 40625.714381 	 4951323250.001477 
239 	 0.257265 	 147.986674 	 34289.480052 	 3377685141.809335 
240 	 10.297250 	 158.918718 	 40268.524415 	 5195209059.781604 
241 	 22.697753 	 160.172986 	 38964.264046 	 4110984600.309059 
242 	 -3.505450 	 164.058386 	 42869.999513 	 6217246021.675776 
243 	 24.630314 	 166.563361 	 41994.224905 	 4819599832.333043 
244 	 -21.560545 	 162.933692 	 41604.874107 	 5317212133.304068 
245 	 -61.964430 	 168.883089 	 43607.835514 	 5314565195.335244 
246 	 20.256376 	 159.372438 	 39851.730571 	 5329222820.812539 
247 	 15.576857 	 144.313797 	 34349.814389 	 4159449652.396618 
248 	 -4.630359 	 165.423881 	 43453.376166 	 5688221395.307870 
249 	 15.161348 	 159.063258 	 40042.906787 	 5306685909.975011 
250 	 -0.837363 	 164.383896 	 40996.784539 	 4523171960.616399 
251 	 -5.483447 	 169.925875 	 43676.013171 	 5115501736.151938 
252 	 37.424429 	 160.603203 	 40799.292690 	 5114508795.008917 
253 	 -12.661841 	 151.455624 	 36702.212719 	 4292793758.108222 
254 	 -11.310277 	 166.891566 	 42764.480152 	 5248822544.602997 
255 	 29.176210 	 155.265776 	 38432.694484 	 4419204793.061555 
256 	 -12.590432 	 177.071697 	 50656.426290 	 8700294366.789032 
257 	 11.850114 	 167.675453 	 44067.364730 	 5735693840.283557 
258 	 -9.736004 	 170.941286 	 45801.888819 	 6077377520.327107 
259 	 14.598232 	 156.681778 	 38251.687876 	 4150145032.539360 
260 	 36.964245 	 169.794899 	 44456.104591 	 5627631706.115760 
261 	 45.870920 	 159.808820 	 40912.648452 	 5150722592.912711 
262 	 -26.959894 	 164.288066 	 42503.540582 	 5362277099.548045 
263 	 2.747625 	 157.092701 	 38098.027104 	 4207211380.928191 
264 	 -33.345969 	 167.826989 	 43814.051291 	 5815389510.877928 
265 	 34.018564 	 161.790328 	 40533.115407 	 4711001540.009902 
266 	 -2.866626 	 151.657938 	 35531.818184 	 3426212235.192846 
267 	 -2.196035 	 151.893087 	 36245.473603 	 3951978379.767355 
268 	 26.725662 	 153.631271 	 37167.348107 	 4042160057.799499 
269 	 -25.105988 	 175.369426 	 47862.852292 	 6377066293.599872 
270 	 -8.341538 	 152.342568 	 36625.360893 	 4037026988.216284 
271 	 -12.803419 	 166.312317 	 43327.252841 	 5404282852.611350 
272 	 -10.849019 	 169.089252 	 44595.519966 	 5914090173.281368 
273 	 26.808246 	 146.882679 	 32856.245286 	 3052694756.975023 
274 	 -22.146070 	 175.192433 	 47752.140655 	 6528732454.269391 
275 	 14.697624 	 172.752927 	 48688.309324 	 8164015218.207448 
276 	 17.427040 	 172.195393 	 47271.832914 	 6885581112.449893 
277 	 -6.542840 	 154.120489 	 37010.177837 	 3995830137.259467 
278 	 16.586280 	 161.441038 	 40718.239842 	 4775386365.446689 
279 	 -2.011718 	 158.600858 	 38726.412394 	 4331053894.340697 
280 	 18.434457 	 161.891606 	 41667.698162 	 5175273707.466950 
281 	 3.066184 	 158.461274 	 40258.060019 	 4964790075.878116 
282 	 4.680785 	 160.575802 	 39929.516098 	 4512151116.013272 
283 	 6.314860 	 154.156742 	 38410.412443 	 4809308114.153489 
284 	 -23.679401 	 165.218572 	 42039.369648 	 4951059408.718900 
285 	 36.682190 	 175.518984 	 46576.264939 	 5944892002.727765 
286 	 25.417216 	 153.335535 	 36779.562297 	 4109471444.030246 
287 	 -15.412588 	 170.593169 	 44020.782902 	 5362459764.196213 
288 	 -9.047608 	 156.024471 	 38530.886138 	 4634678818.446833 
289 	 18.337314 	 165.426003 	 41654.346620 	 4601875380.236227 
290 	 6.935055 	 173.121289 	 48351.274786 	 7222291062.830197 
291 	 28.685109 	 159.544285 	 39594.037611 	 4596081666.484283 
292 	 35.093712 	 162.144347 	 40488.229842 	 4592956646.918749 
293 	 -11.342308 	 150.312176 	 35728.227705 	 4372801009.035980 
294 	 -1.410369 	 161.042122 	 40753.813931 	 4624808795.404792 
295 	 -16.190555 	 145.952789 	 34196.287204 	 3575033639.325104 
296 	 21.205464 	 157.671551 	 39149.498498 	 4756350185.426367 
297 	 19.695320 	 159.639822 	 39020.164618 	 4100956997.282208 
298 	 -1.761899 	 172.521832 	 45522.138391 	 5482322106.790806 
299 	 -0.320680 	 159.851463 	 38875.501140 	 4113538183.069137 
300 	 3.652279 	 168.459433 	 43495.048074 	 5328944728.573876 

%ACCRATE = 0.904984

%%%%%%%%%%%%%%%%%%%%%%%%%%%%%%%%%%%%%%%%%%%%%%%%%%%%%%%%%%%%%%%%%%%%%%%%%%%
%KAPPA = 0.180000
%%%%%%%%%%%%%%%%%%%%%%%%%%%%%%%%%%%%%%%%%%%%%%%%%%%%%%%%%%%%%%%%%%%%%%%%%%%

301 	 -32.014128 	 276.155239 	 115803.730855 	 36547593630.381470 
302 	 -34.560178 	 251.801383 	 98808.216656 	 29551546539.209137 
303 	 67.540030 	 316.600966 	 164240.997954 	 80670764473.230087 
304 	 63.061935 	 261.547294 	 107501.850715 	 33431280982.689770 
305 	 21.993660 	 308.512075 	 141867.945754 	 52438895407.597046 
306 	 -76.653725 	 285.690399 	 127613.444283 	 45541251349.956993 
307 	 6.918810 	 305.353632 	 138141.249191 	 45198286314.632256 
308 	 -10.046843 	 293.347641 	 134997.094369 	 51191615588.038216 
309 	 -10.692246 	 309.636694 	 145767.536306 	 55545832207.325310 
310 	 -70.311662 	 311.558089 	 148892.116917 	 59480103150.035034 
311 	 -54.208414 	 304.507511 	 145497.376087 	 60882823355.434265 
312 	 -83.827490 	 258.810547 	 106347.390849 	 32847414836.422375 
313 	 69.380846 	 276.787555 	 116326.924909 	 33966799184.631664 
314 	 15.482227 	 270.614190 	 116247.200854 	 43239880071.307022 
315 	 96.337212 	 335.384011 	 162460.387455 	 59460443982.350777 
316 	 23.140904 	 261.915069 	 108835.910316 	 34340539547.332611 
317 	 -17.567345 	 262.935477 	 103777.463851 	 27600459621.852371 
318 	 -69.529432 	 292.140355 	 131988.013152 	 49157881237.766281 
319 	 49.060715 	 282.397734 	 120241.374497 	 36766228012.364479 
320 	 12.603158 	 274.880019 	 122088.762581 	 44449301268.627922 
321 	 123.633712 	 316.290668 	 150966.159197 	 61355100217.404785 
322 	 -24.726979 	 277.375301 	 115749.560892 	 34896098770.311760 
323 	 -25.476368 	 303.735422 	 139342.667701 	 48684544254.991165 
324 	 44.405082 	 296.697563 	 129953.473650 	 41773609383.048172 
325 	 5.213449 	 289.039270 	 129880.138441 	 50357066900.958801 
326 	 -20.991629 	 254.443524 	 104462.893800 	 34062940305.993042 
327 	 124.687112 	 315.786675 	 152231.714132 	 58062594858.398453 
328 	 -60.644489 	 303.981749 	 140725.156315 	 51621145999.944496 
329 	 15.086165 	 307.331097 	 143337.848720 	 54609324080.095879 
330 	 -23.595803 	 272.462228 	 115559.758778 	 37602331405.290260 
331 	 -1.430509 	 283.789877 	 122514.565175 	 40348263709.217300 
332 	 -34.799839 	 277.681603 	 117276.077385 	 36120457556.995728 
333 	 -9.051218 	 283.082517 	 124906.751923 	 42638590089.006004 
334 	 66.576163 	 251.768121 	 99156.857841 	 27759194209.699368 
335 	 71.425157 	 353.774101 	 184722.183070 	 81716906006.223816 
336 	 -17.535528 	 296.207873 	 136010.574618 	 53366078634.078957 
337 	 -96.196746 	 280.468520 	 120956.314049 	 41883885761.704735 
338 	 43.655989 	 284.622927 	 122672.103327 	 39770106136.660309 
339 	 -38.685708 	 332.196581 	 169690.980192 	 84626113658.422791 
340 	 113.187631 	 266.902891 	 106502.578769 	 29952097606.244236 
341 	 66.514389 	 276.512893 	 116910.832751 	 36652285190.055939 
342 	 -36.410022 	 322.393889 	 155225.201933 	 67474951342.588997 
343 	 -84.223183 	 269.516457 	 112131.657096 	 33984845606.877499 
344 	 14.568197 	 326.469954 	 165444.979666 	 78938527995.372299 
345 	 34.694908 	 310.237419 	 142375.074848 	 48417895637.021111 
346 	 -20.603733 	 234.920614 	 84514.956530 	 18918696755.773808 
347 	 23.704254 	 251.608058 	 96442.157570 	 25119857242.316925 
348 	 -27.564593 	 275.728808 	 119032.944160 	 38912226282.142311 
349 	 37.431968 	 284.098531 	 130326.240999 	 54344239961.129929 
350 	 -82.641431 	 282.506763 	 119133.238319 	 38187124465.159836 
351 	 52.163227 	 273.602885 	 116230.222954 	 36271765097.583466 
352 	 45.959702 	 258.058169 	 100389.282228 	 26521065096.951416 
353 	 9.411864 	 296.934052 	 133640.431772 	 46280962907.539635 
354 	 3.075770 	 294.885019 	 132339.318384 	 44957225097.691696 
355 	 19.236824 	 309.977360 	 144654.716417 	 49905354750.425171 
356 	 -24.003556 	 300.769558 	 137737.688234 	 50243748032.947472 
357 	 -20.231454 	 279.302014 	 118908.601040 	 38977573095.313972 
358 	 48.180906 	 284.380727 	 127026.460385 	 46741016250.077354 
359 	 -143.849777 	 263.765666 	 105522.392826 	 28441745034.509518 
360 	 5.896934 	 288.106649 	 121044.646934 	 35195212479.337196 
361 	 45.058261 	 270.388266 	 111408.640239 	 32708801311.476761 
362 	 40.390166 	 268.487022 	 114737.995380 	 39637996603.833008 
363 	 13.075521 	 362.429272 	 186902.448445 	 78844438120.916779 
364 	 67.780296 	 276.826530 	 122027.465014 	 43207985029.542572 
365 	 39.108170 	 306.125548 	 147019.503415 	 66964507402.007736 
366 	 -98.228535 	 298.395665 	 139531.390051 	 54727963335.541183 
367 	 -42.596506 	 245.298934 	 94413.448166 	 27952591607.255798 
368 	 93.901659 	 260.771196 	 104237.548665 	 30228671138.223499 
369 	 25.187918 	 267.497369 	 113855.028645 	 40209317278.649361 
370 	 -50.091098 	 290.626701 	 129528.418888 	 45783300642.217766 
371 	 17.996737 	 317.044583 	 151146.652560 	 60679806985.481590 
372 	 -35.954100 	 251.471155 	 97417.507240 	 26272576785.526917 
373 	 102.807543 	 282.580192 	 127221.861440 	 46633292421.358490 
374 	 43.294359 	 270.047075 	 112971.935464 	 34894538433.063736 
375 	 35.126907 	 290.540846 	 127632.732362 	 42209349292.807617 
376 	 -66.957060 	 312.741596 	 141352.282723 	 46456764125.127602 
377 	 -205.539810 	 341.151092 	 164458.696477 	 61523264114.411346 
378 	 26.230330 	 288.040636 	 126173.071282 	 43189924592.671684 
379 	 -16.221857 	 287.809924 	 121072.829261 	 37837000171.479080 
380 	 20.557819 	 261.337789 	 103944.139766 	 28484007650.412857 
381 	 -48.996023 	 354.932380 	 190991.852444 	 90604329467.395767 
382 	 -11.415674 	 248.257242 	 92591.071728 	 22943121096.507324 
383 	 -62.814632 	 270.113792 	 110780.107755 	 34595494092.575356 
384 	 -72.732498 	 245.007743 	 90261.793417 	 23357583421.471882 
385 	 89.356453 	 304.088272 	 146015.721003 	 63662492772.119087 
386 	 40.585318 	 245.492268 	 90544.065558 	 21270128627.365398 
387 	 19.523896 	 266.884450 	 108450.010800 	 31984862085.466732 
388 	 35.773798 	 311.879890 	 153433.023248 	 69578028476.986237 
389 	 87.303005 	 287.163558 	 126684.404770 	 44254823563.307915 
390 	 55.072424 	 319.264919 	 152416.226762 	 58842764465.190186 
391 	 -125.600626 	 305.589727 	 139070.261555 	 50050532905.088341 
392 	 -23.878546 	 234.317231 	 84128.948991 	 19371971408.606308 
393 	 -47.307664 	 291.502870 	 129565.234962 	 48981730465.420883 
394 	 1.620696 	 307.863040 	 143087.792846 	 57934216304.774338 
395 	 62.452210 	 299.240478 	 139033.884772 	 54716703674.104988 
396 	 80.886149 	 321.924212 	 155140.637855 	 58936745110.749947 
397 	 -13.401293 	 271.182632 	 109217.654840 	 29728163559.461582 
398 	 60.967406 	 291.491788 	 124668.258637 	 38215784940.633766 
399 	 -94.411698 	 318.935961 	 153666.402745 	 60229496992.050339 
400 	 -34.138469 	 274.736530 	 121549.584744 	 49409118908.239159 

%ACCRATE = 0.902789

%%%%%%%%%%%%%%%%%%%%%%%%%%%%%%%%%%%%%%%%%%%%%%%%%%%%%%%%%%%%%%%%%%%%%%%%%%%
%KAPPA = 0.190000
%%%%%%%%%%%%%%%%%%%%%%%%%%%%%%%%%%%%%%%%%%%%%%%%%%%%%%%%%%%%%%%%%%%%%%%%%%%

401 	 1636.408566 	 1636.408566 	 2728717.561337 	 7951762412767.971680 
402 	 1655.338462 	 1655.338462 	 2782643.782841 	 8199158703826.270508 
403 	 1656.202138 	 1656.202138 	 2787923.254387 	 8233640193627.934570 
404 	 1666.461925 	 1666.461925 	 2830114.669798 	 8540419933904.295898 
405 	 1694.226959 	 1694.226959 	 2911122.676559 	 8923825252332.171875 
406 	 1636.381074 	 1636.381074 	 2728533.301213 	 7971568230615.869141 
407 	 1646.261071 	 1646.261071 	 2768832.111819 	 8226185571974.582031 
408 	 1655.007318 	 1655.007318 	 2786119.425180 	 8246195937304.483398 
409 	 1671.266309 	 1671.266309 	 2841543.351270 	 8572157664432.083008 
410 	 1646.373444 	 1646.373444 	 2753568.533062 	 8028023087732.105469 
411 	 1596.467775 	 1596.467775 	 2616886.406759 	 7468126361549.441406 
412 	 1639.069972 	 1639.069972 	 2756904.041603 	 8215364254179.812500 
413 	 1660.641061 	 1660.641061 	 2826433.095085 	 8617079863422.471680 
414 	 1669.701939 	 1669.701939 	 2834035.612934 	 8523768121656.614258 
415 	 1684.533941 	 1684.533941 	 2884961.669856 	 8820889113667.083984 
416 	 1646.069597 	 1646.069597 	 2764602.968173 	 8160315206807.834961 
417 	 1637.819468 	 1637.819468 	 2738142.077118 	 8043790272948.591797 
418 	 1652.818565 	 1652.818565 	 2787485.274133 	 8341098134208.107422 
419 	 1675.298219 	 1675.298219 	 2845299.434478 	 8511858681247.870117 
420 	 1687.193311 	 1687.193311 	 2888578.866469 	 8805432862394.302734 
421 	 1639.604512 	 1639.604512 	 2733588.905446 	 7939463359636.548828 
422 	 1670.826118 	 1670.826118 	 2842368.057596 	 8591226635605.198242 
423 	 1657.045469 	 1657.045469 	 2796957.601976 	 8350998205185.590820 
424 	 1620.796076 	 1620.796076 	 2674952.405972 	 7636909684155.619141 
425 	 1642.314551 	 1642.314551 	 2756287.221959 	 8140901174043.165039 
426 	 1643.023334 	 1643.023334 	 2766127.924378 	 8236100609591.157227 
427 	 1629.100142 	 1629.100142 	 2711407.680015 	 7916863041013.516602 
428 	 1660.807643 	 1660.807643 	 2795923.126877 	 8219954628022.169922 
429 	 1633.233041 	 1633.233041 	 2720823.808466 	 7926699703059.881836 
430 	 1678.114642 	 1678.114642 	 2863670.214636 	 8696913685413.856445 
431 	 1612.777713 	 1612.777713 	 2657406.665806 	 7580465331640.515625 
432 	 1626.988361 	 1626.988361 	 2697861.580125 	 7797173132268.122070 
433 	 1630.493164 	 1630.493164 	 2704950.951634 	 7781930577405.285156 
434 	 1664.182125 	 1664.182125 	 2816311.144016 	 8426510702625.089844 
435 	 1603.259768 	 1603.259768 	 2617874.851989 	 7306939734665.435547 
436 	 1593.314471 	 1593.314471 	 2597947.116720 	 7279010295036.158203 
437 	 1495.769228 	 1507.427567 	 2498108.566710 	 7370757901848.603516 
438 	 1630.735309 	 1630.735309 	 2723451.457092 	 8003297236639.175781 
439 	 1619.610435 	 1619.610435 	 2701224.014118 	 7989043570186.892578 
440 	 1645.869818 	 1645.869818 	 2766440.808755 	 8223320726055.409180 
441 	 1624.076459 	 1624.076459 	 2700260.927974 	 7882021069562.922852 
442 	 1681.617788 	 1681.617788 	 2866743.497509 	 8639617619859.558594 
443 	 1669.961797 	 1669.961797 	 2827410.236090 	 8410131240267.754883 
444 	 1613.307506 	 1613.307506 	 2667779.378196 	 7728263735543.180664 
445 	 1649.421717 	 1649.421717 	 2782616.075502 	 8332940265176.113281 
446 	 1654.796570 	 1654.796570 	 2783942.623412 	 8215141353024.333008 
447 	 1661.503461 	 1661.503461 	 2811394.443062 	 8427719218999.365234 
448 	 1676.562684 	 1676.562684 	 2851106.969757 	 8556386604315.884766 
449 	 1643.120295 	 1643.120295 	 2778286.492224 	 8395590841795.998047 
450 	 1584.858220 	 1584.858220 	 2568677.826206 	 7144380037142.604492 
451 	 1660.675272 	 1660.675272 	 2809139.871932 	 8408399253349.820312 
452 	 1695.354144 	 1695.354144 	 2915542.053736 	 8957051057873.539062 
453 	 1664.482574 	 1664.482574 	 2817597.065802 	 8409276250535.374023 
454 	 1642.520530 	 1642.520530 	 2751571.097303 	 8091523619277.158203 
455 	 1636.935706 	 1636.935706 	 2738140.273938 	 8082354091920.594727 
456 	 1635.113272 	 1635.113272 	 2722277.169396 	 7899092101062.275391 
457 	 1644.527146 	 1644.527146 	 2746175.209071 	 7967502712839.084961 
458 	 1629.910985 	 1629.910985 	 2698560.319124 	 7714152410551.100586 
459 	 1608.419842 	 1608.419842 	 2663142.979046 	 7762124610212.127930 
460 	 1631.835884 	 1631.835884 	 2718754.541923 	 7919235304171.022461 
461 	 1634.893108 	 1634.893108 	 2724630.531982 	 7938802939805.353516 
462 	 1681.089558 	 1681.089558 	 2873221.264113 	 8754356089268.513672 
463 	 1676.654996 	 1676.654996 	 2860838.932891 	 8709627336260.646484 
464 	 1704.293526 	 1704.293526 	 2944526.348602 	 9112618142999.521484 
465 	 1661.255450 	 1661.255450 	 2804968.565539 	 8357230375379.391602 
466 	 1690.340739 	 1690.340739 	 2895222.724455 	 8796683311011.347656 
467 	 1663.972232 	 1663.972232 	 2816697.461420 	 8432719437410.160156 
468 	 1629.336072 	 1629.336072 	 2728957.628772 	 8103697519884.546875 
469 	 1696.390051 	 1696.390051 	 2910113.210894 	 8830319790786.638672 
470 	 1592.674890 	 1592.674890 	 2618507.923106 	 7583663704714.704102 
471 	 1660.083932 	 1660.083932 	 2826845.827710 	 8660038280883.779297 
472 	 1653.789097 	 1653.789097 	 2786574.290439 	 8279500335401.027344 
473 	 1657.667371 	 1657.667371 	 2817998.670885 	 8546597590466.068359 
474 	 1658.473263 	 1658.473263 	 2800024.090779 	 8349928187527.796875 
475 	 1637.083823 	 1637.083823 	 2737104.375462 	 8066196573301.338867 
476 	 1661.363571 	 1661.363571 	 2803035.871292 	 8309918494259.118164 
477 	 1713.764821 	 1713.764821 	 2981663.988344 	 9389451189589.044922 
478 	 1658.149782 	 1658.149782 	 2794670.657988 	 8276225119138.528320 
479 	 1629.302622 	 1629.302622 	 2704733.078410 	 7808070861375.987305 
480 	 1658.415799 	 1658.415799 	 2813178.057273 	 8496978280815.308594 
481 	 1653.480729 	 1653.480729 	 2785025.969768 	 8282609239396.785156 
482 	 1628.500956 	 1628.500956 	 2710601.700526 	 7885771878377.791992 
483 	 1616.026318 	 1616.026318 	 2694103.116610 	 7990135154299.779297 
484 	 1622.751275 	 1622.751275 	 2687500.703873 	 7734238927434.887695 
485 	 1620.628417 	 1620.628417 	 2675879.015000 	 7651732732048.042969 
486 	 1637.290201 	 1637.290201 	 2739555.160140 	 8070719570216.166016 
487 	 1711.393689 	 1711.393689 	 2968422.630453 	 9253193899213.939453 
488 	 1584.440964 	 1584.440964 	 2589591.015020 	 7366108498748.295898 
489 	 1669.115213 	 1669.115213 	 2832315.668579 	 8523280018902.257812 
490 	 1664.138904 	 1664.138904 	 2833261.181038 	 8654701860578.350586 
491 	 1637.018619 	 1637.018619 	 2725416.459777 	 7895481070528.183594 
492 	 1699.387017 	 1699.387017 	 2927932.691978 	 8998846526097.257812 
493 	 1640.990518 	 1640.990518 	 2737318.075835 	 7942568919679.090820 
494 	 1650.076461 	 1650.076461 	 2765647.261301 	 8099171376093.130859 
495 	 1630.313310 	 1630.313310 	 2713777.651762 	 7910113075045.939453 
496 	 1662.848692 	 1662.848692 	 2817062.545738 	 8451958146702.742188 
497 	 1647.568610 	 1647.568610 	 2780775.923610 	 8355542361146.633789 
498 	 1618.409552 	 1618.409552 	 2684131.891639 	 7809138037726.055664 
499 	 1634.241264 	 1634.241264 	 2730819.543989 	 8034464172242.822266 
500 	 1630.049161 	 1630.049161 	 2706035.870371 	 7821851894504.531250 

%ACCRATE = 0.895178

%%%%%%%%%%%%%%%%%%%%%%%%%%%%%%%%%%%%%%%%%%%%%%%%%%%%%%%%%%%%%%%%%%%%%%%%%%%
%KAPPA = 0.200000
%%%%%%%%%%%%%%%%%%%%%%%%%%%%%%%%%%%%%%%%%%%%%%%%%%%%%%%%%%%%%%%%%%%%%%%%%%%

501 	 2472.230789 	 2472.230789 	 6122980.645317 	 37757025758965.578125 
502 	 2489.519262 	 2489.519262 	 6207631.205954 	 38778407909133.960938 
503 	 2496.382248 	 2496.382248 	 6240980.943138 	 39173167361307.296875 
504 	 2477.564765 	 2477.564765 	 6148362.053798 	 38045555454643.195312 
505 	 2485.640776 	 2485.640776 	 6189383.912154 	 38577666784820.398438 
506 	 2478.785619 	 2478.785619 	 6154842.305601 	 38135983588778.585938 
507 	 2481.301794 	 2481.301794 	 6167609.769740 	 38301577061928.632812 
508 	 2475.157159 	 2475.157159 	 6137996.722399 	 37953979957485.648438 
509 	 2474.394203 	 2474.394203 	 6133240.078340 	 37874572988650.562500 
510 	 2480.724847 	 2480.724847 	 6164523.812897 	 38257890589535.601562 
511 	 2478.023689 	 2478.023689 	 6150759.482881 	 38080513221525.789062 
512 	 2486.589053 	 2486.589053 	 6192652.140274 	 38583298530550.117188 
513 	 2485.013425 	 2485.013425 	 6185327.741854 	 38504719261559.390625 
514 	 2480.536010 	 2480.536010 	 6163070.746489 	 38227727492270.109375 
515 	 2487.383786 	 2487.383786 	 6197279.090826 	 38656805469803.414062 
516 	 2478.689231 	 2478.689231 	 6153838.111375 	 38113185998899.132812 
517 	 2479.945597 	 2479.945597 	 6159337.481971 	 38162280941048.156250 
518 	 2476.729963 	 2476.729963 	 6144088.922278 	 37991896257756.000000 
519 	 2485.553345 	 2485.553345 	 6188717.070810 	 38562190122121.750000 
520 	 2482.846217 	 2482.846217 	 6175044.384153 	 38386366745448.195312 
521 	 2482.992352 	 2482.992352 	 6175542.702804 	 38387330757458.601562 
522 	 2485.186895 	 2485.186895 	 6185864.786671 	 38503028668814.757812 
523 	 2482.099472 	 2482.099472 	 6170429.516802 	 38309968546187.007812 
524 	 2485.577539 	 2485.577539 	 6189416.914493 	 38584450923641.078125 
525 	 2475.885902 	 2475.885902 	 6140623.464388 	 37964419399579.773438 
526 	 2478.696369 	 2478.696369 	 6154764.779586 	 38143226744175.367188 
527 	 2481.869449 	 2481.869449 	 6169606.746009 	 38305307793191.914062 
528 	 2485.432843 	 2485.432843 	 6186793.174564 	 38507229164895.421875 
529 	 2495.909725 	 2495.909725 	 6239382.585140 	 39172666316738.132812 
530 	 2485.373437 	 2485.373437 	 6187920.305091 	 38554704032646.296875 
531 	 2495.525104 	 2495.525104 	 6237404.172647 	 39147156298700.976562 
532 	 2483.220082 	 2483.220082 	 6175933.502851 	 38376237900862.351562 
533 	 2484.669395 	 2484.669395 	 6182651.634806 	 38448227569399.046875 
534 	 2480.509640 	 2480.509640 	 6162854.585295 	 38224836761362.609375 
535 	 2490.474560 	 2490.474560 	 6212726.639912 	 38848426237041.976562 
536 	 2491.195299 	 2491.195299 	 6215070.073731 	 38850093148454.937500 
537 	 2481.223711 	 2481.223711 	 6166548.356421 	 38273592709359.132812 
538 	 2476.952249 	 2476.952249 	 6144707.879784 	 37986706365071.250000 
539 	 2486.225015 	 2486.225015 	 6190864.263891 	 38559561102468.437500 
540 	 2489.150240 	 2489.150240 	 6206108.602728 	 38767433055415.757812 
541 	 2494.021087 	 2494.021087 	 6230904.310422 	 39089940910586.210938 
542 	 2483.245275 	 2483.245275 	 6176914.814937 	 38407691909544.312500 
543 	 2470.799895 	 2470.799895 	 6115213.481951 	 37646323603747.382812 
544 	 2482.332023 	 2482.332023 	 6172191.968767 	 38344552423251.984375 
545 	 2477.702981 	 2477.702981 	 6149024.963442 	 38053305171998.085938 
546 	 2475.833840 	 2475.833840 	 6139359.253874 	 37924793759211.273438 
547 	 2496.027253 	 2496.027253 	 6239714.268545 	 39170367586348.398438 
548 	 2483.139155 	 2483.139155 	 6176393.376370 	 38402963630048.640625 
549 	 2476.699014 	 2476.699014 	 6144302.672752 	 38001537177802.382812 
550 	 2477.424738 	 2477.424738 	 6147738.702334 	 38040819928117.765625 
551 	 2476.842512 	 2476.842512 	 6144653.746489 	 37998702457436.117188 
552 	 2491.530931 	 2491.530931 	 6217282.376242 	 38889680201360.226562 
553 	 2484.772805 	 2484.772805 	 6184669.141790 	 38508469648806.429688 
554 	 2486.572658 	 2486.572658 	 6193870.993006 	 38629022356971.039062 
555 	 2486.720064 	 2486.720064 	 6193878.462176 	 38612334153617.867188 
556 	 2488.340513 	 2488.340513 	 6201793.032594 	 38708135493048.335938 
557 	 2475.445729 	 2475.445729 	 6138384.850664 	 37936838003687.835938 
558 	 2473.505705 	 2473.505705 	 6127458.732481 	 37770064139028.617188 
559 	 2474.262965 	 2474.262965 	 6132574.174230 	 37865473507372.812500 
560 	 2473.412080 	 2473.412080 	 6129713.111820 	 37860146462246.312500 
561 	 2482.460672 	 2482.460672 	 6173466.699049 	 38375709400078.140625 
562 	 2483.751188 	 2483.751188 	 6179407.323727 	 38438248065395.593750 
563 	 2482.222861 	 2482.222861 	 6171900.541510 	 38347224719322.007812 
564 	 2475.298521 	 2475.298521 	 6137436.811029 	 37920488982547.562500 
565 	 2480.890477 	 2480.890477 	 6165482.318355 	 38272715667590.281250 
566 	 2485.017606 	 2485.017606 	 6185274.607704 	 38501343047456.304688 
567 	 2483.806825 	 2483.806825 	 6179312.686240 	 38429149377948.515625 
568 	 2468.255424 	 2468.255424 	 6103594.980358 	 37526308744388.921875 
569 	 2484.008530 	 2484.008530 	 6180967.597295 	 38465283868996.546875 
570 	 2480.764732 	 2480.764732 	 6164459.686080 	 38250189428069.773438 
571 	 2487.162633 	 2487.162633 	 6196311.549272 	 38648097000280.296875 
572 	 2484.672224 	 2484.672224 	 6183488.844282 	 38478175562258.335938 
573 	 2478.200222 	 2478.200222 	 6150818.060001 	 38059954226318.453125 
574 	 2482.766491 	 2482.766491 	 6174771.604485 	 38386919983230.601562 
575 	 2491.184284 	 2491.184284 	 6215164.332820 	 38853099835180.609375 
576 	 2485.242448 	 2485.242448 	 6186607.979018 	 38523664709970.554688 
577 	 2481.502322 	 2481.502322 	 6168325.957320 	 38304120490912.335938 
578 	 2479.482813 	 2479.482813 	 6158358.794615 	 38182079278403.859375 
579 	 2484.206359 	 2484.206359 	 6182480.553351 	 38497128710435.804688 
580 	 2475.212012 	 2475.212012 	 6137821.943999 	 37942871681459.992188 
581 	 2479.193997 	 2479.193997 	 6156305.625450 	 38140890323510.046875 
582 	 2474.991692 	 2474.991692 	 6135961.012590 	 37901705205387.937500 
583 	 2487.367090 	 2487.367090 	 6196759.210325 	 38640092808434.937500 
584 	 2477.753619 	 2477.753619 	 6148949.454005 	 38046261546433.343750 
585 	 2486.314301 	 2486.314301 	 6191028.483304 	 38556643952902.414062 
586 	 2487.113031 	 2487.113031 	 6195498.696421 	 38623410095763.273438 
587 	 2476.354336 	 2476.354336 	 6142572.920290 	 37980079786012.671875 
588 	 2480.849676 	 2480.849676 	 6164457.664111 	 38240125912934.656250 
589 	 2493.453415 	 2493.453415 	 6226867.221352 	 39009109283671.164062 
590 	 2491.609755 	 2491.609755 	 6217764.753551 	 38899127811853.007812 
591 	 2476.078321 	 2476.078321 	 6141705.646156 	 37980554545858.046875 
592 	 2486.485921 	 2486.485921 	 6192006.906945 	 38572375364563.726562 
593 	 2474.316684 	 2474.316684 	 6131662.329211 	 37826520562656.898438 
594 	 2484.742850 	 2484.742850 	 6184369.509560 	 38502866011301.000000 
595 	 2472.744559 	 2472.744559 	 6124084.468446 	 37738191278136.929688 
596 	 2490.117722 	 2490.117722 	 6209744.242331 	 38782883878138.992188 
597 	 2483.605254 	 2483.605254 	 6178198.628083 	 38413506407849.742188 
598 	 2473.028160 	 2473.028160 	 6126313.249326 	 37785338292869.125000 
599 	 2485.248795 	 2485.248795 	 6185649.755743 	 38488183031697.968750 
600 	 2482.136587 	 2482.136587 	 6171034.394105 	 38326446448417.367188 

%ACCRATE = 0.885636

%%%%%%%%%%%%%%%%%%%%%%%%%%%%%%%%%%%%%%%%%%%%%%%%%%%%%%%%%%%%%%%%%%%%%%%%%%%
%KAPPA = 0.210000
%%%%%%%%%%%%%%%%%%%%%%%%%%%%%%%%%%%%%%%%%%%%%%%%%%%%%%%%%%%%%%%%%%%%%%%%%%%

601 	 2902.133548 	 2902.133548 	 8427400.496864 	 71189354562140.546875 
602 	 2902.397205 	 2902.397205 	 8428859.207926 	 71211758314170.375000 
603 	 2901.199599 	 2901.199599 	 8421865.043826 	 71092467715208.843750 
604 	 2908.473527 	 2908.473527 	 8464255.777587 	 71813970945136.359375 
605 	 2901.891343 	 2901.891343 	 8425928.894087 	 71162659203122.250000 
606 	 2904.078800 	 2904.078800 	 8438172.542297 	 71353694383265.406250 
607 	 2903.635564 	 2903.635564 	 8436088.284303 	 71335241250167.109375 
608 	 2903.684636 	 2903.684636 	 8436290.925475 	 71336185689323.265625 
609 	 2906.301250 	 2906.301250 	 8451661.268660 	 71601440421861.390625 
610 	 2906.399757 	 2906.399757 	 8452036.673529 	 71601563488738.437500 
611 	 2903.046058 	 2903.046058 	 8432816.131496 	 71285097356968.828125 
612 	 2907.337266 	 2907.337266 	 8457545.645198 	 71696520598283.593750 
613 	 2904.639717 	 2904.639717 	 8441796.127586 	 71427306906053.703125 
614 	 2907.434545 	 2907.434545 	 8457947.581590 	 71697657851131.531250 
615 	 2902.870492 	 2902.870492 	 8431573.277521 	 71256633556476.250000 
616 	 2907.264715 	 2907.264715 	 8457117.026604 	 71688610424991.359375 
617 	 2901.735757 	 2901.735757 	 8425227.466225 	 71157193243346.250000 
618 	 2898.700378 	 2898.700378 	 8407368.439457 	 70848288886589.625000 
619 	 2907.027730 	 2907.027730 	 8455791.162560 	 71668246701278.578125 
620 	 2904.753189 	 2904.753189 	 8442391.663157 	 71435220819907.640625 
621 	 2907.159231 	 2907.159231 	 8456420.960808 	 71674577048951.734375 
622 	 2904.089556 	 2904.089556 	 8438572.823901 	 71372110602300.000000 
623 	 2906.795176 	 2906.795176 	 8454035.025260 	 71625150258394.656250 
624 	 2907.119337 	 2907.119337 	 8456209.978313 	 71671618353069.265625 
625 	 2903.760711 	 2903.760711 	 8436412.045418 	 71327015759327.046875 
626 	 2900.454086 	 2900.454086 	 8417331.559966 	 71009094856167.828125 
627 	 2907.133924 	 2907.133924 	 8456495.677276 	 71682890095058.484375 
628 	 2905.890167 	 2905.890167 	 8449355.703392 	 71565292750274.343750 
629 	 2905.289252 	 2905.289252 	 8445726.618955 	 71499217577616.609375 
630 	 2904.642392 	 2904.642392 	 8441857.961396 	 71430218107664.515625 
631 	 2902.508102 	 2902.508102 	 8429398.117152 	 71217852564136.953125 
632 	 2905.007825 	 2905.007825 	 8443869.003842 	 71460098467016.312500 
633 	 2904.376688 	 2904.376688 	 8440062.780538 	 71391627875167.218750 
634 	 2907.226362 	 2907.226362 	 8456527.789364 	 71666965597927.484375 
635 	 2902.047349 	 2902.047349 	 8426891.713583 	 71181132571045.171875 
636 	 2905.736030 	 2905.736030 	 8448066.627606 	 71530196529632.296875 
637 	 2897.819998 	 2897.819998 	 8402720.034052 	 70784960423352.125000 
638 	 2904.004233 	 2904.004233 	 8438474.437842 	 71383694423533.859375 
639 	 2911.243109 	 2911.243109 	 8480297.424581 	 72083307134312.406250 
640 	 2905.583277 	 2905.583277 	 8447141.650640 	 71513290049978.187500 
641 	 2900.438122 	 2900.438122 	 8417527.997501 	 71021758663674.281250 
642 	 2899.551609 	 2899.551609 	 8412473.895653 	 70939483542991.859375 
643 	 2903.949337 	 2903.949337 	 8437797.328234 	 71360172223433.421875 
644 	 2905.528234 	 2905.528234 	 8447018.373957 	 71517976307267.234375 
645 	 2905.322965 	 2905.322965 	 8445537.195849 	 71483088301046.031250 
646 	 2903.502130 	 2903.502130 	 8435245.798374 	 71318688176113.859375 
647 	 2907.429960 	 2907.429960 	 8458082.706961 	 71705226584108.375000 
648 	 2904.396568 	 2904.396568 	 8440481.690189 	 71408514833230.968750 
649 	 2907.640948 	 2907.640948 	 8459239.313746 	 71722456966794.296875 
650 	 2904.790669 	 2904.790669 	 8442509.178278 	 71433579977096.437500 
651 	 2902.520723 	 2902.520723 	 8429245.377777 	 71207574023460.656250 
652 	 2903.642390 	 2903.642390 	 8435943.284073 	 71326510157887.703125 
653 	 2901.445073 	 2901.445073 	 8423258.214751 	 71114591526393.125000 
654 	 2904.934563 	 2904.934563 	 8443236.983555 	 71442852947865.953125 
655 	 2906.084445 	 2906.084445 	 8450511.370405 	 71585379900518.421875 
656 	 2900.469515 	 2900.469515 	 8417592.804963 	 71018961780128.812500 
657 	 2906.361333 	 2906.361333 	 8451920.651971 	 71602603949714.890625 
658 	 2902.608609 	 2902.608609 	 8430277.501585 	 71242085710951.437500 
659 	 2907.414235 	 2907.414235 	 8457928.899065 	 71700702443641.500000 
660 	 2901.464707 	 2901.464707 	 8423232.669400 	 71109758669810.437500 
661 	 2905.088121 	 2905.088121 	 8444449.581109 	 71473918763867.765625 
662 	 2904.016815 	 2904.016815 	 8438049.993860 	 71359964691408.750000 
663 	 2905.117036 	 2905.117036 	 8444877.779208 	 71490092550570.984375 
664 	 2906.570920 	 2906.570920 	 8453024.329722 	 71617723032209.250000 
665 	 2902.982833 	 2902.982833 	 8432191.925332 	 71266406007603.984375 
666 	 2903.784688 	 2903.784688 	 8437039.579878 	 71354089496295.390625 
667 	 2904.587800 	 2904.587800 	 8442004.860335 	 71447684713795.390625 
668 	 2904.920389 	 2904.920389 	 8443370.696998 	 71452239161984.140625 
669 	 2899.630358 	 2899.630358 	 8413107.170281 	 70956066571949.437500 
670 	 2908.183467 	 2908.183467 	 8462356.128218 	 71774662370639.890625 
671 	 2905.294861 	 2905.294861 	 8445679.907907 	 71495374079045.578125 
672 	 2908.708196 	 2908.708196 	 8465259.145978 	 71818626935388.218750 
673 	 2909.902279 	 2909.902279 	 8472490.170729 	 71950459065542.437500 
674 	 2900.340692 	 2900.340692 	 8416871.916849 	 71007733871633.921875 
675 	 2903.000669 	 2903.000669 	 8431858.353140 	 71245695828426.781250 
676 	 2904.018479 	 2904.018479 	 8438164.353450 	 71365605783338.609375 
677 	 2909.394290 	 2909.394290 	 8469417.604327 	 71894440906349.734375 
678 	 2910.759828 	 2910.759828 	 8477574.685139 	 72039699570076.265625 
679 	 2906.118541 	 2906.118541 	 8450808.190904 	 71593807739749.421875 
680 	 2903.217049 	 2903.217049 	 8433360.811488 	 71279149453397.625000 
681 	 2901.879584 	 2901.879584 	 8425912.447709 	 71164218097400.671875 
682 	 2909.140637 	 2909.140637 	 8467650.254601 	 71854533372983.687500 
683 	 2904.287830 	 2904.287830 	 8439761.648583 	 71393441200934.484375 
684 	 2902.092430 	 2902.092430 	 8427188.919795 	 71187015573244.718750 
685 	 2902.207182 	 2902.207182 	 8427819.981882 	 71196705982431.218750 
686 	 2903.569170 	 2903.569170 	 8435555.087429 	 71320957475988.500000 
687 	 2906.474832 	 2906.474832 	 8452330.959867 	 71601354275449.515625 
688 	 2898.302637 	 2898.302637 	 8405086.964779 	 70810525172534.265625 
689 	 2904.574559 	 2904.574559 	 8441492.137185 	 71424816134115.359375 
690 	 2907.686027 	 2907.686027 	 8459533.379683 	 71728652996846.984375 
691 	 2905.761558 	 2905.761558 	 8447944.361410 	 71519393108266.875000 
692 	 2906.380142 	 2906.380142 	 8452089.486298 	 71607620936514.937500 
693 	 2904.617841 	 2904.617841 	 8441921.408951 	 71438027882391.859375 
694 	 2902.076211 	 2902.076211 	 8427066.156504 	 71183805977627.281250 
695 	 2902.518832 	 2902.518832 	 8429688.560588 	 71230268262542.125000 
696 	 2906.555752 	 2906.555752 	 8452646.343588 	 71601627187765.515625 
697 	 2900.004310 	 2900.004310 	 8414989.621039 	 70978562641923.218750 
698 	 2904.005625 	 2904.005625 	 8438175.596578 	 71368554401130.968750 
699 	 2899.899307 	 2899.899307 	 8414568.009253 	 70976710313494.484375 
700 	 2904.233883 	 2904.233883 	 8439536.192171 	 71392081387404.843750 

%ACCRATE = 0.878270

%%%%%%%%%%%%%%%%%%%%%%%%%%%%%%%%%%%%%%%%%%%%%%%%%%%%%%%%%%%%%%%%%%%%%%%%%%%
%KAPPA = 0.220000
%%%%%%%%%%%%%%%%%%%%%%%%%%%%%%%%%%%%%%%%%%%%%%%%%%%%%%%%%%%%%%%%%%%%%%%%%%%

701 	 3193.555507 	 3193.555507 	 10201761.908064 	 104196757171960.984375 
702 	 3189.711031 	 3189.711031 	 10177206.434706 	 103695482563415.265625 
703 	 3193.641477 	 3193.641477 	 10202399.524907 	 104213345266253.484375 
704 	 3193.621449 	 3193.621449 	 10202156.404865 	 104203573487906.953125 
705 	 3192.214776 	 3192.214776 	 10193350.242086 	 104030946551299.015625 
706 	 3190.967621 	 3190.967621 	 10185353.596543 	 103866505214181.421875 
707 	 3193.772101 	 3193.772101 	 10203263.362726 	 104232160289379.125000 
708 	 3193.113761 	 3193.113761 	 10199173.163786 	 104153016296574.515625 
709 	 3191.471658 	 3191.471658 	 10188721.409554 	 103941391666410.500000 
710 	 3195.270287 	 3195.270287 	 10212817.379226 	 104426473396461.437500 
711 	 3192.220790 	 3192.220790 	 10193561.709388 	 104042518851177.000000 
712 	 3190.843718 	 3190.843718 	 10184545.539840 	 103849571431072.406250 
713 	 3194.162708 	 3194.162708 	 10205736.098001 	 104281729222117.984375 
714 	 3192.276511 	 3192.276511 	 10193859.788316 	 104046015283559.875000 
715 	 3194.535342 	 3194.535342 	 10208086.790651 	 104328438472983.312500 
716 	 3192.761678 	 3192.761678 	 10196849.951052 	 104102788912944.609375 
717 	 3191.957670 	 3191.957670 	 10191666.795846 	 103995145729158.031250 
718 	 3188.009763 	 3188.009763 	 10166536.606509 	 103485329218078.750000 
719 	 3190.668774 	 3190.668774 	 10183395.848182 	 103824623431844.171875 
720 	 3190.717571 	 3190.717571 	 10183962.437466 	 103846529631570.328125 
721 	 3187.548674 	 3187.548674 	 10163719.867155 	 103433080607624.109375 
722 	 3192.954910 	 3192.954910 	 10198059.751525 	 104126600932514.343750 
723 	 3188.330820 	 3188.330820 	 10168619.139958 	 103529079937199.453125 
724 	 3196.085831 	 3196.085831 	 10217948.106107 	 104528214162610.312500 
725 	 3191.904079 	 3191.904079 	 10191292.666271 	 103986180850336.140625 
726 	 3190.954891 	 3190.954891 	 10185347.667823 	 103869416212371.718750 
727 	 3192.220709 	 3192.220709 	 10193531.442570 	 104040542667000.640625 
728 	 3191.387038 	 3191.387038 	 10187883.591898 	 103912255294935.968750 
729 	 3191.308370 	 3191.308370 	 10187516.823914 	 103910235742475.359375 
730 	 3193.812628 	 3193.812628 	 10203439.644463 	 104232450104159.890625 
731 	 3192.896024 	 3192.896024 	 10197563.191245 	 104111539905210.796875 
732 	 3187.575870 	 3187.575870 	 10163994.939833 	 103442956488724.046875 
733 	 3190.753321 	 3190.753321 	 10183978.315729 	 103838190166130.515625 
734 	 3191.510368 	 3191.510368 	 10188851.531282 	 103939315609212.656250 
735 	 3190.917922 	 3190.917922 	 10185178.711114 	 103868902739216.250000 
736 	 3189.337487 	 3189.337487 	 10174924.085047 	 103652930537757.093750 
737 	 3189.787407 	 3189.787407 	 10177897.758881 	 103717661015085.718750 
738 	 3190.936376 	 3190.936376 	 10185258.222427 	 103868841260903.843750 
739 	 3193.193222 	 3193.193222 	 10199482.106421 	 104151626532925.765625 
740 	 3192.076808 	 3192.076808 	 10192411.836272 	 104009734163917.421875 
741 	 3191.381964 	 3191.381964 	 10188118.358532 	 103927783899425.453125 
742 	 3194.746340 	 3194.746340 	 10209492.190286 	 104359511809494.500000 
743 	 3187.048585 	 3187.048585 	 10160488.704219 	 103365671338199.687500 
744 	 3195.620339 	 3195.620339 	 10214835.257370 	 104458885670035.500000 
745 	 3190.287777 	 3190.287777 	 10181036.292427 	 103779522507400.046875 
746 	 3191.067522 	 3191.067522 	 10186136.683065 	 103888428736902.765625 
747 	 3191.148027 	 3191.148027 	 10186653.484597 	 103898956089275.453125 
748 	 3193.048598 	 3193.048598 	 10198700.732162 	 104141188007980.640625 
749 	 3189.275180 	 3189.275180 	 10174482.129986 	 103642293192964.984375 
750 	 3190.084037 	 3190.084037 	 10179789.035805 	 103756215024465.312500 
751 	 3190.920891 	 3190.920891 	 10185119.434518 	 103864477069990.078125 
752 	 3191.361679 	 3191.361679 	 10187895.110144 	 103919489077502.375000 
753 	 3192.970753 	 3192.970753 	 10198116.406956 	 104125877552692.796875 
754 	 3192.163625 	 3192.163625 	 10192881.537277 	 104015761264617.453125 
755 	 3192.518731 	 3192.518731 	 10195345.101166 	 104073934155069.843750 
756 	 3193.418893 	 3193.418893 	 10200854.028554 	 104176789718488.359375 
757 	 3192.462677 	 3192.462677 	 10194789.487180 	 104054639511119.156250 
758 	 3191.548328 	 3191.548328 	 10188859.579155 	 103929891505215.546875 
759 	 3193.080433 	 3193.080433 	 10198901.583893 	 104145485985842.015625 
760 	 3194.738161 	 3194.738161 	 10209468.804642 	 104360146548381.906250 
761 	 3190.032031 	 3190.032031 	 10179380.845194 	 103744823979874.093750 
762 	 3193.081482 	 3193.081482 	 10198971.459319 	 104149252173944.453125 
763 	 3193.071271 	 3193.071271 	 10198828.400173 	 104143311601506.296875 
764 	 3190.664068 	 3190.664068 	 10183338.795919 	 103822419400059.171875 
765 	 3192.032778 	 3192.032778 	 10192166.784862 	 104006208486225.328125 
766 	 3191.679479 	 3191.679479 	 10189911.466403 	 103960146701800.890625 
767 	 3191.247101 	 3191.247101 	 10187065.923249 	 103898689839072.250000 
768 	 3190.662588 	 3190.662588 	 10183444.871672 	 103829379553440.171875 
769 	 3191.666694 	 3191.666694 	 10189901.438291 	 103962849029921.750000 
770 	 3193.804215 	 3193.804215 	 10203350.451875 	 104229144487049.093750 
771 	 3192.982770 	 3192.982770 	 10198172.932372 	 104126148544320.328125 
772 	 3193.981430 	 3193.981430 	 10204595.718884 	 104259231082902.078125 
773 	 3190.224242 	 3190.224242 	 10180550.605242 	 103766337636651.640625 
774 	 3191.845075 	 3191.845075 	 10191131.048562 	 103991578881762.031250 
775 	 3193.880287 	 3193.880287 	 10204020.139104 	 104250015514382.828125 
776 	 3193.749534 	 3193.749534 	 10203170.228630 	 104232313156167.484375 
777 	 3192.642678 	 3192.642678 	 10195897.368649 	 104075508911175.859375 
778 	 3193.446202 	 3193.446202 	 10201170.464474 	 104189024951992.671875 
779 	 3189.146167 	 3189.146167 	 10173725.298238 	 103629369167328.000000 
780 	 3191.767340 	 3191.767340 	 10190268.360520 	 103959152761253.062500 
781 	 3191.125214 	 3191.125214 	 10186355.649092 	 103886611538893.218750 
782 	 3195.103299 	 3195.103299 	 10211849.699432 	 104410764545075.296875 
783 	 3191.133656 	 3191.133656 	 10186523.346940 	 103894800120875.984375 
784 	 3192.337798 	 3192.337798 	 10194170.675601 	 104049177627777.703125 
785 	 3190.571740 	 3190.571740 	 10182901.005463 	 103819501203724.468750 
786 	 3194.881086 	 3194.881086 	 10210257.967674 	 104371260989393.390625 
787 	 3191.701737 	 3191.701737 	 10190078.573935 	 103964537812696.453125 
788 	 3190.114864 	 3190.114864 	 10179812.084418 	 103749478703558.671875 
789 	 3193.110247 	 3193.110247 	 10198862.908449 	 104135230067391.890625 
790 	 3195.144148 	 3195.144148 	 10212042.074491 	 104411989246760.468750 
791 	 3189.353247 	 3189.353247 	 10175136.172681 	 103661842040823.000000 
792 	 3188.270710 	 3188.270710 	 10168089.165124 	 103512562715663.437500 
793 	 3194.069177 	 3194.069177 	 10205128.933731 	 104268886504069.703125 
794 	 3192.168469 	 3192.168469 	 10193026.164703 	 104023489869813.250000 
795 	 3190.095006 	 3190.095006 	 10179647.386798 	 103744840378492.296875 
796 	 3191.476646 	 3191.476646 	 10188603.485447 	 103932872124174.578125 
797 	 3189.778214 	 3189.778214 	 10177880.980696 	 103718971764650.187500 
798 	 3188.975479 	 3188.975479 	 10172860.576047 	 103620834686196.281250 
799 	 3188.792965 	 3188.792965 	 10171440.012166 	 103581708478040.093750 
800 	 3190.996259 	 3190.996259 	 10185449.736520 	 103864963033303.937500 

%ACCRATE = 0.871876

%%%%%%%%%%%%%%%%%%%%%%%%%%%%%%%%%%%%%%%%%%%%%%%%%%%%%%%%%%%%%%%%%%%%%%%%%%%
%KAPPA = 0.230000
%%%%%%%%%%%%%%%%%%%%%%%%%%%%%%%%%%%%%%%%%%%%%%%%%%%%%%%%%%%%%%%%%%%%%%%%%%%

801 	 3409.935943 	 3409.935943 	 11629766.763123 	 135349156630584.812500 
802 	 3409.279286 	 3409.279286 	 11625290.810652 	 135245151972200.984375 
803 	 3408.457128 	 3408.457128 	 11619817.395448 	 135123969543683.765625 
804 	 3409.807687 	 3409.807687 	 11629021.871941 	 135337913928007.734375 
805 	 3410.517656 	 3410.517656 	 11633775.380422 	 135444443418905.828125 
806 	 3410.594013 	 3410.594013 	 11634335.045306 	 135459336043037.718750 
807 	 3410.560324 	 3410.560324 	 11634100.394349 	 135453526618739.015625 
808 	 3411.863336 	 3411.863336 	 11642921.984304 	 135655667310778.093750 
809 	 3409.152478 	 3409.152478 	 11624552.535526 	 135233794953452.312500 
810 	 3409.564559 	 3409.564559 	 11627270.888644 	 135292878749633.796875 
811 	 3409.075592 	 3409.075592 	 11624084.178672 	 135225513088857.984375 
812 	 3410.329139 	 3410.329139 	 11632474.947162 	 135413511084406.218750 
813 	 3409.213583 	 3409.213583 	 11624931.996180 	 135241015291441.890625 
814 	 3408.110535 	 3408.110535 	 11617417.152502 	 135066387576378.625000 
815 	 3410.751463 	 3410.751463 	 11635452.432667 	 135487040092231.046875 
816 	 3406.329612 	 3406.329612 	 11605277.344282 	 134784372860340.781250 
817 	 3409.713695 	 3409.713695 	 11628322.376880 	 135318917153739.156250 
818 	 3408.621862 	 3408.621862 	 11620965.947069 	 135151848856226.562500 
819 	 3409.753508 	 3409.753508 	 11628587.156700 	 135324783210723.281250 
820 	 3410.401363 	 3410.401363 	 11633025.614262 	 135428937170335.437500 
821 	 3411.065822 	 3411.065822 	 11637507.839617 	 135530917712820.484375 
822 	 3410.653703 	 3410.653703 	 11634624.724458 	 135460474216707.281250 
823 	 3408.473239 	 3408.473239 	 11619784.871061 	 135116626714753.093750 
824 	 3408.055980 	 3408.055980 	 11617056.774434 	 135058611132290.968750 
825 	 3410.004355 	 3410.004355 	 11630350.135053 	 135368278330434.093750 
826 	 3410.176816 	 3410.176816 	 11631554.914766 	 135397549155519.156250 
827 	 3408.636512 	 3408.636512 	 11620939.272371 	 135145399312698.265625 
828 	 3407.394756 	 3407.394756 	 11612517.875554 	 134951601767906.000000 
829 	 3409.107991 	 3409.107991 	 11624159.155841 	 135220560998128.671875 
830 	 3409.528481 	 3409.528481 	 11627072.929169 	 135290509761081.875000 
831 	 3407.034003 	 3407.034003 	 11610031.380354 	 134892549034957.828125 
832 	 3411.510493 	 3411.510493 	 11640489.592480 	 135598005872694.609375 
833 	 3410.130912 	 3410.130912 	 11631189.772926 	 135386620975509.250000 
834 	 3411.763658 	 3411.763658 	 11642290.353569 	 135643340034571.062500 
835 	 3408.507199 	 3408.507199 	 11620155.401452 	 135131588782858.156250 
836 	 3409.237972 	 3409.237972 	 11625137.524182 	 135247660959611.750000 
837 	 3407.981136 	 3407.981136 	 11616573.508391 	 135048663944810.156250 
838 	 3412.484509 	 3412.484509 	 11647190.908561 	 135756654166828.234375 
839 	 3408.883890 	 3408.883890 	 11622707.827579 	 135190348080388.000000 
840 	 3409.030225 	 3409.030225 	 11623656.350047 	 135210072450756.578125 
841 	 3410.235461 	 3410.235461 	 11631965.518239 	 135407582974242.734375 
842 	 3411.639683 	 3411.639683 	 11641442.952624 	 135623574131390.343750 
843 	 3408.412633 	 3408.412633 	 11619358.001841 	 135106096998643.578125 
844 	 3410.349041 	 3410.349041 	 11632650.058700 	 135419371462703.031250 
845 	 3408.762227 	 3408.762227 	 11621924.863366 	 135174199306055.750000 
846 	 3407.862343 	 3407.862343 	 11615638.847663 	 135021129869036.562500 
847 	 3411.148036 	 3411.148036 	 11638123.467680 	 135547824083873.562500 
848 	 3407.728074 	 3407.728074 	 11614782.932895 	 135003927669655.656250 
849 	 3407.676613 	 3407.676613 	 11614430.154769 	 134995583853478.484375 
850 	 3410.843259 	 3410.843259 	 11636029.470866 	 135498375131342.187500 
851 	 3407.944184 	 3407.944184 	 11616308.755706 	 135041911013775.843750 
852 	 3409.868562 	 3409.868562 	 11629501.246860 	 135352135473132.218750 
853 	 3408.503274 	 3408.503274 	 11620070.786646 	 135127093266348.109375 
854 	 3409.371366 	 3409.371366 	 11625931.733924 	 135260746683815.328125 
855 	 3408.641735 	 3408.641735 	 11620985.575100 	 135146970211461.734375 
856 	 3410.919039 	 3410.919039 	 11636548.152400 	 135510549831503.609375 
857 	 3409.961776 	 3409.961776 	 11630015.409824 	 135358277604199.781250 
858 	 3410.332195 	 3410.332195 	 11632510.743228 	 135414934697290.062500 
859 	 3409.820190 	 3409.820190 	 11629012.682772 	 135333289490263.015625 
860 	 3409.424157 	 3409.424157 	 11626418.385346 	 135277808585244.390625 
861 	 3408.678360 	 3408.678360 	 11621304.050754 	 135157600726492.781250 
862 	 3410.346558 	 3410.346558 	 11632533.952040 	 135412094370339.218750 
863 	 3409.540877 	 3409.540877 	 11627152.431538 	 135292063996154.140625 
864 	 3411.480797 	 3411.480797 	 11640459.489331 	 135605306633302.296875 
865 	 3408.778574 	 3408.778574 	 11621902.285317 	 135167591525552.765625 
866 	 3409.811981 	 3409.811981 	 11628991.380777 	 135334378603886.796875 
867 	 3411.760175 	 3411.760175 	 11642358.859282 	 135649177569228.140625 
868 	 3408.723151 	 3408.723151 	 11621471.166456 	 135155075566823.343750 
869 	 3408.457982 	 3408.457982 	 11619759.923118 	 135119714232696.109375 
870 	 3408.783231 	 3408.783231 	 11621963.642081 	 135170371213247.890625 
871 	 3407.790433 	 3407.790433 	 11615207.740602 	 135013825381512.578125 
872 	 3408.021489 	 3408.021489 	 11616853.113232 	 135055221030458.593750 
873 	 3408.308323 	 3408.308323 	 11618823.223477 	 135101705147128.953125 
874 	 3410.308045 	 3410.308045 	 11632432.861809 	 135417178955978.015625 
875 	 3410.408304 	 3410.408304 	 11633037.162083 	 135427571278307.609375 
876 	 3408.807211 	 3408.807211 	 11622141.257693 	 135175138830079.234375 
877 	 3410.934432 	 3410.934432 	 11636722.695309 	 135517894151787.750000 
878 	 3408.335033 	 3408.335033 	 11618933.849595 	 135100973838522.500000 
879 	 3410.664160 	 3410.664160 	 11634835.553891 	 135471833764074.703125 
880 	 3409.535986 	 3409.535986 	 11627135.425481 	 135292480928235.953125 
881 	 3409.402914 	 3409.402914 	 11626183.816291 	 135268150467137.156250 
882 	 3409.042639 	 3409.042639 	 11623719.343879 	 135210588818669.546875 
883 	 3409.920443 	 3409.920443 	 11629669.294609 	 135347341057773.875000 
884 	 3411.980872 	 3411.980872 	 11643908.032380 	 135687327012627.296875 
885 	 3409.645907 	 3409.645907 	 11627851.862363 	 135307602518169.234375 
886 	 3410.159164 	 3410.159164 	 11631511.416326 	 135400182304486.906250 
887 	 3410.223370 	 3410.223370 	 11631789.883586 	 135399139057292.703125 
888 	 3408.729014 	 3408.729014 	 11621645.742321 	 135165394414345.578125 
889 	 3407.775104 	 3407.775104 	 11615216.875667 	 135019247898503.453125 
890 	 3409.640220 	 3409.640220 	 11627889.107901 	 135311880269174.171875 
891 	 3409.143861 	 3409.143861 	 11624378.507371 	 135224400254887.906250 
892 	 3410.548068 	 3410.548068 	 11634084.098117 	 135456258359257.625000 
893 	 3409.724840 	 3409.724840 	 11628378.883049 	 135319285862965.453125 
894 	 3408.581075 	 3408.581075 	 11620612.495997 	 135140123547530.937500 
895 	 3406.958157 	 3406.958157 	 11609573.786851 	 134884778967019.546875 
896 	 3411.295259 	 3411.295259 	 11639078.173573 	 135567737100347.984375 
897 	 3410.074636 	 3410.074636 	 11630713.490123 	 135371256232496.531250 
898 	 3410.736946 	 3410.736946 	 11635227.083017 	 135476109584800.359375 
899 	 3410.465493 	 3410.465493 	 11633446.123640 	 135437961091697.734375 
900 	 3409.243287 	 3409.243287 	 11625116.407019 	 135244403937561.656250 

%ACCRATE = 0.866346
