%%%%%%%%%%%%%%%%%%%%%%%%%%%%%%%%%%%%%%%%%%%%%%%%%%%%%%%%%%%%%%%%%%%%%%%%%%%
%SIMULAZIONE D = 3, L = 14, V = 2744
%NUMERO DI MISURE PER OGNI KAPPA: T = 100
%%%%%%%%%%%%%%%%%%%%%%%%%%%%%%%%%%%%%%%%%%%%%%%%%%%%%%%%%%%%%%%%%%%%%%%%%%%

%%%%%%%%%%%%%%%%%%%%%%%%%%%%%%%%%%%%%%%%%%%%%%%%%%%%%%%%%%%%%%%%%%%%%%%%%%%
%KAPPA = 0.150000
%%%%%%%%%%%%%%%%%%%%%%%%%%%%%%%%%%%%%%%%%%%%%%%%%%%%%%%%%%%%%%%%%%%%%%%%%%%

1 	 3.338506 	 83.180517 	 11006.816202 	 377913869.867546 
2 	 4.619962 	 82.898212 	 10645.676274 	 314723800.878012 
3 	 -4.930845 	 81.388605 	 10528.404103 	 345542885.507016 
4 	 3.484144 	 80.059632 	 9980.466212 	 290764781.392947 
5 	 -0.302817 	 82.508559 	 10659.416619 	 331823525.488099 
6 	 1.442762 	 81.401671 	 10317.687812 	 309865980.712478 
7 	 0.082213 	 80.573195 	 9925.500579 	 277188787.243974 
8 	 -3.360645 	 83.163965 	 10868.671616 	 356141135.493922 
9 	 -2.174764 	 80.896516 	 10027.484294 	 286704561.368281 
10 	 3.927231 	 82.307455 	 10511.668373 	 320548722.003550 
11 	 -0.651966 	 83.553173 	 11042.143526 	 376465975.008970 
12 	 5.318681 	 79.643935 	 9648.925059 	 261546870.427161 
13 	 -0.932520 	 82.989701 	 10880.934262 	 361918209.821112 
14 	 -11.729083 	 79.318356 	 9907.532286 	 285989113.434979 
15 	 7.095452 	 81.514289 	 10563.207977 	 346598263.276258 
16 	 4.211474 	 82.039909 	 10293.573277 	 295960338.026413 
17 	 -9.836631 	 80.850733 	 10250.544783 	 305444840.487388 
18 	 7.210615 	 81.192075 	 10163.733633 	 294863446.317490 
19 	 0.989519 	 83.261814 	 10774.976226 	 335929735.985932 
20 	 -3.525707 	 83.600298 	 10935.981971 	 346641715.620698 
21 	 2.702585 	 81.996605 	 10557.090275 	 323982893.784228 
22 	 4.214962 	 81.080000 	 10350.199664 	 329283446.157708 
23 	 11.777566 	 85.030569 	 11147.638638 	 350189153.020973 
24 	 -0.184569 	 76.857089 	 9244.828903 	 267290109.112723 
25 	 -3.361531 	 78.699979 	 9690.611820 	 283743485.128640 
26 	 -0.746939 	 78.999736 	 9832.280754 	 287678428.706015 
27 	 12.701323 	 82.603505 	 10731.205144 	 344757873.533289 
28 	 -12.019960 	 79.117992 	 9761.730388 	 275636027.034062 
29 	 9.114732 	 80.932630 	 10219.091860 	 303345489.014062 
30 	 8.808851 	 82.340780 	 10618.288085 	 336140620.128577 
31 	 1.086115 	 80.776862 	 10305.341580 	 317092235.242878 
32 	 1.034966 	 79.982737 	 10236.616108 	 341602626.550730 
33 	 4.048717 	 81.312545 	 10391.811187 	 322261177.775054 
34 	 0.690146 	 83.066389 	 10674.438343 	 318688470.348111 
35 	 0.074312 	 79.270898 	 9959.842440 	 303051171.627296 
36 	 11.948290 	 82.357745 	 10676.141250 	 339798557.660100 
37 	 4.095259 	 79.010973 	 9765.009916 	 278025672.226428 
38 	 -2.974863 	 81.173637 	 10504.872790 	 341114114.133249 
39 	 -0.286969 	 82.133899 	 10683.687202 	 350940718.405135 
40 	 10.157028 	 81.741603 	 10470.142912 	 335074059.167825 
41 	 5.445037 	 79.881828 	 9802.765763 	 270158840.047943 
42 	 1.529213 	 82.421080 	 10831.915034 	 371888762.847790 
43 	 0.482202 	 82.224404 	 10555.590106 	 344076856.907584 
44 	 -0.143497 	 81.223219 	 10340.860680 	 320199890.758364 
45 	 7.725309 	 83.557681 	 10774.365876 	 325265698.341469 
46 	 0.538178 	 81.049824 	 10309.352816 	 313234632.072589 
47 	 2.896086 	 78.680298 	 9644.513498 	 263815021.905604 
48 	 -2.973333 	 81.536220 	 10511.597718 	 338318734.889471 
49 	 2.052133 	 83.661474 	 11099.127894 	 367264424.362083 
50 	 6.986493 	 80.133424 	 9960.900474 	 284383212.944110 
51 	 -8.501180 	 78.621704 	 9509.620362 	 256142319.567486 
52 	 -1.762017 	 81.262621 	 10186.613055 	 302632996.359177 
53 	 10.352450 	 83.577808 	 10894.936853 	 346775005.378380 
54 	 5.010407 	 81.819188 	 10397.013850 	 309442663.825592 
55 	 -3.888203 	 78.308869 	 9554.844087 	 268640500.400780 
56 	 -7.763641 	 78.030270 	 9533.523370 	 273269480.673806 
57 	 -0.448726 	 79.269262 	 9837.665027 	 284962906.844403 
58 	 -1.473089 	 81.943527 	 10562.472499 	 328169968.976357 
59 	 -7.626714 	 82.713440 	 10439.679568 	 305422751.960161 
60 	 2.745734 	 75.649090 	 9051.916933 	 249532835.822695 
61 	 0.864430 	 79.347711 	 9861.205305 	 287449468.397383 
62 	 -5.858227 	 81.707272 	 10270.919523 	 296869201.508695 
63 	 6.951059 	 83.279696 	 10986.139419 	 355030636.545714 
64 	 2.875993 	 80.756680 	 10164.476650 	 306296010.569615 
65 	 -3.840938 	 80.419117 	 10310.495724 	 342573290.270134 
66 	 -6.206613 	 82.103795 	 10402.614663 	 308827005.286406 
67 	 7.243232 	 82.486318 	 10695.117043 	 362697600.200189 
68 	 -2.489531 	 84.028053 	 11221.608010 	 384730723.054256 
69 	 -0.568219 	 81.506326 	 10405.189935 	 309024661.265818 
70 	 1.460397 	 81.014355 	 10053.486481 	 280823725.764459 
71 	 -3.899221 	 77.979258 	 9516.709202 	 269906325.239777 
72 	 9.887919 	 84.528752 	 11162.736225 	 372856042.066933 
73 	 -12.260256 	 81.314981 	 10424.798786 	 336467886.594696 
74 	 -3.265288 	 83.504602 	 10791.997468 	 334664985.940678 
75 	 3.287215 	 83.344766 	 10718.050381 	 322500614.883842 
76 	 10.871410 	 84.832944 	 11314.921974 	 378914708.424403 
77 	 0.373343 	 77.692245 	 9479.279645 	 265003161.762876 
78 	 6.590819 	 80.386890 	 10032.335997 	 292694968.114228 
79 	 1.332794 	 79.591697 	 9943.751999 	 294294098.943771 
80 	 10.069995 	 77.846576 	 9443.429594 	 257190869.838292 
81 	 -5.664568 	 82.943385 	 10826.682239 	 364660522.314279 
82 	 1.368835 	 78.982653 	 9740.118761 	 279287817.090125 
83 	 -1.903606 	 81.265882 	 10448.094203 	 331248242.436217 
84 	 3.202595 	 85.732298 	 11538.729390 	 393184903.560011 
85 	 11.115484 	 78.933691 	 9852.966549 	 290950042.982949 
86 	 3.177095 	 84.871614 	 11162.716169 	 366018794.569623 
87 	 -0.017809 	 81.593700 	 10118.960480 	 276523287.117347 
88 	 10.107867 	 84.920428 	 11349.784834 	 389723923.153422 
89 	 -7.515862 	 81.055003 	 10217.363115 	 296335402.807033 
90 	 11.892308 	 80.865384 	 10230.965881 	 305295552.952067 
91 	 2.823047 	 85.056785 	 11566.297323 	 447142582.012132 
92 	 -5.284941 	 78.416670 	 9903.013388 	 317375265.338196 
93 	 -1.592957 	 84.851833 	 11212.285722 	 356142391.883987 
94 	 -1.183024 	 82.251653 	 10321.508271 	 292466556.397992 
95 	 1.045660 	 76.016991 	 9137.042385 	 255823929.815413 
96 	 -2.622945 	 78.403662 	 9813.322031 	 302533322.566858 
97 	 -6.075677 	 79.752298 	 10136.530303 	 323068266.549378 
98 	 -3.690552 	 81.962635 	 10703.912916 	 355781967.400475 
99 	 -3.424680 	 85.579311 	 11564.190862 	 403365996.778762 
100 	 4.130912 	 77.003115 	 9296.963815 	 257002498.071326 

%ACCRATE = 0.908818

%%%%%%%%%%%%%%%%%%%%%%%%%%%%%%%%%%%%%%%%%%%%%%%%%%%%%%%%%%%%%%%%%%%%%%%%%%%
%KAPPA = 0.160000
%%%%%%%%%%%%%%%%%%%%%%%%%%%%%%%%%%%%%%%%%%%%%%%%%%%%%%%%%%%%%%%%%%%%%%%%%%%

101 	 0.584048 	 97.476739 	 15400.647943 	 816573287.477571 
102 	 2.430828 	 101.659126 	 16588.593621 	 883957195.884961 
103 	 3.063029 	 100.484656 	 16148.059469 	 884924730.377767 
104 	 -17.504638 	 93.951008 	 13820.215083 	 572952882.112869 
105 	 7.244535 	 95.974964 	 14392.559654 	 611527336.077666 
106 	 -10.256308 	 104.252175 	 16856.596253 	 806792194.294260 
107 	 6.135281 	 100.231889 	 15534.352576 	 707476592.412162 
108 	 14.627982 	 98.776517 	 15031.636320 	 645972555.074173 
109 	 3.024076 	 97.794302 	 14981.483475 	 663407853.013995 
110 	 -16.286910 	 97.959600 	 14741.083426 	 607972060.873571 
111 	 -2.180885 	 97.717512 	 14769.929174 	 620043132.279708 
112 	 7.459226 	 98.705015 	 15562.761992 	 752257485.748418 
113 	 -10.558433 	 100.676693 	 15987.534542 	 781412402.499674 
114 	 -17.802498 	 97.646921 	 14832.902159 	 655814516.843258 
115 	 -18.378074 	 97.764448 	 15134.184192 	 735847967.068748 
116 	 1.344644 	 102.920423 	 16484.662700 	 804092245.016361 
117 	 -2.279228 	 96.741713 	 14176.401607 	 538296804.899311 
118 	 -7.093698 	 101.339633 	 16022.009040 	 778566472.021610 
119 	 5.722572 	 95.628345 	 14445.283842 	 635567578.315469 
120 	 15.484843 	 99.792050 	 15707.042182 	 754279795.272360 
121 	 2.337032 	 102.986981 	 16808.500217 	 841567729.446785 
122 	 4.226428 	 104.706705 	 17096.726367 	 834735149.184591 
123 	 10.332073 	 97.168469 	 14610.576967 	 596635755.052993 
124 	 -20.887725 	 99.533115 	 15428.626235 	 671536577.780191 
125 	 5.702189 	 102.992268 	 16758.186954 	 877104092.897745 
126 	 -8.011695 	 100.882918 	 15763.737205 	 697623044.284571 
127 	 1.203245 	 99.623207 	 15493.549191 	 682181628.353079 
128 	 -3.401360 	 95.958546 	 14804.898679 	 711097393.108356 
129 	 8.036398 	 99.060094 	 15415.638808 	 706478169.147060 
130 	 5.713781 	 100.104897 	 15436.343139 	 691389052.448234 
131 	 1.345503 	 97.187496 	 14808.161776 	 638561943.865684 
132 	 -5.807065 	 96.086998 	 14636.322764 	 661160500.389714 
133 	 4.067177 	 92.876809 	 13405.409414 	 533061870.160624 
134 	 2.421483 	 96.607852 	 14842.467766 	 676181727.759607 
135 	 -1.845520 	 101.406585 	 15703.242842 	 679467212.262613 
136 	 -8.134551 	 101.510849 	 16851.990394 	 907984042.028236 
137 	 2.269516 	 103.933663 	 17188.737996 	 915042780.186951 
138 	 0.866213 	 99.156327 	 15457.324038 	 706847361.368069 
139 	 7.385275 	 95.389177 	 14349.038045 	 609017008.354792 
140 	 -4.909920 	 101.384063 	 15707.076318 	 679553520.510212 
141 	 -11.226694 	 95.742210 	 14485.436118 	 639223839.681777 
142 	 -4.073417 	 95.150140 	 14430.697440 	 614974457.427769 
143 	 0.131117 	 105.337196 	 17148.180640 	 831750317.143221 
144 	 1.035841 	 105.296140 	 17135.418941 	 868175768.976948 
145 	 9.727225 	 100.612835 	 15744.918855 	 758069216.031715 
146 	 6.162432 	 101.213934 	 15832.593854 	 694598024.395579 
147 	 12.191995 	 102.991672 	 16792.069656 	 843804696.000905 
148 	 -1.899905 	 94.567012 	 14008.947558 	 574605444.837915 
149 	 2.894739 	 97.951388 	 14427.958559 	 539109802.269791 
150 	 -4.758627 	 100.660779 	 16062.444468 	 788406974.381649 
151 	 -1.573307 	 101.625305 	 16107.667510 	 739687556.804061 
152 	 -21.853752 	 102.119396 	 16309.101320 	 797403422.445401 
153 	 -3.616458 	 102.284509 	 16572.064806 	 825089090.223364 
154 	 -1.615855 	 102.044715 	 15854.022448 	 673981104.572209 
155 	 -1.530642 	 106.482388 	 18150.975445 	 1062302411.670120 
156 	 -6.578219 	 107.379541 	 17497.057495 	 828254010.523645 
157 	 17.252457 	 99.859940 	 15747.542019 	 811808696.792531 
158 	 -3.951900 	 102.675965 	 16699.177862 	 874122128.119806 
159 	 10.054103 	 96.504968 	 14487.763587 	 641707917.847147 
160 	 7.197617 	 91.939899 	 13437.186376 	 552413675.419236 
161 	 9.420618 	 98.989259 	 14897.475269 	 595941922.144598 
162 	 13.128027 	 99.709576 	 15276.101136 	 647088877.757289 
163 	 7.884049 	 102.634159 	 16409.963629 	 776233131.765690 
164 	 -9.677531 	 96.675178 	 14624.596777 	 640833112.565104 
165 	 -8.753563 	 98.602991 	 15031.358848 	 634655757.148765 
166 	 -1.993113 	 98.251268 	 15589.965470 	 779567440.443787 
167 	 1.954667 	 103.008643 	 16476.582885 	 793016058.572291 
168 	 -13.141190 	 95.937421 	 14452.827518 	 629592360.203240 
169 	 -3.175219 	 102.159600 	 16050.597138 	 732409484.456003 
170 	 -2.429009 	 98.367098 	 15195.216501 	 764600717.879483 
171 	 -0.474974 	 102.150290 	 16335.008375 	 783372846.706990 
172 	 -8.018850 	 106.578881 	 17413.923068 	 862771609.348410 
173 	 -10.949198 	 96.170491 	 14333.420813 	 582289458.762110 
174 	 12.098621 	 90.260755 	 13052.334632 	 537346285.336528 
175 	 4.470322 	 100.524789 	 15572.755711 	 678826259.525454 
176 	 -3.775724 	 100.537700 	 15934.640670 	 743432997.034168 
177 	 12.245630 	 100.839890 	 15795.857773 	 728376022.754415 
178 	 -3.293220 	 100.478863 	 15607.146522 	 690229892.707979 
179 	 1.591604 	 95.769224 	 14559.435566 	 642893883.616363 
180 	 -5.886171 	 95.451430 	 13956.145607 	 545304556.972229 
181 	 -2.041949 	 99.072359 	 15106.863307 	 636110474.967027 
182 	 -9.567677 	 100.822922 	 15778.451989 	 694310479.153334 
183 	 -0.442158 	 102.190554 	 16356.346304 	 803853491.224130 
184 	 -0.438328 	 97.284910 	 14772.252895 	 646920684.327222 
185 	 16.564064 	 97.203957 	 15095.321441 	 730821156.647958 
186 	 5.191132 	 98.111943 	 15600.344891 	 753515964.114884 
187 	 -13.218414 	 95.594552 	 14675.271595 	 720038319.916740 
188 	 0.623778 	 97.566588 	 14744.989287 	 669492983.903992 
189 	 -2.775100 	 105.793893 	 16964.156668 	 818681778.438720 
190 	 1.191929 	 103.603859 	 17016.988994 	 843465874.504763 
191 	 -0.877542 	 97.862351 	 15119.082135 	 678631109.369174 
192 	 -11.142587 	 97.170334 	 14455.889819 	 589805221.655969 
193 	 7.608693 	 98.043424 	 15020.224209 	 664729047.076414 
194 	 11.920079 	 95.437130 	 14297.245738 	 619810940.269517 
195 	 6.871328 	 97.965989 	 14810.264184 	 606171875.709472 
196 	 3.292810 	 96.300463 	 14538.675119 	 612705084.736729 
197 	 0.551298 	 93.392825 	 13370.615432 	 486575426.310424 
198 	 0.147430 	 99.822030 	 15689.099992 	 734451389.770815 
199 	 11.647087 	 96.070042 	 14169.576340 	 558235493.562158 
200 	 8.437131 	 97.522351 	 15035.658719 	 676543463.686879 

%ACCRATE = 0.907959

%%%%%%%%%%%%%%%%%%%%%%%%%%%%%%%%%%%%%%%%%%%%%%%%%%%%%%%%%%%%%%%%%%%%%%%%%%%
%KAPPA = 0.170000
%%%%%%%%%%%%%%%%%%%%%%%%%%%%%%%%%%%%%%%%%%%%%%%%%%%%%%%%%%%%%%%%%%%%%%%%%%%

201 	 -26.018585 	 142.048731 	 32407.057514 	 3478187010.061633 
202 	 -19.280803 	 124.296983 	 23377.541030 	 1536453238.704689 
203 	 4.693959 	 124.072305 	 24013.421003 	 1654171564.876122 
204 	 -20.180631 	 128.633393 	 26093.423445 	 2042664328.305704 
205 	 16.807985 	 127.387181 	 25070.549816 	 1774119344.629710 
206 	 -9.956063 	 129.705412 	 26469.673092 	 2024132912.252641 
207 	 -5.079844 	 134.763018 	 27964.026364 	 2301738566.757354 
208 	 -21.130993 	 140.644838 	 30404.718050 	 2566140139.835256 
209 	 9.272619 	 131.738976 	 27185.432040 	 2236520922.004091 
210 	 -19.635795 	 133.509228 	 28013.044570 	 2349634034.785188 
211 	 6.906386 	 122.391560 	 24162.665846 	 1788299583.743484 
212 	 0.967874 	 132.293937 	 28161.012505 	 2360875252.814721 
213 	 -16.729539 	 129.589916 	 26446.598514 	 2137577679.626665 
214 	 -13.169502 	 140.521574 	 31646.412984 	 3536822841.761708 
215 	 17.503820 	 128.485343 	 27063.761180 	 2402381544.365959 
216 	 11.026001 	 123.362374 	 23995.260411 	 1778193121.383634 
217 	 5.938945 	 128.163798 	 26767.800671 	 2512492011.853412 
218 	 32.205364 	 130.858689 	 26230.849818 	 1951841711.345618 
219 	 -6.236447 	 134.912897 	 28350.822910 	 2277518075.599782 
220 	 -20.649999 	 129.209240 	 26157.198031 	 2010794845.049128 
221 	 -31.484652 	 134.611498 	 28619.304425 	 2446638510.200312 
222 	 14.550762 	 126.596667 	 25294.745760 	 2027758834.359234 
223 	 1.312297 	 130.299837 	 26204.285260 	 1909051336.767000 
224 	 4.702586 	 127.496446 	 24675.826792 	 1694138182.371385 
225 	 0.592307 	 136.087280 	 29407.605766 	 2672174403.098718 
226 	 4.414349 	 128.934283 	 26166.375028 	 1985766652.291894 
227 	 2.060447 	 126.315162 	 25032.646211 	 1840585410.568100 
228 	 4.202971 	 140.596519 	 30772.160035 	 2993872997.314857 
229 	 -2.459752 	 128.509779 	 26080.698126 	 2009681209.617557 
230 	 6.629459 	 136.054892 	 28116.345820 	 2114435059.663301 
231 	 13.672530 	 141.475407 	 30095.112138 	 2279236234.089791 
232 	 18.614742 	 131.697502 	 27254.583374 	 2285827146.804307 
233 	 6.546748 	 128.956649 	 26811.900425 	 2389866676.275463 
234 	 8.221256 	 131.510452 	 26906.878881 	 2052479194.209073 
235 	 -9.896641 	 131.069472 	 27501.655053 	 2342367659.299584 
236 	 -4.464934 	 130.560567 	 26874.139157 	 2220051147.826512 
237 	 -0.054454 	 139.204241 	 30357.217741 	 2649311440.409194 
238 	 14.626067 	 136.394335 	 28045.866643 	 2099160300.787876 
239 	 -17.791455 	 139.234912 	 30000.640877 	 2595036104.399012 
240 	 9.957649 	 124.592286 	 23972.831329 	 1618064822.022127 
241 	 10.005689 	 127.387752 	 26004.897659 	 2233595779.587344 
242 	 19.525635 	 139.168535 	 29724.184064 	 2503133743.607635 
243 	 -6.894916 	 133.331254 	 27856.591382 	 2256353950.587588 
244 	 -13.180757 	 124.929100 	 24258.894765 	 1688917856.851190 
245 	 -14.163172 	 133.245832 	 27760.543328 	 2278259532.841116 
246 	 -3.765281 	 119.007308 	 21811.824532 	 1264195250.996615 
247 	 -2.694376 	 133.923588 	 28332.166316 	 2366895221.057407 
248 	 -20.298332 	 136.732979 	 28886.750109 	 2328256808.035631 
249 	 15.677992 	 146.158987 	 33559.729028 	 3309403819.571622 
250 	 -19.456507 	 136.754058 	 28102.197008 	 2070666370.053828 
251 	 12.959690 	 144.596704 	 31245.293124 	 2462408047.156337 
252 	 2.520696 	 135.747325 	 28182.908049 	 2137037336.011037 
253 	 18.012133 	 142.952490 	 31833.042684 	 2921716381.400874 
254 	 -2.070073 	 125.070331 	 24011.895267 	 1580356312.456544 
255 	 2.131249 	 136.583998 	 28574.277620 	 2262613577.443438 
256 	 -9.587237 	 129.259380 	 26042.538535 	 2037672299.534025 
257 	 -29.673373 	 135.454161 	 28101.565350 	 2061394089.651498 
258 	 -13.618873 	 129.823689 	 26176.764331 	 1951810653.461189 
259 	 0.536232 	 129.896659 	 26809.173767 	 2280654862.883131 
260 	 -16.161829 	 128.707278 	 25761.377084 	 1880375635.464717 
261 	 -3.972395 	 135.329649 	 28004.986103 	 2164647543.195412 
262 	 2.439248 	 115.006893 	 21291.720775 	 1430872253.577595 
263 	 0.801837 	 145.704815 	 31895.690990 	 2644434532.533655 
264 	 -7.216312 	 136.248011 	 28029.888245 	 2075244832.094455 
265 	 -5.420481 	 121.760216 	 23560.353927 	 1825825202.676865 
266 	 -27.967746 	 147.979279 	 35613.975958 	 4633324795.899451 
267 	 26.710953 	 136.902761 	 28284.711609 	 2086111788.939997 
268 	 -18.564136 	 133.872389 	 28296.739273 	 2400045035.400237 
269 	 19.751512 	 142.696926 	 31763.365903 	 2961410459.238891 
270 	 12.876613 	 136.038472 	 28156.531639 	 2189039907.013049 
271 	 12.104149 	 125.688739 	 24095.272718 	 1546639068.568612 
272 	 20.845926 	 139.269268 	 30739.439387 	 2909973291.029346 
273 	 -11.524293 	 127.765144 	 25845.957519 	 2021228699.466933 
274 	 2.524278 	 122.439569 	 23769.530222 	 1691223208.964483 
275 	 -21.995349 	 142.456963 	 31233.761342 	 2759756041.161492 
276 	 14.019458 	 124.286157 	 24487.033446 	 1851156128.564428 
277 	 8.933044 	 134.078420 	 27556.248146 	 2066382791.311131 
278 	 21.475624 	 143.261510 	 31769.631182 	 2748361403.403465 
279 	 13.592459 	 137.797030 	 28224.804162 	 2000198695.233733 
280 	 14.485318 	 141.775190 	 30882.456092 	 2551056741.892893 
281 	 9.139109 	 137.671858 	 28556.069112 	 2185330354.475397 
282 	 9.282908 	 122.650803 	 23492.786474 	 1577691049.157519 
283 	 13.821233 	 132.577399 	 27280.064825 	 2064681266.952941 
284 	 -23.735029 	 127.259378 	 25949.283018 	 2077135457.312632 
285 	 -24.831600 	 129.305752 	 25534.010171 	 1791890920.542526 
286 	 -16.056685 	 126.828371 	 25302.518334 	 1852609580.134298 
287 	 5.447997 	 130.288975 	 26284.669895 	 2049502181.797340 
288 	 -9.906878 	 142.518900 	 31745.030928 	 2902377461.722878 
289 	 -10.450581 	 130.271956 	 26626.858363 	 2080234622.534222 
290 	 7.364207 	 131.910722 	 26673.008210 	 2144081017.061810 
291 	 -10.601831 	 120.511036 	 22958.198227 	 1541566798.505749 
292 	 17.861288 	 126.606537 	 24528.447638 	 1687337362.099206 
293 	 2.676788 	 126.826130 	 24958.060560 	 1852152594.749370 
294 	 1.319716 	 136.547760 	 29960.184396 	 2915797141.763554 
295 	 -11.652129 	 129.192313 	 25849.126244 	 1874515388.788664 
296 	 -14.612759 	 134.429276 	 28797.638936 	 2673366750.487196 
297 	 -25.610789 	 135.402031 	 28800.018937 	 2472654532.618485 
298 	 8.665646 	 130.430674 	 26508.463025 	 1995978198.330444 
299 	 -5.254027 	 127.405015 	 25313.722449 	 1856338199.222351 
300 	 -7.602155 	 128.415502 	 26350.169537 	 2137315857.716580 

%ACCRATE = 0.905774

%%%%%%%%%%%%%%%%%%%%%%%%%%%%%%%%%%%%%%%%%%%%%%%%%%%%%%%%%%%%%%%%%%%%%%%%%%%
%KAPPA = 0.180000
%%%%%%%%%%%%%%%%%%%%%%%%%%%%%%%%%%%%%%%%%%%%%%%%%%%%%%%%%%%%%%%%%%%%%%%%%%%

301 	 -7.548467 	 234.638716 	 86865.474266 	 21784088415.786694 
302 	 -99.449304 	 235.821965 	 81801.489210 	 17209777711.985767 
303 	 -17.757019 	 228.193898 	 77423.540009 	 15405513813.179407 
304 	 -43.809027 	 242.617220 	 88253.554447 	 21044761133.142857 
305 	 23.282649 	 232.833694 	 82309.192668 	 17271372458.346931 
306 	 -12.210144 	 232.591789 	 79025.950973 	 15199505100.657602 
307 	 -1.009731 	 243.666020 	 92970.961169 	 25276326680.920536 
308 	 -69.498206 	 235.196586 	 83087.493272 	 18007889247.868565 
309 	 -12.484706 	 245.112149 	 88312.446379 	 19923072667.412136 
310 	 -64.136760 	 237.608503 	 83898.034413 	 16751511433.013763 
311 	 2.136471 	 238.186800 	 85372.475620 	 19422743445.915142 
312 	 103.175332 	 252.900372 	 93842.554900 	 22017813929.866100 
313 	 8.497838 	 223.225586 	 77015.150211 	 16522381942.760975 
314 	 -32.693362 	 203.655370 	 65732.139646 	 13224657921.743971 
315 	 -29.924512 	 228.525337 	 78013.557950 	 16282346919.965912 
316 	 -23.963022 	 213.723282 	 72444.674122 	 16091077522.801716 
317 	 5.261412 	 210.850533 	 68256.446358 	 12803706628.793262 
318 	 -56.428998 	 230.430323 	 81558.613228 	 17614721626.560173 
319 	 39.646483 	 251.109730 	 93487.957144 	 22307809749.702267 
320 	 17.319919 	 229.591567 	 81345.954628 	 18887107244.048779 
321 	 51.519098 	 197.126923 	 63697.157868 	 13622239210.002691 
322 	 18.101489 	 217.882079 	 73261.297135 	 14158795697.067057 
323 	 23.001584 	 265.781470 	 99836.128252 	 22550262137.620167 
324 	 49.334532 	 265.416961 	 107021.833359 	 29261033056.098164 
325 	 61.199408 	 211.703975 	 69090.273888 	 13454238375.764153 
326 	 -31.550554 	 213.357794 	 73236.583679 	 16505599772.782656 
327 	 33.976270 	 209.711333 	 65285.324682 	 10825719580.552195 
328 	 -5.548637 	 249.379980 	 91186.073026 	 20453615448.104286 
329 	 -60.190198 	 229.670896 	 80900.971738 	 17773429792.968262 
330 	 -29.429880 	 271.376606 	 110590.617762 	 31355259392.271217 
331 	 12.063884 	 240.048946 	 89280.413484 	 21477335312.769844 
332 	 73.385771 	 233.901166 	 88399.552637 	 25579105630.086292 
333 	 42.329716 	 212.283997 	 71219.553314 	 15184882328.974281 
334 	 -11.383308 	 228.802389 	 79301.880603 	 15611237296.035912 
335 	 -27.937513 	 198.398240 	 63150.516746 	 12617843566.655075 
336 	 -39.972518 	 251.135151 	 96428.274382 	 25131825226.529247 
337 	 -16.056019 	 240.582462 	 92230.958908 	 23941650183.108990 
338 	 -53.946300 	 244.270941 	 90328.394345 	 20497958859.720509 
339 	 97.849880 	 252.948670 	 96604.247353 	 24843999423.668060 
340 	 79.697065 	 244.737080 	 91873.232030 	 21251362892.661785 
341 	 2.979617 	 187.925802 	 54727.279893 	 8725662116.606049 
342 	 -29.872152 	 224.941175 	 79470.237927 	 18035379883.990559 
343 	 63.965601 	 251.405332 	 95418.677876 	 22765555357.310696 
344 	 -46.413620 	 208.607223 	 66069.211976 	 11568962576.561924 
345 	 15.247292 	 211.701946 	 71782.480604 	 17091952743.776213 
346 	 54.103504 	 212.211265 	 69568.208496 	 12533158017.438643 
347 	 -44.124818 	 192.333850 	 59314.961188 	 10587121082.988113 
348 	 -9.135787 	 242.939196 	 90116.251638 	 21737655556.738956 
349 	 44.355911 	 210.454267 	 70566.279644 	 15592111849.250563 
350 	 37.271660 	 219.103277 	 75437.875228 	 15023973624.510298 
351 	 18.370213 	 271.378144 	 105872.157327 	 25515892682.118008 
352 	 46.378663 	 245.450982 	 89410.537103 	 20384307865.456902 
353 	 41.824904 	 228.757457 	 78060.492812 	 15319439018.442362 
354 	 -2.984207 	 235.076402 	 82321.858001 	 16695812496.369963 
355 	 -72.688676 	 249.173437 	 96469.829500 	 25756262952.367470 
356 	 28.290218 	 239.249187 	 88058.967623 	 20949034806.854511 
357 	 -73.131119 	 235.789155 	 84171.788096 	 19045624999.006374 
358 	 13.584957 	 215.346400 	 71344.504632 	 13769922513.160116 
359 	 -0.178999 	 227.910086 	 76511.365468 	 14489444927.556326 
360 	 5.397711 	 218.516757 	 74888.918250 	 16472806292.627815 
361 	 -64.212907 	 247.158595 	 94076.036014 	 23678457725.404198 
362 	 17.327772 	 225.321329 	 75847.766086 	 14881952767.623228 
363 	 54.114299 	 221.700239 	 76862.233756 	 16788651560.794394 
364 	 12.252691 	 198.189972 	 60599.005818 	 10148475638.753609 
365 	 29.912447 	 203.604417 	 64676.561741 	 11747560618.024759 
366 	 2.215439 	 231.538655 	 84897.660860 	 21196401261.533035 
367 	 -51.529997 	 226.243310 	 77155.894544 	 16140601986.039541 
368 	 19.354146 	 195.072477 	 59148.811142 	 9842027673.410385 
369 	 33.262654 	 226.259471 	 78273.540848 	 16087650070.975771 
370 	 39.723524 	 262.996899 	 102344.637512 	 25323132458.369633 
371 	 -13.669901 	 225.810959 	 78648.177562 	 16918559113.744499 
372 	 85.116150 	 247.269220 	 89458.416008 	 19010061821.858952 
373 	 -27.131513 	 223.849832 	 77795.452433 	 16378055573.602924 
374 	 47.256684 	 255.114901 	 92620.048095 	 19828375935.882801 
375 	 -40.073495 	 209.275030 	 65374.416588 	 11396357038.570662 
376 	 147.938134 	 275.126414 	 110332.555146 	 28135443089.599640 
377 	 26.935900 	 219.245396 	 74305.870021 	 15049093431.626387 
378 	 -33.544154 	 236.881295 	 82355.423587 	 16921489599.784985 
379 	 -63.065002 	 254.038323 	 94627.263841 	 21208346489.202656 
380 	 20.543776 	 248.168916 	 95499.509462 	 25407316378.828491 
381 	 17.523615 	 211.433521 	 73259.839415 	 16703931095.826979 
382 	 -13.844951 	 273.624235 	 112109.474792 	 32131439116.556187 
383 	 19.962938 	 268.525213 	 107377.451234 	 29946256339.899338 
384 	 -77.462230 	 226.097471 	 77152.987190 	 16006927548.111631 
385 	 38.686536 	 230.045872 	 80648.774271 	 17120855826.481319 
386 	 -41.977044 	 242.147850 	 91624.126390 	 24423049982.598877 
387 	 -52.403739 	 215.299949 	 73881.754750 	 16176347460.420256 
388 	 -37.340179 	 244.581765 	 89112.489387 	 21398590171.165108 
389 	 31.090075 	 235.587371 	 87894.393637 	 23586748455.391197 
390 	 47.166444 	 232.774158 	 83303.916610 	 19375936528.717915 
391 	 61.442940 	 261.187613 	 97725.026985 	 21200101477.166149 
392 	 59.762332 	 270.085172 	 108283.618862 	 28004053604.148899 
393 	 -50.085662 	 231.786781 	 80018.187936 	 16765819120.334999 
394 	 -29.572855 	 252.408940 	 97940.703248 	 27325009759.240704 
395 	 17.191718 	 256.927625 	 101187.769263 	 28274045341.416931 
396 	 -33.951732 	 224.914358 	 76655.182080 	 15094173740.018845 
397 	 87.202032 	 226.205434 	 78142.735831 	 16056841636.663265 
398 	 51.850057 	 212.106175 	 68344.701334 	 11965495612.108490 
399 	 61.520112 	 213.486919 	 71349.304065 	 14335873499.342806 
400 	 25.000049 	 209.806983 	 68007.433599 	 12435421766.602892 

%ACCRATE = 0.904252

%%%%%%%%%%%%%%%%%%%%%%%%%%%%%%%%%%%%%%%%%%%%%%%%%%%%%%%%%%%%%%%%%%%%%%%%%%%
%KAPPA = 0.190000
%%%%%%%%%%%%%%%%%%%%%%%%%%%%%%%%%%%%%%%%%%%%%%%%%%%%%%%%%%%%%%%%%%%%%%%%%%%

401 	 1140.531596 	 1140.531596 	 1328580.314579 	 1897591289458.408691 
402 	 1085.844069 	 1085.844069 	 1214334.977085 	 1629454908273.528564 
403 	 364.924605 	 1081.138413 	 1209727.337677 	 1613604543452.479736 
404 	 -1121.742299 	 1121.742299 	 1289116.928442 	 1798900766419.288086 
405 	 -1084.376093 	 1084.376093 	 1215317.377879 	 1639238209877.843994 
406 	 -1115.111526 	 1115.111526 	 1280609.500326 	 1805818100347.806396 
407 	 -1102.988236 	 1102.988236 	 1244512.454055 	 1675310172259.122559 
408 	 -1070.927924 	 1070.927924 	 1194505.404233 	 1598299236792.309082 
409 	 -1100.455413 	 1100.455413 	 1276651.645054 	 1863290698379.914795 
410 	 -1104.481518 	 1104.481518 	 1257153.618697 	 1738874433951.589600 
411 	 -1098.550669 	 1098.550669 	 1245794.495966 	 1714034718674.617920 
412 	 -1069.541668 	 1069.920013 	 1190145.660344 	 1579235703845.312744 
413 	 -1163.754635 	 1163.754635 	 1380891.306405 	 2037522886919.697266 
414 	 -1075.137371 	 1075.137371 	 1192701.821789 	 1583393151158.483154 
415 	 -1106.612096 	 1106.612096 	 1259932.784606 	 1741603502513.208740 
416 	 -1125.689393 	 1125.689393 	 1290635.768195 	 1781275831087.383545 
417 	 116.222119 	 1068.040451 	 1191705.317056 	 1611020884090.623779 
418 	 1111.156326 	 1111.156326 	 1271849.945956 	 1782998759701.300537 
419 	 1110.861783 	 1110.861783 	 1265032.296996 	 1744341003203.198730 
420 	 -936.970154 	 1090.789743 	 1250026.024113 	 1758169769326.142578 
421 	 -1018.505062 	 1018.505062 	 1103461.545738 	 1437175504825.117920 
422 	 -1087.927636 	 1087.927636 	 1231388.978791 	 1694201783083.831299 
423 	 -1052.750278 	 1052.752013 	 1168867.542667 	 1564224539621.226318 
424 	 -1079.434114 	 1079.434114 	 1224822.712077 	 1719726527769.103516 
425 	 -1020.212817 	 1020.300390 	 1107108.032908 	 1430627634298.204102 
426 	 -1104.116540 	 1104.116540 	 1258454.030329 	 1747876983533.188721 
427 	 -1109.936188 	 1109.936188 	 1267200.284390 	 1758444821891.001465 
428 	 -1128.338692 	 1128.338692 	 1304249.356719 	 1842046208216.636719 
429 	 -1137.144818 	 1137.144818 	 1320170.869285 	 1871560687764.973633 
430 	 -1095.561869 	 1095.561869 	 1234569.908088 	 1673220344961.054688 
431 	 -1035.912686 	 1038.355563 	 1150088.990053 	 1541746245403.446045 
432 	 -1096.212941 	 1096.212941 	 1237051.701739 	 1678822256987.016357 
433 	 1043.276738 	 1092.446860 	 1241822.991371 	 1703953110701.218994 
434 	 1093.539699 	 1093.539699 	 1235737.292875 	 1693293455061.812988 
435 	 1121.541010 	 1121.541010 	 1288310.474582 	 1797676259484.085205 
436 	 1082.048087 	 1082.048087 	 1210146.519616 	 1625965999844.845703 
437 	 1099.202957 	 1099.202957 	 1247231.966575 	 1727393702423.405029 
438 	 1132.127073 	 1132.127073 	 1310787.719840 	 1858788147572.313965 
439 	 942.579158 	 1046.987488 	 1157643.603781 	 1542711556444.875732 
440 	 930.253236 	 1058.597543 	 1171471.992226 	 1557202198373.209229 
441 	 1087.397384 	 1087.397384 	 1217393.503375 	 1629396672731.081299 
442 	 1070.051170 	 1070.051170 	 1182620.025056 	 1553921951182.774902 
443 	 1067.825544 	 1067.825544 	 1175751.104054 	 1528709769558.882080 
444 	 1034.144446 	 1035.302002 	 1152790.027929 	 1548923532008.514648 
445 	 1119.091132 	 1119.091132 	 1277468.860807 	 1753418526412.634521 
446 	 1132.299386 	 1132.299386 	 1317044.080069 	 1888025860815.188721 
447 	 1065.819135 	 1065.819135 	 1184120.301731 	 1576919386408.566895 
448 	 1137.045166 	 1137.045166 	 1315810.293223 	 1843339900012.970703 
449 	 1106.564788 	 1106.564788 	 1261308.384954 	 1745912450854.570312 
450 	 1132.643730 	 1132.643730 	 1310474.662992 	 1852131669219.206787 
451 	 1114.989395 	 1114.989395 	 1275490.152706 	 1772330572781.121826 
452 	 1103.612497 	 1103.612497 	 1258109.247918 	 1754515936414.824219 
453 	 1102.644188 	 1102.644188 	 1255046.220356 	 1743164209488.781006 
454 	 1109.640590 	 1109.640590 	 1265411.671121 	 1750375319665.667725 
455 	 1135.613075 	 1135.613075 	 1315573.649369 	 1852309202710.659912 
456 	 1116.689253 	 1116.689253 	 1274018.818865 	 1749387892861.158936 
457 	 239.688492 	 1108.521028 	 1276264.975977 	 1804574920505.883301 
458 	 -1126.308597 	 1126.308597 	 1300295.643700 	 1840346913076.335938 
459 	 1038.131454 	 1062.384553 	 1178542.811152 	 1564838785095.812012 
460 	 1138.107536 	 1138.107536 	 1320146.861510 	 1866990434298.887695 
461 	 1115.750969 	 1115.750969 	 1275561.901140 	 1765467521982.778564 
462 	 1118.423115 	 1118.423115 	 1279564.951540 	 1770561099832.859619 
463 	 1125.172035 	 1125.172035 	 1296467.325599 	 1822042417489.530762 
464 	 1073.638437 	 1073.638437 	 1229794.442564 	 1752090509561.364258 
465 	 1139.150838 	 1139.150838 	 1322131.042175 	 1867125362500.752686 
466 	 -370.522580 	 1043.654881 	 1182866.444026 	 1644738611548.455566 
467 	 -1084.168364 	 1084.168364 	 1204326.830049 	 1584712104158.317871 
468 	 -1044.884441 	 1044.893070 	 1143643.420981 	 1493174923099.350098 
469 	 -1127.508036 	 1127.508036 	 1296711.368496 	 1802572818082.294434 
470 	 -1090.241143 	 1090.241143 	 1233510.210119 	 1708373617200.431885 
471 	 -1086.869579 	 1086.869579 	 1215772.208669 	 1624756582372.888428 
472 	 -1062.881323 	 1062.881323 	 1179662.010419 	 1585127002782.478516 
473 	 -1084.768186 	 1084.768186 	 1215629.457224 	 1648915055988.849121 
474 	 -1038.790162 	 1040.279034 	 1162411.278225 	 1582670312056.118896 
475 	 -1111.401794 	 1111.401794 	 1273405.679075 	 1780504397573.319580 
476 	 162.620578 	 1016.288283 	 1124566.232448 	 1506259312072.753174 
477 	 1145.654588 	 1145.654588 	 1342644.232362 	 1931618060123.759277 
478 	 1145.641983 	 1145.641983 	 1340374.621123 	 1928270906171.758057 
479 	 1125.788443 	 1125.788443 	 1295106.167219 	 1803174768286.541260 
480 	 1150.587518 	 1150.587518 	 1352595.076913 	 1969675946725.583496 
481 	 1095.092003 	 1095.251591 	 1265915.932699 	 1822489681378.152832 
482 	 1098.886374 	 1098.886374 	 1242531.417904 	 1691571853147.943604 
483 	 1090.451126 	 1090.451126 	 1240524.436812 	 1737662513788.754395 
484 	 1114.771904 	 1114.771904 	 1273632.719233 	 1751203386075.576416 
485 	 1062.023174 	 1062.029489 	 1181684.124499 	 1584132837353.700684 
486 	 1086.687154 	 1086.687154 	 1219730.856205 	 1643030844477.295654 
487 	 1018.005729 	 1046.104750 	 1144597.377565 	 1490622876726.899902 
488 	 352.281176 	 1062.502369 	 1212453.187739 	 1692442751535.282715 
489 	 1131.108641 	 1131.108641 	 1308386.628078 	 1849148998732.383301 
490 	 1095.910153 	 1095.910153 	 1243315.439753 	 1712524433730.844727 
491 	 1111.743315 	 1111.743315 	 1267749.883777 	 1757651450165.405029 
492 	 1128.854554 	 1128.854554 	 1307589.130741 	 1863763488268.842041 
493 	 1104.015124 	 1104.015124 	 1251604.591849 	 1705027258086.095703 
494 	 1109.840404 	 1109.840404 	 1258251.407872 	 1708060346446.763916 
495 	 1104.994404 	 1104.994404 	 1250578.807820 	 1700315745880.180176 
496 	 1111.955408 	 1111.955408 	 1264237.384574 	 1727137080906.802490 
497 	 1125.086097 	 1125.086097 	 1301710.343070 	 1849157800292.475098 
498 	 1123.483869 	 1123.483869 	 1292438.317782 	 1816516796375.441650 
499 	 155.279321 	 1042.247005 	 1169089.796493 	 1600671960640.565918 
500 	 -1002.049585 	 1002.955206 	 1087230.452554 	 1409406051637.376709 

%ACCRATE = 0.896055

%%%%%%%%%%%%%%%%%%%%%%%%%%%%%%%%%%%%%%%%%%%%%%%%%%%%%%%%%%%%%%%%%%%%%%%%%%%
%KAPPA = 0.200000
%%%%%%%%%%%%%%%%%%%%%%%%%%%%%%%%%%%%%%%%%%%%%%%%%%%%%%%%%%%%%%%%%%%%%%%%%%%

501 	 -1670.292244 	 1670.292244 	 2795989.712690 	 7885261506707.541992 
502 	 -1660.121277 	 1660.121277 	 2762881.203341 	 7708635333982.483398 
503 	 -1662.309345 	 1662.309345 	 2769472.860366 	 7738068303137.161133 
504 	 -1665.236466 	 1665.236466 	 2779951.852350 	 7803633162189.057617 
505 	 -1665.785519 	 1665.785519 	 2781705.400226 	 7812881763480.395508 
506 	 -1662.926852 	 1662.926852 	 2772140.405870 	 7759561283767.513672 
507 	 -1658.449870 	 1658.449870 	 2756925.002661 	 7670881299334.382812 
508 	 -1655.575214 	 1655.575214 	 2748138.070237 	 7630111589538.830078 
509 	 -1660.993785 	 1660.993785 	 2766229.434963 	 7731463123421.020508 
510 	 -1664.760553 	 1664.760553 	 2777710.227906 	 7784247121011.940430 
511 	 -1660.577866 	 1660.577866 	 2764072.725294 	 7711137073773.669922 
512 	 -1664.277788 	 1664.277788 	 2776628.784076 	 7783894613070.468750 
513 	 -1658.985700 	 1658.985700 	 2759106.663464 	 7687706923897.214844 
514 	 -1668.783796 	 1668.783796 	 2791604.528890 	 7867439805848.073242 
515 	 -1655.429199 	 1655.429199 	 2748151.257044 	 7634781189159.548828 
516 	 -1655.439740 	 1655.439740 	 2747249.998469 	 7620547597006.811523 
517 	 -1657.634311 	 1657.634311 	 2755602.477473 	 7677976366550.984375 
518 	 -1661.874903 	 1661.874903 	 2769249.786332 	 7749034786580.491211 
519 	 -1658.662937 	 1658.662937 	 2758267.860717 	 7684182986521.931641 
520 	 -1659.182375 	 1659.182375 	 2759988.183206 	 7694938444321.533203 
521 	 -1660.417948 	 1660.417948 	 2763893.207278 	 7714255287170.500977 
522 	 -1660.037632 	 1660.037632 	 2762949.175972 	 7712094270299.594727 
523 	 -1665.642044 	 1665.642044 	 2781036.130330 	 7807005200015.638672 
524 	 -1657.525816 	 1657.525816 	 2754396.202787 	 7662591125132.646484 
525 	 -1660.083950 	 1660.083950 	 2762380.030410 	 7702464523937.937500 
526 	 -1660.610429 	 1660.610429 	 2764515.851061 	 7717479691946.406250 
527 	 -1667.932634 	 1667.932634 	 2789589.553052 	 7864215404614.516602 
528 	 -1656.862843 	 1656.862843 	 2752008.033913 	 7647784040553.673828 
529 	 -1662.194343 	 1662.194343 	 2769382.442145 	 7740053244312.902344 
530 	 -1665.275851 	 1665.275851 	 2779979.522438 	 7803150863474.218750 
531 	 -1664.225800 	 1664.225800 	 2776634.695420 	 7786103010844.333008 
532 	 -1671.568760 	 1671.568760 	 2801365.769318 	 7927117172022.436523 
533 	 -1660.347689 	 1660.347689 	 2763912.151775 	 7717229261513.865234 
534 	 -1655.603883 	 1655.603883 	 2747998.575444 	 7625802464134.681641 
535 	 -1668.046863 	 1668.046863 	 2788937.049865 	 7850604788386.995117 
536 	 -1659.584961 	 1659.584961 	 2760414.866945 	 7687172457542.292969 
537 	 -1663.352723 	 1663.352723 	 2773345.198741 	 7763826975238.691406 
538 	 -1669.086155 	 1669.086155 	 2792515.571227 	 7871682385146.285156 
539 	 -1666.642122 	 1666.642122 	 2784578.691531 	 7829121207630.172852 
540 	 -1656.257709 	 1656.257709 	 2749895.628737 	 7634981741254.809570 
541 	 -1659.385301 	 1659.385301 	 2760295.712059 	 7692473387832.132812 
542 	 -1660.224012 	 1660.224012 	 2763463.171010 	 7714063400754.100586 
543 	 -1671.145308 	 1671.145308 	 2799041.929339 	 7904446770066.900391 
544 	 -1656.788215 	 1656.788215 	 2752718.083726 	 7660685224093.910156 
545 	 -1660.928317 	 1660.928317 	 2764932.403206 	 7713113305966.004883 
546 	 -1667.819726 	 1667.819726 	 2787707.128778 	 7838472125947.789062 
547 	 -1666.084793 	 1666.084793 	 2782606.109380 	 7817339334383.921875 
548 	 -1657.241603 	 1657.241603 	 2754016.874919 	 7666309133810.992188 
549 	 -1658.733736 	 1658.733736 	 2758294.204573 	 7682989750679.992188 
550 	 -1662.232742 	 1662.232742 	 2769444.580601 	 7740238095006.500977 
551 	 -1653.475208 	 1653.475208 	 2740696.189003 	 7584233489293.596680 
552 	 -1673.016883 	 1673.016883 	 2805153.847265 	 7937246534997.836914 
553 	 -1653.188450 	 1653.188450 	 2741181.111266 	 7601296073350.368164 
554 	 -1660.607864 	 1660.607864 	 2764604.093931 	 7719149065325.822266 
555 	 -1665.480008 	 1665.480008 	 2780621.104390 	 7806005528462.291016 
556 	 -1665.040083 	 1665.040083 	 2779456.841312 	 7803487526328.180664 
557 	 -1654.086172 	 1654.086172 	 2743211.339363 	 7602432607973.195312 
558 	 -1654.941974 	 1654.941974 	 2746993.217490 	 7633062835933.198242 
559 	 -1659.507586 	 1659.507586 	 2761635.755803 	 7709541976429.791992 
560 	 -1663.162080 	 1663.162080 	 2772817.823337 	 7761868939663.989258 
561 	 -1657.009851 	 1657.009851 	 2751806.303095 	 7639056025905.591797 
562 	 -1667.815800 	 1667.815800 	 2788664.337852 	 7853658620254.834961 
563 	 -1670.866142 	 1670.866142 	 2798861.863036 	 7912286339355.528320 
564 	 -1663.090810 	 1663.090810 	 2772400.477440 	 7757403700155.731445 
565 	 -1668.695898 	 1668.695898 	 2790687.093725 	 7855720524588.804688 
566 	 -1658.336055 	 1658.336055 	 2756302.014355 	 7664665508909.804688 
567 	 -1666.756877 	 1666.756877 	 2784911.058103 	 7830131719057.593750 
568 	 -1659.008947 	 1659.008947 	 2759799.013283 	 7697692542873.839844 
569 	 -1664.699598 	 1664.699598 	 2778422.317546 	 7797815211210.538086 
570 	 -1668.186938 	 1668.186938 	 2788919.814957 	 7845089793200.302734 
571 	 -1665.904003 	 1665.904003 	 2781776.649421 	 7809835105683.708984 
572 	 -1665.611050 	 1665.611050 	 2781208.874515 	 7810340596226.723633 
573 	 -1663.013448 	 1663.013448 	 2772622.907469 	 7763583119917.679688 
574 	 -1667.812778 	 1667.812778 	 2788027.205287 	 7843764325273.559570 
575 	 -1658.974397 	 1658.974397 	 2758526.716318 	 7678692692124.747070 
576 	 -1665.979807 	 1665.979807 	 2781786.525214 	 7807134978339.724609 
577 	 -1659.407816 	 1659.407816 	 2760696.368932 	 7698382466724.285156 
578 	 -1662.193763 	 1662.193763 	 2769480.767428 	 7741908638708.057617 
579 	 -1657.771936 	 1657.771936 	 2755483.002752 	 7670645906238.083008 
580 	 -1658.480165 	 1658.480165 	 2757628.200665 	 7680278538183.594727 
581 	 -1661.703052 	 1661.703052 	 2768828.366599 	 7748790281658.984375 
582 	 -1662.015518 	 1662.015518 	 2769861.343144 	 7754457278376.766602 
583 	 -1665.251344 	 1665.251344 	 2780204.325340 	 7807322779843.446289 
584 	 -1663.846498 	 1663.846498 	 2774388.429824 	 7763504326165.910156 
585 	 -1661.402476 	 1661.402476 	 2767537.465845 	 7738669275775.123047 
586 	 -1668.677412 	 1668.677412 	 2790792.068452 	 7858381834539.382812 
587 	 -1668.160888 	 1668.160888 	 2789502.731143 	 7855208296242.064453 
588 	 -1663.370766 	 1663.370766 	 2773807.684134 	 7770448000799.027344 
589 	 -1665.791279 	 1665.791279 	 2780823.336482 	 7798465231986.209961 
590 	 -1656.000901 	 1656.000901 	 2749545.953357 	 7637978364064.879883 
591 	 -1662.339955 	 1662.339955 	 2769459.743244 	 7736654159892.766602 
592 	 -1658.898909 	 1658.898909 	 2759053.593232 	 7689376248928.529297 
593 	 -1665.448753 	 1665.448753 	 2779651.447664 	 7791959090241.083008 
594 	 -1663.507493 	 1663.507493 	 2774177.065851 	 7771330046547.747070 
595 	 -1660.085210 	 1660.085210 	 2762332.095378 	 7700839177588.669922 
596 	 -1664.646119 	 1664.646119 	 2777255.688570 	 7780897819733.449219 
597 	 -1659.345996 	 1659.345996 	 2760462.095741 	 7695899360122.732422 
598 	 -1662.511703 	 1662.511703 	 2770516.788269 	 7748145216751.174805 
599 	 -1664.343838 	 1664.343838 	 2776292.391129 	 7776351363669.543945 
600 	 -1665.384145 	 1665.384145 	 2779814.253408 	 7796838956451.046875 

%ACCRATE = 0.886932

%%%%%%%%%%%%%%%%%%%%%%%%%%%%%%%%%%%%%%%%%%%%%%%%%%%%%%%%%%%%%%%%%%%%%%%%%%%
%KAPPA = 0.210000
%%%%%%%%%%%%%%%%%%%%%%%%%%%%%%%%%%%%%%%%%%%%%%%%%%%%%%%%%%%%%%%%%%%%%%%%%%%

601 	 -1945.022958 	 1945.022958 	 3786452.402864 	 14387516139757.994141 
602 	 -1944.905941 	 1944.905941 	 3785910.632525 	 14382103418420.224609 
603 	 -1945.876508 	 1945.876508 	 3789711.957565 	 14411305258656.552734 
604 	 -1945.564142 	 1945.564142 	 3788340.627272 	 14398570329807.394531 
605 	 -1943.525228 	 1943.525228 	 3780600.426299 	 14342771338319.074219 
606 	 -1947.156734 	 1947.156734 	 3794513.637536 	 14445085473773.021484 
607 	 -1946.237520 	 1946.237520 	 3790937.199579 	 14417913069330.070312 
608 	 -1942.734022 	 1942.734022 	 3777720.190415 	 14323821577001.589844 
609 	 -1946.141296 	 1946.141296 	 3790731.790337 	 14418889632902.927734 
610 	 -1940.923685 	 1940.923685 	 3770644.559613 	 14269598871420.130859 
611 	 -1945.806308 	 1945.806308 	 3789454.884503 	 14409554506725.214844 
612 	 -1946.756704 	 1946.756704 	 3793118.938976 	 14436759995953.994141 
613 	 -1946.425365 	 1946.425365 	 3791922.462550 	 14429227791499.484375 
614 	 -1947.191305 	 1947.191305 	 3794636.484561 	 14445801059645.314453 
615 	 -1944.566148 	 1944.566148 	 3784723.270043 	 14374842655393.003906 
616 	 -1946.331958 	 1946.331958 	 3791488.126084 	 14424771600436.957031 
617 	 -1949.814851 	 1949.814851 	 3805173.817580 	 14530549597129.193359 
618 	 -1944.606738 	 1944.606738 	 3784829.720405 	 14375099435085.716797 
619 	 -1945.240415 	 1945.240415 	 3787285.920236 	 14393445621619.664062 
620 	 -1948.084750 	 1948.084750 	 3798138.242928 	 14472693784745.730469 
621 	 -1948.825690 	 1948.825690 	 3801279.750920 	 14500366354677.507812 
622 	 -1941.913364 	 1941.913364 	 3774411.317279 	 14297001318184.345703 
623 	 -1947.294490 	 1947.294490 	 3795142.616431 	 14451156965195.677734 
624 	 -1945.189493 	 1945.189493 	 3787040.972337 	 14391025696522.837891 
625 	 -1944.330236 	 1944.330236 	 3783712.700022 	 14365934882981.296875 
626 	 -1951.009303 	 1951.009303 	 3809784.078906 	 14564878873136.585938 
627 	 -1946.674149 	 1946.674149 	 3792740.377064 	 14433218160849.673828 
628 	 -1945.573847 	 1945.573847 	 3788657.894467 	 14405151268545.132812 
629 	 -1943.029670 	 1943.029670 	 3778800.370499 	 14330965009691.845703 
630 	 -1948.088466 	 1948.088466 	 3798322.368856 	 14476665356986.421875 
631 	 -1946.155899 	 1946.155899 	 3790652.331602 	 14416169358670.451172 
632 	 -1943.902921 	 1943.902921 	 3782028.868256 	 14352979994755.968750 
633 	 -1946.976680 	 1946.976680 	 3794090.467265 	 14446027603318.951172 
634 	 -1946.088027 	 1946.088027 	 3790711.749005 	 14421417373428.701172 
635 	 -1947.347101 	 1947.347101 	 3795289.249552 	 14451406599709.773438 
636 	 -1952.467252 	 1952.467252 	 3815294.637727 	 14604554764726.972656 
637 	 -1945.375876 	 1945.375876 	 3787613.040352 	 14393039425882.013672 
638 	 -1947.203764 	 1947.203764 	 3794947.866655 	 14452178695521.894531 
639 	 -1943.202211 	 1943.202211 	 3779477.802165 	 14336063875831.710938 
640 	 -1944.428896 	 1944.428896 	 3784032.882226 	 14367440337776.183594 
641 	 -1946.664702 	 1946.664702 	 3792766.544509 	 14434082949036.611328 
642 	 -1945.306280 	 1945.306280 	 3787521.061245 	 14394924534643.332031 
643 	 -1946.134275 	 1946.134275 	 3790621.472871 	 14416781844680.601562 
644 	 -1948.115599 	 1948.115599 	 3798432.589797 	 14477637940453.853516 
645 	 -1944.603111 	 1944.603111 	 3785020.069908 	 14379532940016.039062 
646 	 -1947.348418 	 1947.348418 	 3795416.289346 	 14454238004511.853516 
647 	 -1945.386832 	 1945.386832 	 3787719.852876 	 14394884636097.496094 
648 	 -1945.913902 	 1945.913902 	 3789908.670009 	 14413471757908.332031 
649 	 -1943.782924 	 1943.782924 	 3781633.452922 	 14350977285119.988281 
650 	 -1939.783728 	 1939.783728 	 3766366.363477 	 14239572459585.642578 
651 	 -1945.916562 	 1945.916562 	 3790001.798270 	 14415507419129.443359 
652 	 -1951.765496 	 1951.765496 	 3812744.713490 	 14587887510863.244141 
653 	 -1945.442512 	 1945.442512 	 3788253.172913 	 14403636205556.648438 
654 	 -1945.295172 	 1945.295172 	 3787463.588211 	 14394381520699.392578 
655 	 -1948.496116 	 1948.496116 	 3799876.707554 	 14487939605383.507812 
656 	 -1944.563143 	 1944.563143 	 3784516.523266 	 14370441452320.861328 
657 	 -1944.279855 	 1944.279855 	 3783567.798455 	 14365693969100.761719 
658 	 -1948.834119 	 1948.834119 	 3801092.902787 	 14495661024335.228516 
659 	 -1947.744793 	 1947.744793 	 3796861.956603 	 14463788574375.251953 
660 	 -1945.949288 	 1945.949288 	 3790289.514969 	 14420023293168.472656 
661 	 -1944.356436 	 1944.356436 	 3783738.387737 	 14365067997881.310547 
662 	 -1948.145050 	 1948.145050 	 3798618.062908 	 14480016102638.480469 
663 	 -1947.229265 	 1947.229265 	 3794942.386335 	 14450455964986.623047 
664 	 -1944.997233 	 1944.997233 	 3786415.116504 	 14388198037835.875000 
665 	 -1944.580374 	 1944.580374 	 3784743.396627 	 14374587810943.679688 
666 	 -1941.290241 	 1941.290241 	 3772089.013242 	 14280556153797.302734 
667 	 -1947.250610 	 1947.250610 	 3794957.322877 	 14449685545923.388672 
668 	 -1948.195487 	 1948.195487 	 3798551.193396 	 14475756834307.609375 
669 	 -1945.165171 	 1945.165171 	 3787010.825307 	 14391883282911.480469 
670 	 -1946.994154 	 1946.994154 	 3794069.058212 	 14444471531647.693359 
671 	 -1948.310720 	 1948.310720 	 3799229.591642 	 14484290006046.269531 
672 	 -1945.856682 	 1945.856682 	 3789579.850987 	 14409410604186.234375 
673 	 -1944.511633 	 1944.511633 	 3784261.886433 	 14367868209067.595703 
674 	 -1942.878540 	 1942.878540 	 3778045.974121 	 14322711107203.923828 
675 	 -1948.269802 	 1948.269802 	 3798796.795958 	 14476805015489.183594 
676 	 -1946.409039 	 1946.409039 	 3791897.197882 	 14429497729301.974609 
677 	 -1946.526232 	 1946.526232 	 3792217.967785 	 14429955283442.580078 
678 	 -1939.385989 	 1939.385989 	 3764697.620994 	 14224702830243.740234 
679 	 -1944.829822 	 1944.829822 	 3785546.471608 	 14378155186321.953125 
680 	 -1946.328110 	 1946.328110 	 3791375.246610 	 14422452388240.255859 
681 	 -1948.439025 	 1948.439025 	 3799708.361948 	 14487619441213.392578 
682 	 -1952.227287 	 1952.227287 	 3814392.250305 	 14598071615804.240234 
683 	 -1943.648700 	 1943.648700 	 3780919.595122 	 14342785494823.552734 
684 	 -1948.567062 	 1948.567062 	 3800172.876348 	 14490557637691.955078 
685 	 -1946.307804 	 1946.307804 	 3791557.571190 	 14427765481422.636719 
686 	 -1943.255486 	 1943.255486 	 3779590.426279 	 14335577956614.273438 
687 	 -1948.645166 	 1948.645166 	 3800383.335488 	 14490797468593.580078 
688 	 -1943.242239 	 1943.242239 	 3779402.925678 	 14332194125631.542969 
689 	 -1945.333996 	 1945.333996 	 3787725.675767 	 14398011310055.173828 
690 	 -1943.780498 	 1943.780498 	 3781753.885872 	 14354018364460.730469 
691 	 -1945.279714 	 1945.279714 	 3787337.374711 	 14392475563579.841797 
692 	 -1946.045082 	 1946.045082 	 3790204.629429 	 14412670882502.261719 
693 	 -1945.438623 	 1945.438623 	 3787964.384255 	 14397294252440.417969 
694 	 -1949.095474 	 1949.095474 	 3802048.856221 	 14502178427306.287109 
695 	 -1944.432525 	 1944.432525 	 3784221.710221 	 14371447679560.277344 
696 	 -1941.954355 	 1941.954355 	 3774453.818383 	 14295433818320.333984 
697 	 -1947.375323 	 1947.375323 	 3795462.876056 	 14453741984304.937500 
698 	 -1945.798295 	 1945.798295 	 3789257.956424 	 14405666513603.400391 
699 	 -1946.492488 	 1946.492488 	 3792438.717830 	 14436811019128.291016 
700 	 -1946.025687 	 1946.025687 	 3790227.219231 	 14414153532181.333984 

%ACCRATE = 0.879185

%%%%%%%%%%%%%%%%%%%%%%%%%%%%%%%%%%%%%%%%%%%%%%%%%%%%%%%%%%%%%%%%%%%%%%%%%%%
%KAPPA = 0.220000
%%%%%%%%%%%%%%%%%%%%%%%%%%%%%%%%%%%%%%%%%%%%%%%%%%%%%%%%%%%%%%%%%%%%%%%%%%%

701 	 -2139.293183 	 2139.293183 	 4578637.012890 	 21001506676219.222656 
702 	 -2139.950999 	 2139.950999 	 4581433.901566 	 21026839566802.789062 
703 	 -2137.106870 	 2137.106870 	 4569288.583569 	 20915988093626.875000 
704 	 -2137.689712 	 2137.689712 	 4571751.633629 	 20937967740663.062500 
705 	 -2139.166458 	 2139.166458 	 4578160.956328 	 20998358355933.453125 
706 	 -2137.658619 	 2137.658619 	 4571758.776644 	 20940581475932.082031 
707 	 -2136.319261 	 2136.319261 	 4566023.003994 	 20887930941134.476562 
708 	 -2137.907920 	 2137.907920 	 4572721.038977 	 20947543017226.726562 
709 	 -2138.188365 	 2138.188365 	 4573946.031838 	 20959184149739.566406 
710 	 -2140.871671 	 2140.871671 	 4585386.229796 	 21063393032716.906250 
711 	 -2138.622645 	 2138.622645 	 4575690.207756 	 20973131265700.343750 
712 	 -2137.172880 	 2137.172880 	 4569536.745948 	 20917633517776.859375 
713 	 -2137.767429 	 2137.767429 	 4572185.099191 	 20943749344406.316406 
714 	 -2139.312384 	 2139.312384 	 4578798.779921 	 21004428371551.640625 
715 	 -2139.919999 	 2139.919999 	 4581367.801067 	 21027454165364.378906 
716 	 -2136.617700 	 2136.617700 	 4567176.301209 	 20896325764918.089844 
717 	 -2137.285659 	 2137.285659 	 4570071.481998 	 20923438578236.078125 
718 	 -2137.449542 	 2137.449542 	 4570759.540710 	 20929461080889.128906 
719 	 -2137.682314 	 2137.682314 	 4571764.278857 	 20938947046149.652344 
720 	 -2137.237587 	 2137.237587 	 4569887.916195 	 20922201872945.617188 
721 	 -2137.411247 	 2137.411247 	 4570598.466336 	 20928140031719.789062 
722 	 -2139.260609 	 2139.260609 	 4578532.719738 	 21001283285247.230469 
723 	 -2140.489116 	 2140.489116 	 4583785.048120 	 21049310454377.125000 
724 	 -2139.149214 	 2139.149214 	 4578029.713523 	 20996139391094.343750 
725 	 -2138.884699 	 2138.884699 	 4576989.445090 	 20988335594562.488281 
726 	 -2136.970509 	 2136.970509 	 4568824.277909 	 20913792600892.097656 
727 	 -2140.604672 	 2140.604672 	 4584245.765162 	 21052867916902.148438 
728 	 -2137.761028 	 2137.761028 	 4572143.594104 	 20943110613483.656250 
729 	 -2136.388114 	 2136.388114 	 4566254.009125 	 20888887972194.929688 
730 	 -2138.108631 	 2138.108631 	 4573502.893688 	 20953337042280.859375 
731 	 -2136.338609 	 2136.338609 	 4566057.949409 	 20887398514934.035156 
732 	 -2141.149785 	 2141.149785 	 4586679.359326 	 21077020672959.425781 
733 	 -2139.480393 	 2139.480393 	 4579381.345504 	 21007311630082.824219 
734 	 -2135.234008 	 2135.234008 	 4561299.881978 	 20843168706797.609375 
735 	 -2135.569852 	 2135.569852 	 4562761.975366 	 20857017297989.484375 
736 	 -2138.911919 	 2138.911919 	 4577104.894483 	 20989307855681.210938 
737 	 -2138.395486 	 2138.395486 	 4574881.946412 	 20968707628604.222656 
738 	 -2135.113522 	 2135.113522 	 4560822.114953 	 20839564660848.289062 
739 	 -2136.794093 	 2136.794093 	 4567988.549184 	 20904808464950.460938 
740 	 -2137.380869 	 2137.380869 	 4570475.794603 	 20927129370798.343750 
741 	 -2137.152249 	 2137.152249 	 4569467.549010 	 20917370590404.066406 
742 	 -2135.135638 	 2135.135638 	 4560853.487028 	 20838691186828.621094 
743 	 -2137.491295 	 2137.491295 	 4570927.222067 	 20930867238431.156250 
744 	 -2138.487809 	 2138.487809 	 4575205.751862 	 20970389556577.601562 
745 	 -2139.525688 	 2139.525688 	 4579425.672327 	 21005049118204.515625 
746 	 -2137.467752 	 2137.467752 	 4570820.958587 	 20929831740122.871094 
747 	 -2138.905873 	 2138.905873 	 4577056.363635 	 20988475377832.003906 
748 	 -2138.521409 	 2138.521409 	 4575236.561661 	 20968558057652.128906 
749 	 -2137.078529 	 2137.078529 	 4569168.498874 	 20914909124188.062500 
750 	 -2137.294849 	 2137.294849 	 4570141.718071 	 20924627834744.617188 
751 	 -2138.233026 	 2138.233026 	 4574028.837272 	 20957962809465.984375 
752 	 -2137.853464 	 2137.853464 	 4572412.246094 	 20943277467902.894531 
753 	 -2137.130757 	 2137.130757 	 4569333.283753 	 20915381956660.875000 
754 	 -2138.142616 	 2138.142616 	 4573801.678646 	 20958749496380.535156 
755 	 -2138.233909 	 2138.233909 	 4574067.544304 	 20959024737044.078125 
756 	 -2138.703239 	 2138.703239 	 4576057.338889 	 20976885161573.097656 
757 	 -2137.412018 	 2137.412018 	 4570563.299126 	 20927084913331.269531 
758 	 -2138.825192 	 2138.825192 	 4576691.473101 	 20984778317899.781250 
759 	 -2138.138093 	 2138.138093 	 4573774.647978 	 20958406147595.656250 
760 	 -2138.816152 	 2138.816152 	 4576658.669432 	 20984531968938.910156 
761 	 -2139.812195 	 2139.812195 	 4580853.558879 	 21021740368450.597656 
762 	 -2138.586199 	 2138.586199 	 4575608.391104 	 20973802895982.457031 
763 	 -2138.347209 	 2138.347209 	 4574576.109706 	 20964086894208.304688 
764 	 -2140.692597 	 2140.692597 	 4584527.599030 	 21053723395319.210938 
765 	 -2138.953173 	 2138.953173 	 4577063.571442 	 20985008572625.179688 
766 	 -2135.621148 	 2135.621148 	 4562936.492981 	 20857846347816.273438 
767 	 -2136.852273 	 2136.852273 	 4568228.348421 	 20906770638478.871094 
768 	 -2139.635965 	 2139.635965 	 4579978.459333 	 21011594800197.210938 
769 	 -2136.901663 	 2136.901663 	 4568478.607316 	 20909760108239.242188 
770 	 -2140.270052 	 2140.270052 	 4582826.582320 	 21040144151324.203125 
771 	 -2139.190191 	 2139.190191 	 4578105.313616 	 20995030532783.203125 
772 	 -2137.769900 	 2137.769900 	 4572108.672920 	 20941494434195.320312 
773 	 -2138.531262 	 2138.531262 	 4575263.125199 	 20968606247500.835938 
774 	 -2137.071636 	 2137.071636 	 4569146.050957 	 20914710954100.847656 
775 	 -2136.491664 	 2136.491664 	 4566676.870181 	 20892384105821.292969 
776 	 -2136.772687 	 2136.772687 	 4567844.558929 	 20902503513193.078125 
777 	 -2139.202338 	 2139.202338 	 4578225.758843 	 20997367432096.699219 
778 	 -2137.671177 	 2137.671177 	 4571682.613904 	 20937524402250.394531 
779 	 -2135.950221 	 2135.950221 	 4564408.877624 	 20872473999965.359375 
780 	 -2136.303676 	 2136.303676 	 4565849.465108 	 20884391194766.792969 
781 	 -2140.386367 	 2140.386367 	 4583333.566977 	 21044993341448.812500 
782 	 -2138.339783 	 2138.339783 	 4574588.360029 	 20964947385183.109375 
783 	 -2137.251299 	 2137.251299 	 4569880.602762 	 20920928577306.789062 
784 	 -2136.954715 	 2136.954715 	 4568625.512145 	 20909698923111.707031 
785 	 -2140.182630 	 2140.182630 	 4582308.718305 	 21032765212876.605469 
786 	 -2136.711073 	 2136.711073 	 4567506.572179 	 20898007159827.964844 
787 	 -2138.377504 	 2138.377504 	 4574746.089721 	 20966309469310.062500 
788 	 -2136.875087 	 2136.875087 	 4568280.547608 	 20906431016372.226562 
789 	 -2136.942346 	 2136.942346 	 4568619.758447 	 20910582873640.296875 
790 	 -2136.306218 	 2136.306218 	 4565965.137508 	 20887427810503.417969 
791 	 -2138.763006 	 2138.763006 	 4576343.889028 	 20980037465681.449219 
792 	 -2138.763155 	 2138.763155 	 4576254.735062 	 20977608376109.582031 
793 	 -2136.538071 	 2136.538071 	 4566831.521277 	 20893015496721.207031 
794 	 -2138.439026 	 2138.439026 	 4574980.713189 	 20968008888526.187500 
795 	 -2137.240029 	 2137.240029 	 4569906.074461 	 20922466888960.035156 
796 	 -2139.326239 	 2139.326239 	 4578945.746969 	 21007380154885.214844 
797 	 -2138.913786 	 2138.913786 	 4577005.005357 	 20986439907005.160156 
798 	 -2139.860421 	 2139.860421 	 4581037.087788 	 21023031569364.113281 
799 	 -2138.547681 	 2138.547681 	 4575410.866604 	 20971357477201.375000 
800 	 -2136.206748 	 2136.206748 	 4565475.229054 	 20881719634333.875000 

%ACCRATE = 0.872375

%%%%%%%%%%%%%%%%%%%%%%%%%%%%%%%%%%%%%%%%%%%%%%%%%%%%%%%%%%%%%%%%%%%%%%%%%%%
%KAPPA = 0.230000
%%%%%%%%%%%%%%%%%%%%%%%%%%%%%%%%%%%%%%%%%%%%%%%%%%%%%%%%%%%%%%%%%%%%%%%%%%%

801 	 -2283.041091 	 2283.041091 	 5213858.703110 	 27217233246032.363281 
802 	 -2283.907226 	 2283.907226 	 5217757.439433 	 27256736733684.238281 
803 	 -2283.331995 	 2283.331995 	 5215066.740128 	 27227335821601.796875 
804 	 -2284.618684 	 2284.618684 	 5220952.864675 	 27288953456790.441406 
805 	 -2284.606529 	 2284.606529 	 5220888.320463 	 27288134113035.984375 
806 	 -2284.864250 	 2284.864250 	 5222091.484687 	 27301223054903.796875 
807 	 -2284.712391 	 2284.712391 	 5221327.920514 	 27291771906590.519531 
808 	 -2283.952318 	 2283.952318 	 5217855.316352 	 27255538456383.371094 
809 	 -2284.980137 	 2284.980137 	 5222597.630221 	 27306024881761.847656 
810 	 -2284.372590 	 2284.372590 	 5219865.542005 	 27278386666617.843750 
811 	 -2285.546021 	 2285.546021 	 5225182.183133 	 27333015946171.382812 
812 	 -2282.595771 	 2282.595771 	 5211695.364445 	 27192005558701.320312 
813 	 -2286.158606 	 2286.158606 	 5227996.963638 	 27362760130816.363281 
814 	 -2283.131511 	 2283.131511 	 5214149.444245 	 27217743465055.304688 
815 	 -2285.399269 	 2285.399269 	 5224475.405573 	 27324837868350.417969 
816 	 -2284.123412 	 2284.123412 	 5218635.621705 	 27263679805605.140625 
817 	 -2284.313559 	 2284.313559 	 5219569.081710 	 27274732361351.425781 
818 	 -2285.489120 	 2285.489120 	 5224917.350619 	 27330174000636.058594 
819 	 -2283.482816 	 2283.482816 	 5215749.086917 	 27234317892587.832031 
820 	 -2284.700680 	 2284.700680 	 5221321.918163 	 27292704564939.000000 
821 	 -2282.483380 	 2282.483380 	 5211172.381359 	 27186314336900.824219 
822 	 -2282.046047 	 2282.046047 	 5209241.489949 	 27167527314204.019531 
823 	 -2284.214798 	 2284.214798 	 5219127.784231 	 27270367789714.988281 
824 	 -2283.624506 	 2283.624506 	 5216447.890175 	 27242654813803.289062 
825 	 -2282.217860 	 2282.217860 	 5210031.482218 	 27175865735988.457031 
826 	 -2284.474185 	 2284.474185 	 5220246.711313 	 27280637450825.089844 
827 	 -2284.288747 	 2284.288747 	 5219442.402726 	 27273173141055.906250 
828 	 -2284.409615 	 2284.409615 	 5220032.710808 	 27280082561176.269531 
829 	 -2283.954236 	 2283.954236 	 5217999.206210 	 27259818883388.433594 
830 	 -2283.446396 	 2283.446396 	 5215646.577506 	 27234568854506.046875 
831 	 -2285.628927 	 2285.628927 	 5225583.728950 	 27337676613020.144531 
832 	 -2285.428629 	 2285.428629 	 5224654.796083 	 27327672209436.156250 
833 	 -2283.321669 	 2283.321669 	 5214974.604499 	 27225475100600.925781 
834 	 -2284.857799 	 2284.857799 	 5222011.266338 	 27299346652518.328125 
835 	 -2286.084106 	 2286.084106 	 5227652.717305 	 27359090966181.417969 
836 	 -2283.833587 	 2283.833587 	 5217376.796692 	 27251860444200.992188 
837 	 -2284.393564 	 2284.393564 	 5219934.220418 	 27278563944309.015625 
838 	 -2283.080269 	 2283.080269 	 5213918.908025 	 27215402192608.027344 
839 	 -2283.469583 	 2283.469583 	 5215675.200409 	 27233243285554.972656 
840 	 -2283.835507 	 2283.835507 	 5217362.960621 	 27251240516414.710938 
841 	 -2284.929295 	 2284.929295 	 5222353.519271 	 27303256165703.054688 
842 	 -2284.684355 	 2284.684355 	 5221208.588700 	 27290735571714.078125 
843 	 -2283.821637 	 2283.821637 	 5217296.003197 	 27250482858490.781250 
844 	 -2282.964035 	 2282.964035 	 5213352.255856 	 27208738054199.824219 
845 	 -2285.212483 	 2285.212483 	 5223629.989691 	 27316194889628.488281 
846 	 -2284.457277 	 2284.457277 	 5220184.596119 	 27280290108298.789062 
847 	 -2285.763192 	 2285.763192 	 5226168.965661 	 27343214607612.175781 
848 	 -2283.705407 	 2283.705407 	 5216765.528901 	 27244950766431.566406 
849 	 -2284.122261 	 2284.122261 	 5218678.719322 	 27265116202105.261719 
850 	 -2283.960496 	 2283.960496 	 5218008.647920 	 27259569059956.023438 
851 	 -2282.950973 	 2282.950973 	 5213335.878117 	 27209484415217.054688 
852 	 -2284.121549 	 2284.121549 	 5218631.365441 	 27263689884071.007812 
853 	 -2283.555397 	 2283.555397 	 5216084.829083 	 27237935356067.429688 
854 	 -2282.450503 	 2282.450503 	 5211056.138764 	 27185770030521.054688 
855 	 -2284.540006 	 2284.540006 	 5220615.306850 	 27285946222899.171875 
856 	 -2284.160978 	 2284.160978 	 5218850.110623 	 27266769349609.156250 
857 	 -2284.330405 	 2284.330405 	 5219641.071588 	 27275405391943.437500 
858 	 -2284.034645 	 2284.034645 	 5218307.433438 	 27261824453031.000000 
859 	 -2285.721048 	 2285.721048 	 5225956.929986 	 27340543929090.542969 
860 	 -2283.452347 	 2283.452347 	 5215634.852485 	 27233657660975.398438 
861 	 -2285.079343 	 2285.079343 	 5222988.956284 	 27308831691609.121094 
862 	 -2284.433203 	 2284.433203 	 5220165.703391 	 27282022709693.531250 
863 	 -2283.514293 	 2283.514293 	 5215887.413881 	 27235657727858.824219 
864 	 -2283.639016 	 2283.639016 	 5216467.178364 	 27241915881963.054688 
865 	 -2283.997892 	 2283.997892 	 5218168.098273 	 27260964450475.375000 
866 	 -2284.784493 	 2284.784493 	 5221705.467848 	 27296755740327.125000 
867 	 -2283.812546 	 2283.812546 	 5217290.244284 	 27251167988655.199219 
868 	 -2284.326267 	 2284.326267 	 5219605.034551 	 27274663380265.335938 
869 	 -2281.493943 	 2281.493943 	 5206626.970838 	 27138317605611.343750 
870 	 -2284.322912 	 2284.322912 	 5219556.931141 	 27273468641701.703125 
871 	 -2282.630940 	 2282.630940 	 5211882.189227 	 27194438862474.945312 
872 	 -2284.795115 	 2284.795115 	 5221688.166764 	 27295182900625.031250 
873 	 -2283.800494 	 2283.800494 	 5217195.640420 	 27249342882811.164062 
874 	 -2285.386834 	 2285.386834 	 5224411.159780 	 27324038292602.292969 
875 	 -2284.042866 	 2284.042866 	 5218324.972266 	 27261587666118.414062 
876 	 -2284.341615 	 2284.341615 	 5219699.659159 	 27276155325273.343750 
877 	 -2282.751270 	 2282.751270 	 5212405.807699 	 27199391279081.464844 
878 	 -2283.209726 	 2283.209726 	 5214465.756509 	 27220193889277.417969 
879 	 -2284.847875 	 2284.847875 	 5221999.147897 	 27299888277593.804688 
880 	 -2283.740766 	 2283.740766 	 5216927.697346 	 27246649649132.351562 
881 	 -2284.077586 	 2284.077586 	 5218450.510481 	 27262228066900.132812 
882 	 -2285.124001 	 2285.124001 	 5223217.498470 	 27311773816477.375000 
883 	 -2284.819588 	 2284.819588 	 5221939.815799 	 27300734252102.128906 
884 	 -2283.535954 	 2283.535954 	 5216004.067037 	 27237227487405.304688 
885 	 -2284.734776 	 2284.734776 	 5221437.143016 	 27293097946750.964844 
886 	 -2282.597679 	 2282.597679 	 5211695.597585 	 27191758396636.093750 
887 	 -2284.308127 	 2284.308127 	 5219568.512779 	 27275240500089.683594 
888 	 -2285.360559 	 2285.360559 	 5224265.241139 	 27321987156195.953125 
889 	 -2283.957311 	 2283.957311 	 5217939.887685 	 27257638389591.292969 
890 	 -2283.109505 	 2283.109505 	 5214036.519779 	 27216311472411.757812 
891 	 -2283.406412 	 2283.406412 	 5215424.608057 	 27231431047327.597656 
892 	 -2285.513464 	 2285.513464 	 5225020.671353 	 27331073159847.933594 
893 	 -2283.847336 	 2283.847336 	 5217375.784043 	 27250528342309.742188 
894 	 -2284.119476 	 2284.119476 	 5218646.367740 	 27264357390449.656250 
895 	 -2285.174057 	 2285.174057 	 5223428.557728 	 27313600240605.562500 
896 	 -2284.439459 	 2284.439459 	 5220121.603340 	 27280047080964.707031 
897 	 -2284.198464 	 2284.198464 	 5219014.188443 	 27268345759339.261719 
898 	 -2283.593133 	 2283.593133 	 5216261.612971 	 27239815280827.867188 
899 	 -2284.859553 	 2284.859553 	 5221980.738271 	 27298219991195.312500 
900 	 -2284.109064 	 2284.109064 	 5218652.020027 	 27265543810466.378906 

%ACCRATE = 0.867677
