%%%%%%%%%%%%%%%%%%%%%%%%%%%%%%%%%%%%%%%%%%%%%%%%%%%%%%%%%%%%%%%%%%%%%%%%%%%
%SIMULAZIONE D = 3, L = 12, V = 1728
%NUMERO DI MISURE PER OGNI KAPPA: T = 100
%%%%%%%%%%%%%%%%%%%%%%%%%%%%%%%%%%%%%%%%%%%%%%%%%%%%%%%%%%%%%%%%%%%%%%%%%%%

%%%%%%%%%%%%%%%%%%%%%%%%%%%%%%%%%%%%%%%%%%%%%%%%%%%%%%%%%%%%%%%%%%%%%%%%%%%
%KAPPA = 0.150000
%%%%%%%%%%%%%%%%%%%%%%%%%%%%%%%%%%%%%%%%%%%%%%%%%%%%%%%%%%%%%%%%%%%%%%%%%%%

1 	 -1.944133 	 62.022141 	 5960.998404 	 98937626.276577 
2 	 -3.414151 	 62.790025 	 6108.367376 	 107061358.630534 
3 	 2.744592 	 63.780325 	 6346.333709 	 124884575.722263 
4 	 0.925039 	 66.690244 	 6924.007547 	 138184720.466932 
5 	 3.138727 	 62.924279 	 6279.677058 	 117468841.175364 
6 	 -6.401803 	 67.211517 	 7147.421724 	 153137222.483484 
7 	 -5.265214 	 65.064120 	 6590.413489 	 128610187.146606 
8 	 1.957352 	 65.723163 	 6669.724685 	 126057828.310043 
9 	 -3.084353 	 63.694571 	 6374.462246 	 117436504.057375 
10 	 1.186400 	 62.897965 	 6091.322629 	 104647633.515707 
11 	 -0.671740 	 63.992897 	 6494.585983 	 128256742.733039 
12 	 -12.507493 	 69.039463 	 7337.276306 	 147894909.589290 
13 	 -1.926420 	 67.369426 	 7147.386026 	 152054670.515332 
14 	 -6.155272 	 64.581532 	 6557.123840 	 129952897.053609 
15 	 -5.898693 	 66.182137 	 6835.798269 	 143567024.452759 
16 	 2.453297 	 62.256357 	 6052.964384 	 111602148.806812 
17 	 2.281938 	 67.112480 	 6988.264542 	 138113703.062721 
18 	 -5.303814 	 63.351588 	 6310.350415 	 116398523.064693 
19 	 5.461775 	 66.279248 	 6782.424274 	 131632846.719886 
20 	 -5.287322 	 62.257658 	 6141.713737 	 114644954.982211 
21 	 -0.677183 	 64.458949 	 6676.867071 	 138763084.692333 
22 	 -3.929164 	 63.892769 	 6343.864680 	 116502971.229831 
23 	 1.462548 	 61.590608 	 6013.258110 	 108597948.888210 
24 	 2.005592 	 65.309419 	 6568.151750 	 119993931.358794 
25 	 -3.208880 	 66.555000 	 7041.878599 	 151460215.705966 
26 	 4.149416 	 64.195524 	 6452.703952 	 127128422.889115 
27 	 -3.472121 	 65.675023 	 6885.672198 	 151505378.287249 
28 	 6.621375 	 63.395455 	 6255.295195 	 110890400.379782 
29 	 4.967022 	 62.858925 	 6258.686550 	 124344783.720246 
30 	 1.160313 	 63.379886 	 6178.529348 	 112225306.327866 
31 	 10.204445 	 65.099990 	 6619.406206 	 128076451.292972 
32 	 -3.584461 	 64.926084 	 6725.166717 	 141721345.425315 
33 	 0.995008 	 63.682321 	 6442.655312 	 126077877.855552 
34 	 0.462127 	 66.691608 	 6994.018716 	 147508385.160627 
35 	 -5.829356 	 67.357401 	 6994.349277 	 136877434.600270 
36 	 3.312814 	 62.950650 	 6140.057224 	 112705717.314312 
37 	 -1.312589 	 65.480414 	 6561.418743 	 120992830.857798 
38 	 -1.060756 	 65.996814 	 6836.764836 	 136179645.343245 
39 	 4.967952 	 63.928715 	 6391.279398 	 120990446.714562 
40 	 5.469728 	 62.982391 	 6186.296057 	 116097160.082911 
41 	 -1.472977 	 62.298524 	 6051.953085 	 106447726.177621 
42 	 5.406129 	 65.625289 	 6747.190242 	 132973971.066212 
43 	 3.142293 	 61.766796 	 5994.473323 	 108366161.571274 
44 	 -4.629516 	 63.724179 	 6356.842844 	 116001365.677864 
45 	 6.485423 	 61.826315 	 5939.453526 	 104363579.078874 
46 	 -0.178553 	 63.312291 	 6282.908689 	 117014169.694202 
47 	 1.793590 	 63.665695 	 6315.391170 	 115775318.940427 
48 	 -0.438920 	 63.825263 	 6359.501857 	 117790351.398181 
49 	 -3.181065 	 62.538622 	 6011.497228 	 100929466.350311 
50 	 -1.153020 	 67.684597 	 7089.374248 	 144450280.866641 
51 	 1.244581 	 64.212478 	 6437.779274 	 121071172.594974 
52 	 4.024140 	 64.211431 	 6435.416984 	 122708233.758755 
53 	 -2.776171 	 64.388890 	 6574.401568 	 130669854.723716 
54 	 2.203436 	 62.320066 	 6005.312045 	 103812507.840483 
55 	 -4.411546 	 64.245692 	 6460.481463 	 122201320.650184 
56 	 1.328448 	 63.411410 	 6352.867853 	 118920403.144426 
57 	 0.065406 	 65.327681 	 6563.518850 	 122143070.100981 
58 	 -0.904980 	 63.207930 	 6217.995213 	 111683449.088261 
59 	 3.342417 	 64.802439 	 6616.518547 	 138523555.994401 
60 	 3.949751 	 64.206318 	 6434.733909 	 125756605.223056 
61 	 -4.833567 	 64.452192 	 6580.634664 	 132176077.150722 
62 	 0.377050 	 61.351162 	 5927.545941 	 110459969.285844 
63 	 -3.861811 	 62.366058 	 6075.605018 	 105242973.631992 
64 	 -0.028561 	 65.750200 	 6743.979351 	 129954942.690011 
65 	 4.113944 	 65.835557 	 6793.450190 	 134567433.481907 
66 	 1.417652 	 63.244463 	 6314.166508 	 117435348.872508 
67 	 0.087230 	 64.493519 	 6586.166375 	 130720793.260865 
68 	 0.345183 	 62.431278 	 6115.340548 	 112863289.390738 
69 	 -4.391424 	 67.715289 	 6961.913018 	 137112646.356769 
70 	 8.785136 	 63.515483 	 6321.852568 	 119055117.542358 
71 	 4.650789 	 61.636287 	 5909.093310 	 101342438.978330 
72 	 0.381289 	 65.503889 	 6787.949951 	 141558003.256500 
73 	 -0.585518 	 63.847129 	 6295.578743 	 112066957.362365 
74 	 0.582716 	 61.280926 	 5916.858500 	 103924560.479677 
75 	 -10.237153 	 65.811132 	 6638.228032 	 121624599.692170 
76 	 0.695619 	 65.714646 	 6927.694895 	 156233504.144996 
77 	 -4.091221 	 69.507270 	 7570.906858 	 168619339.353482 
78 	 -1.760419 	 64.353096 	 6477.617717 	 122757646.157553 
79 	 6.546252 	 66.362050 	 7091.969704 	 166214075.941879 
80 	 0.298314 	 65.179544 	 6611.453016 	 125385822.243691 
81 	 1.122167 	 65.615967 	 6762.407316 	 140539434.240788 
82 	 -3.762373 	 62.572394 	 6125.480424 	 110138702.197361 
83 	 6.372624 	 66.451036 	 6882.770791 	 137834053.481483 
84 	 0.387971 	 64.857955 	 6660.077874 	 134483782.189511 
85 	 6.123918 	 66.605846 	 6936.712505 	 141930822.445284 
86 	 5.316614 	 66.760901 	 7008.691360 	 149508953.957100 
87 	 6.368512 	 67.898064 	 7166.259899 	 147881156.035258 
88 	 2.349208 	 64.977509 	 6445.949717 	 119057562.639134 
89 	 -5.419094 	 62.711635 	 6292.800765 	 123793447.817026 
90 	 3.358309 	 65.331099 	 6626.126527 	 126950684.663394 
91 	 -3.582900 	 66.781143 	 7083.026515 	 157330925.770889 
92 	 2.293157 	 62.766241 	 6244.274963 	 122764901.750978 
93 	 -3.394011 	 63.579322 	 6402.267422 	 124749210.091081 
94 	 -9.303802 	 62.915353 	 6174.318482 	 110640662.033427 
95 	 3.505615 	 63.755030 	 6419.831523 	 123496524.816403 
96 	 -3.331251 	 64.760682 	 6632.628328 	 134303600.498577 
97 	 3.401290 	 66.122672 	 6883.394838 	 142514631.908346 
98 	 5.687157 	 66.533727 	 6800.896151 	 128827314.592635 
99 	 4.692615 	 64.456252 	 6655.574929 	 141786378.419406 
100 	 -0.174439 	 64.370671 	 6550.721470 	 133029294.649998 

%ACCRATE = 0.910973

%%%%%%%%%%%%%%%%%%%%%%%%%%%%%%%%%%%%%%%%%%%%%%%%%%%%%%%%%%%%%%%%%%%%%%%%%%%
%KAPPA = 0.160000
%%%%%%%%%%%%%%%%%%%%%%%%%%%%%%%%%%%%%%%%%%%%%%%%%%%%%%%%%%%%%%%%%%%%%%%%%%%

101 	 10.878407 	 80.553877 	 10236.135638 	 314357685.717034 
102 	 3.281384 	 76.985445 	 9294.056363 	 259707679.418620 
103 	 1.129378 	 77.901443 	 9476.808246 	 262091967.803152 
104 	 6.847801 	 79.045028 	 9667.445828 	 290097869.187258 
105 	 11.447979 	 75.486937 	 8839.385555 	 227402794.661359 
106 	 4.680005 	 82.955489 	 10630.099094 	 307490795.197557 
107 	 -4.518644 	 75.515592 	 8868.886535 	 233056578.870231 
108 	 4.001205 	 81.427117 	 10219.890942 	 297990390.041343 
109 	 2.267567 	 79.578716 	 10010.894868 	 304476784.895785 
110 	 8.098524 	 82.511126 	 10477.738713 	 315073484.228741 
111 	 4.399921 	 77.516269 	 9582.024883 	 301107810.548753 
112 	 5.574309 	 74.470623 	 8607.004981 	 216464066.982778 
113 	 1.065093 	 76.102145 	 8905.994714 	 218325966.543038 
114 	 2.260149 	 80.200599 	 10284.374078 	 343056038.430819 
115 	 -7.674435 	 83.278090 	 10613.345277 	 314887667.325178 
116 	 3.884142 	 78.033053 	 9551.898975 	 266913974.166710 
117 	 -2.415824 	 82.794340 	 10745.665109 	 347210554.732964 
118 	 12.531027 	 76.007457 	 9077.758652 	 246450237.022356 
119 	 11.656847 	 80.368237 	 9859.805449 	 263651588.871632 
120 	 6.693650 	 77.390443 	 9370.028876 	 256160520.163293 
121 	 6.539229 	 74.761772 	 8794.694917 	 228708240.869830 
122 	 -5.089707 	 77.856347 	 9620.190298 	 278425915.643887 
123 	 -13.179059 	 76.004347 	 8981.140389 	 235726195.726522 
124 	 0.529125 	 80.601795 	 10266.723701 	 316418699.456541 
125 	 -3.210761 	 80.365344 	 10136.997544 	 304405248.796586 
126 	 -5.000213 	 75.955479 	 8994.920944 	 230333222.692313 
127 	 -10.731895 	 76.344173 	 9086.165150 	 244665427.375685 
128 	 -3.538582 	 75.934518 	 9084.560627 	 250412022.049064 
129 	 -11.611891 	 79.336498 	 9772.308588 	 267062788.342845 
130 	 -6.088008 	 76.857452 	 9205.261644 	 247717627.313807 
131 	 -7.101931 	 77.092376 	 9516.642668 	 294268130.205454 
132 	 0.890753 	 74.621656 	 9038.391743 	 272425266.522078 
133 	 -13.374092 	 82.823415 	 10379.846723 	 284405109.152474 
134 	 2.461946 	 79.982560 	 10212.192824 	 327465129.181394 
135 	 -10.189649 	 77.871044 	 9504.628458 	 269569852.157886 
136 	 -0.282282 	 79.786584 	 10133.836964 	 310909796.308344 
137 	 -4.984515 	 82.230843 	 10289.452184 	 297174402.778317 
138 	 -4.378806 	 76.392327 	 9178.212384 	 247985608.326779 
139 	 6.029109 	 74.606766 	 8747.967617 	 227610602.359248 
140 	 5.677676 	 81.655990 	 10451.756767 	 328452743.820033 
141 	 -3.761286 	 75.522395 	 8905.445125 	 234215684.843178 
142 	 -5.509850 	 78.309019 	 9404.451225 	 247318222.944164 
143 	 5.036548 	 78.760778 	 9691.712312 	 279204079.970254 
144 	 -3.741812 	 86.457488 	 11468.434924 	 356770204.124036 
145 	 0.657263 	 77.789273 	 9510.548270 	 259955439.731009 
146 	 -6.608678 	 79.518080 	 9719.319562 	 260949404.661439 
147 	 -10.343560 	 78.156639 	 9602.956241 	 269810594.083802 
148 	 -8.460163 	 79.754650 	 10149.202411 	 307888234.983743 
149 	 2.093721 	 79.644805 	 9655.487943 	 257214905.123653 
150 	 6.635344 	 76.512178 	 9143.270570 	 244744535.285339 
151 	 -6.900647 	 80.621894 	 10090.269735 	 295536707.654252 
152 	 -4.350956 	 77.329249 	 9515.093161 	 283230374.844712 
153 	 4.105302 	 77.057597 	 9210.094223 	 240913755.427168 
154 	 -2.012178 	 78.409298 	 9594.810293 	 268256687.660000 
155 	 -15.367074 	 79.476747 	 9741.186365 	 270024797.430158 
156 	 -13.789374 	 76.775498 	 9133.834605 	 242293661.011158 
157 	 -16.137930 	 81.251830 	 10191.423144 	 290757863.373307 
158 	 -6.159627 	 73.282371 	 8482.062393 	 231216433.739114 
159 	 -12.658067 	 79.399183 	 9571.367576 	 245013743.044483 
160 	 4.993087 	 85.067672 	 11161.460234 	 354708195.309891 
161 	 -1.553751 	 74.876110 	 8810.935641 	 224120434.810486 
162 	 3.392544 	 80.983446 	 10156.277451 	 308794401.943105 
163 	 9.721002 	 77.426259 	 9547.063912 	 282681662.975229 
164 	 8.558215 	 84.124762 	 10907.708904 	 334745755.314059 
165 	 -1.322064 	 80.925087 	 10062.945518 	 282697904.084447 
166 	 7.635954 	 79.425343 	 9879.160783 	 289283245.823819 
167 	 -6.068566 	 76.799254 	 9142.036721 	 238366848.956339 
168 	 -0.541792 	 74.899276 	 8683.674575 	 216617079.573334 
169 	 -10.599442 	 78.479621 	 9502.597583 	 256693547.813885 
170 	 0.890556 	 78.478804 	 9465.192561 	 248942136.217874 
171 	 3.230684 	 80.776421 	 10043.245490 	 287342090.670501 
172 	 13.770462 	 75.232009 	 9048.483292 	 255279783.432405 
173 	 -8.490897 	 80.149928 	 10004.802642 	 287361694.847783 
174 	 -3.301569 	 76.164780 	 8839.361401 	 212209610.818784 
175 	 1.599098 	 76.000867 	 9049.138882 	 242376439.109777 
176 	 -9.865591 	 74.991870 	 8866.581909 	 238061382.262064 
177 	 -6.912698 	 80.754431 	 10143.711438 	 298052280.324712 
178 	 1.298528 	 76.384298 	 9106.363608 	 249157882.053047 
179 	 2.912409 	 73.614985 	 8558.317902 	 235789675.757581 
180 	 1.703451 	 78.827690 	 9451.933730 	 239708128.486836 
181 	 -8.854497 	 81.910953 	 10426.737326 	 315819627.802759 
182 	 -15.221872 	 78.119195 	 9200.886324 	 229885510.767956 
183 	 5.569507 	 76.572839 	 9403.998410 	 275360950.070307 
184 	 -10.155742 	 79.292898 	 9913.704881 	 299408922.917683 
185 	 -3.159095 	 76.904350 	 9567.359853 	 303164618.910748 
186 	 0.679763 	 78.492248 	 9706.818762 	 290046198.236168 
187 	 -2.127435 	 79.931166 	 9702.981948 	 252351030.275718 
188 	 12.221878 	 80.545665 	 10239.033484 	 328969225.014529 
189 	 13.520313 	 82.001319 	 10529.912316 	 333610054.262578 
190 	 -2.494458 	 78.195167 	 9767.635341 	 313119590.257374 
191 	 -3.473341 	 76.836557 	 9460.598752 	 284321366.533272 
192 	 -4.265814 	 79.099900 	 9961.744209 	 305259885.275909 
193 	 -3.854698 	 75.149892 	 9051.691984 	 251475086.359405 
194 	 -9.729145 	 76.712927 	 9168.620321 	 252968649.577735 
195 	 -3.465098 	 79.641201 	 10222.462040 	 336281224.485764 
196 	 6.936951 	 82.140046 	 10362.070410 	 305903557.410276 
197 	 -13.956776 	 83.181666 	 10633.899289 	 316059570.919698 
198 	 8.606569 	 72.895125 	 8350.372075 	 208112342.794048 
199 	 13.101327 	 79.956039 	 10109.154641 	 312488154.164541 
200 	 -0.556412 	 80.714076 	 10135.757897 	 306987074.090271 

%ACCRATE = 0.909077

%%%%%%%%%%%%%%%%%%%%%%%%%%%%%%%%%%%%%%%%%%%%%%%%%%%%%%%%%%%%%%%%%%%%%%%%%%%
%KAPPA = 0.170000
%%%%%%%%%%%%%%%%%%%%%%%%%%%%%%%%%%%%%%%%%%%%%%%%%%%%%%%%%%%%%%%%%%%%%%%%%%%

201 	 5.041767 	 105.231645 	 17641.808558 	 922060103.436312 
202 	 -4.664559 	 109.135492 	 18455.219040 	 924084917.433410 
203 	 -19.735333 	 113.637614 	 20206.634290 	 1128944970.931889 
204 	 2.836615 	 102.745464 	 16950.741970 	 895645025.842245 
205 	 4.619198 	 101.109250 	 15842.966857 	 710314692.106428 
206 	 10.301164 	 109.007513 	 18073.942760 	 846286620.630811 
207 	 -3.444722 	 108.935385 	 18491.001928 	 979372209.355197 
208 	 -8.780171 	 108.508672 	 18006.996966 	 895431763.692516 
209 	 -26.269105 	 106.157581 	 17443.387758 	 846084368.495010 
210 	 -8.325486 	 93.641609 	 13807.630024 	 607968515.395909 
211 	 -10.027825 	 100.451066 	 15864.838001 	 735516690.660173 
212 	 6.049478 	 110.159609 	 18886.933986 	 974294900.725635 
213 	 1.904974 	 100.306348 	 15455.475896 	 683872788.411970 
214 	 -10.570702 	 105.624959 	 17555.335802 	 924268446.553773 
215 	 -16.502174 	 106.004796 	 17650.253897 	 989965518.884271 
216 	 14.913330 	 111.293243 	 19475.629320 	 1140270073.907770 
217 	 1.633382 	 105.666403 	 17140.576968 	 807032474.842479 
218 	 -6.286445 	 99.054204 	 15395.625352 	 693292987.839416 
219 	 17.171517 	 105.958742 	 17556.524522 	 886642405.104546 
220 	 -2.575218 	 103.091085 	 16686.619225 	 832006911.394845 
221 	 -2.263019 	 103.524885 	 16485.106358 	 778305667.905180 
222 	 -1.596742 	 102.738210 	 16846.983006 	 954791794.844268 
223 	 -23.056239 	 110.510012 	 18817.064849 	 968877345.529175 
224 	 -11.923401 	 105.833925 	 16977.094051 	 790655498.725803 
225 	 3.269950 	 105.037328 	 17004.794732 	 805363757.019195 
226 	 2.828368 	 105.702237 	 17125.896932 	 815523723.527371 
227 	 2.653097 	 112.417459 	 18814.245592 	 905900726.577882 
228 	 -15.259152 	 109.089426 	 18577.636816 	 1009935381.003554 
229 	 2.961369 	 106.080314 	 17205.816854 	 814696194.593329 
230 	 10.505635 	 107.304309 	 18116.848150 	 944599876.254030 
231 	 8.713286 	 97.326783 	 15049.031797 	 699320757.087225 
232 	 7.574695 	 98.760618 	 15301.698423 	 687160883.337945 
233 	 15.200835 	 104.725286 	 17748.974965 	 1001030863.989906 
234 	 2.930765 	 103.152263 	 16680.033010 	 803289092.920894 
235 	 3.532192 	 103.663528 	 16927.466572 	 846345799.627314 
236 	 -10.149319 	 110.076778 	 19195.186263 	 1082428505.447261 
237 	 12.886830 	 103.163599 	 17055.798112 	 878224936.340829 
238 	 -2.911829 	 117.746127 	 20216.097828 	 1007738718.887883 
239 	 -0.033957 	 104.171849 	 17138.460733 	 905199854.451066 
240 	 -25.327395 	 108.423342 	 17978.515084 	 903761368.012093 
241 	 1.796559 	 97.925809 	 15084.356858 	 658731421.003382 
242 	 -5.816637 	 106.130726 	 17810.416231 	 949816414.024784 
243 	 -13.642950 	 105.836098 	 17105.048598 	 817409122.969605 
244 	 5.160079 	 109.323532 	 18087.640710 	 888302022.104247 
245 	 -15.069326 	 99.304943 	 15687.872400 	 730560871.964497 
246 	 -4.968380 	 100.536044 	 15666.559927 	 713415034.359926 
247 	 -9.200707 	 100.839867 	 15558.480767 	 673379809.557411 
248 	 -13.133169 	 94.580625 	 13861.331049 	 558890807.202581 
249 	 -1.573782 	 102.341028 	 16231.701757 	 774867909.364938 
250 	 -8.073622 	 101.965460 	 16821.258738 	 858903678.120888 
251 	 -2.682546 	 102.293775 	 15828.852795 	 682665592.169050 
252 	 -6.329968 	 108.452776 	 18113.130245 	 941613902.134069 
253 	 9.697342 	 105.528888 	 17330.490698 	 833403197.875520 
254 	 -0.766510 	 121.890371 	 22371.548584 	 1284258666.295523 
255 	 -5.392291 	 113.532169 	 20360.758827 	 1187596458.021230 
256 	 1.134810 	 100.920200 	 15741.997193 	 738345408.486888 
257 	 -7.440909 	 102.004224 	 15738.652888 	 653578024.420791 
258 	 -0.993479 	 109.752000 	 18841.152860 	 1035266590.074878 
259 	 -6.043123 	 104.603066 	 17651.457100 	 960536153.623860 
260 	 -7.956362 	 107.691907 	 17935.858487 	 894228943.201738 
261 	 -5.365283 	 107.276338 	 17796.414393 	 861056972.431959 
262 	 -14.793028 	 105.139769 	 17412.863621 	 933881308.453133 
263 	 -5.646694 	 107.772800 	 17928.681772 	 919369029.039945 
264 	 21.378181 	 106.888242 	 18015.084253 	 952145981.294895 
265 	 -4.732352 	 94.428565 	 13972.886365 	 585993285.409466 
266 	 -3.736408 	 101.058085 	 15842.372660 	 707001631.405297 
267 	 3.960464 	 101.203174 	 16298.084760 	 865949190.441972 
268 	 0.508549 	 99.514584 	 15158.742163 	 632282308.151359 
269 	 -2.214005 	 114.501252 	 20446.940938 	 1260154934.960791 
270 	 -3.533388 	 106.809402 	 17758.003067 	 914937103.198739 
271 	 15.525385 	 107.142090 	 17468.561569 	 848418305.428583 
272 	 8.985708 	 107.890660 	 18233.174828 	 969349086.629858 
273 	 -0.772950 	 93.976369 	 13626.050079 	 525976349.007088 
274 	 -15.964158 	 106.100853 	 17881.750795 	 968698481.884267 
275 	 -8.147759 	 107.950807 	 17699.918559 	 852445183.972762 
276 	 2.568240 	 107.422799 	 18264.998254 	 982386794.611642 
277 	 4.130916 	 97.635990 	 14725.320119 	 629516894.837176 
278 	 -7.716687 	 111.607107 	 19505.683466 	 1131411466.914572 
279 	 -11.054314 	 109.766284 	 18360.135556 	 931085840.263097 
280 	 4.064647 	 105.254505 	 17085.293552 	 794137952.300059 
281 	 6.762125 	 99.077686 	 15641.649626 	 752510833.783511 
282 	 -4.658792 	 102.953229 	 16133.192330 	 703867371.132365 
283 	 -15.773726 	 106.545309 	 17322.170637 	 821586542.247962 
284 	 1.160116 	 103.859750 	 16315.460509 	 718261633.561463 
285 	 -19.988218 	 107.512915 	 17871.884025 	 916738223.520206 
286 	 -5.612802 	 115.645670 	 20298.154560 	 1117876781.246331 
287 	 -9.520412 	 110.771132 	 18993.794137 	 1003065788.054229 
288 	 -7.626369 	 108.426566 	 18458.486277 	 1079462925.942560 
289 	 -12.140976 	 101.129450 	 16041.016471 	 760167040.662580 
290 	 7.095763 	 96.989987 	 15153.160664 	 734063809.526495 
291 	 -6.568816 	 102.992246 	 16879.544783 	 895137302.653403 
292 	 -6.930193 	 104.888575 	 17685.664867 	 992688066.247832 
293 	 17.662392 	 100.822757 	 16131.352300 	 786530608.769788 
294 	 16.134863 	 103.157568 	 16693.962476 	 801202618.002552 
295 	 -6.866438 	 92.610238 	 13438.216091 	 565369694.900352 
296 	 -20.981596 	 103.039064 	 16831.596920 	 888479487.583028 
297 	 -2.098202 	 102.706288 	 16516.044697 	 809455189.552854 
298 	 -10.248342 	 102.335922 	 16524.895491 	 810651092.093211 
299 	 -10.180145 	 101.931485 	 16353.612083 	 786690353.494963 
300 	 -33.653688 	 114.666972 	 19823.086991 	 1004839996.016361 

%ACCRATE = 0.907911

%%%%%%%%%%%%%%%%%%%%%%%%%%%%%%%%%%%%%%%%%%%%%%%%%%%%%%%%%%%%%%%%%%%%%%%%%%%
%KAPPA = 0.180000
%%%%%%%%%%%%%%%%%%%%%%%%%%%%%%%%%%%%%%%%%%%%%%%%%%%%%%%%%%%%%%%%%%%%%%%%%%%

301 	 -2.540052 	 183.837327 	 48795.310871 	 5802975537.319964 
302 	 65.246555 	 197.320836 	 60564.620018 	 10335545424.982389 
303 	 17.794557 	 167.122496 	 39645.288122 	 3698467452.902132 
304 	 -46.646959 	 182.360102 	 49596.123437 	 6416651960.937243 
305 	 -34.927844 	 190.208403 	 54367.506446 	 7628896581.237042 
306 	 -37.967344 	 155.095638 	 35598.314876 	 3140812787.766326 
307 	 52.280654 	 171.977578 	 43662.367770 	 4832872267.906172 
308 	 -55.263968 	 191.227417 	 54670.899047 	 7186247744.303725 
309 	 20.346655 	 175.032759 	 44515.989795 	 4746749818.645885 
310 	 3.859857 	 173.554839 	 45432.311048 	 5417337021.419214 
311 	 45.426083 	 198.467639 	 60162.170548 	 9423707181.278782 
312 	 18.182059 	 179.301404 	 48046.681880 	 5644772444.297029 
313 	 31.582371 	 170.642820 	 46589.128077 	 6687820066.667283 
314 	 -16.303013 	 184.895217 	 49976.361400 	 6342863574.122071 
315 	 -40.121469 	 189.379692 	 51073.766122 	 5865981947.622094 
316 	 43.177123 	 202.757895 	 61160.538491 	 9220222022.566450 
317 	 -49.089626 	 185.450424 	 54110.852301 	 8222268523.283460 
318 	 10.087808 	 169.559187 	 41294.272593 	 3865566418.420344 
319 	 77.980383 	 193.352665 	 55698.888230 	 7714656974.679984 
320 	 -60.137419 	 187.814040 	 51017.369097 	 6213733981.169539 
321 	 -15.502302 	 184.820449 	 49650.126779 	 6006898640.455099 
322 	 -31.524851 	 170.020200 	 43526.469306 	 4901374717.520993 
323 	 22.390451 	 213.929043 	 66206.218540 	 10492890385.314613 
324 	 -79.000083 	 188.102445 	 53057.495109 	 7261720602.776045 
325 	 1.226879 	 184.548645 	 52244.395476 	 7138953875.129836 
326 	 -8.465792 	 172.163853 	 45304.321822 	 5621128960.542118 
327 	 -23.972247 	 197.440373 	 58824.681692 	 8957595858.195553 
328 	 -29.688847 	 193.856276 	 56727.895633 	 8768036334.310858 
329 	 -30.494971 	 198.841449 	 60967.780524 	 9898317268.921284 
330 	 33.156167 	 185.887558 	 50400.062858 	 6120869563.154823 
331 	 -60.301039 	 192.563860 	 54173.543177 	 6959823807.245223 
332 	 -21.645341 	 191.436285 	 56175.816886 	 8467416799.970493 
333 	 -44.355192 	 182.685351 	 47938.372917 	 5327060116.430334 
334 	 46.250081 	 180.553131 	 47753.533325 	 5504386529.326827 
335 	 79.321691 	 178.825884 	 46961.794517 	 5482842678.212603 
336 	 39.534137 	 167.878028 	 42986.474729 	 4804855070.202477 
337 	 7.959066 	 184.338794 	 49537.387530 	 6084243321.491045 
338 	 18.653464 	 169.521870 	 43832.134945 	 5638199447.266461 
339 	 40.240873 	 184.566732 	 51514.884915 	 6940222327.980583 
340 	 14.079460 	 201.537818 	 59499.765414 	 8557730062.964530 
341 	 30.966506 	 181.500962 	 50351.235386 	 6580411224.093160 
342 	 -6.371078 	 208.403928 	 61788.895900 	 8235651016.919577 
343 	 -41.459139 	 170.875213 	 44134.122584 	 4903895072.947419 
344 	 -14.034356 	 168.663236 	 44643.884119 	 5437964729.671417 
345 	 -0.440772 	 189.649400 	 54379.401327 	 7445130953.718975 
346 	 51.064866 	 173.619946 	 45494.712798 	 5134411644.431335 
347 	 66.001452 	 194.106967 	 56261.706494 	 7568100226.629621 
348 	 44.831358 	 188.544031 	 53117.998335 	 6782125863.598167 
349 	 -24.447647 	 166.829429 	 43217.008985 	 5174585174.007478 
350 	 -46.807334 	 177.526206 	 47862.296908 	 6064397506.530855 
351 	 -39.962565 	 171.136977 	 44266.062006 	 5264524329.749334 
352 	 -38.747879 	 178.627224 	 49302.339926 	 6889002696.076962 
353 	 -38.943292 	 174.760372 	 46619.979755 	 5828302537.535641 
354 	 1.112627 	 194.039368 	 56927.539864 	 8199480925.082178 
355 	 61.641203 	 203.334505 	 60229.179906 	 9066670188.414810 
356 	 -77.214199 	 199.411243 	 57000.115958 	 7401865370.715199 
357 	 3.547976 	 179.998216 	 47087.186053 	 5405927743.004237 
358 	 -6.627318 	 172.444346 	 44356.537265 	 5195512527.405041 
359 	 14.278732 	 180.659846 	 48442.438063 	 5567488024.211184 
360 	 4.126740 	 176.039682 	 45382.835750 	 5161257151.904526 
361 	 -32.504333 	 166.133231 	 40864.248411 	 4098513527.780725 
362 	 22.667231 	 187.828310 	 51553.333634 	 6253524933.133741 
363 	 19.774667 	 176.680527 	 46037.478157 	 5100897549.104716 
364 	 34.881681 	 171.324681 	 42718.465541 	 4365181388.168534 
365 	 46.393912 	 193.069057 	 56146.428988 	 7989703054.077667 
366 	 -13.610104 	 190.989251 	 54470.289940 	 7299550157.311180 
367 	 15.012669 	 180.947249 	 47686.996556 	 5472443288.744878 
368 	 4.470451 	 209.087258 	 62884.017499 	 9048015214.376966 
369 	 -23.431630 	 173.481372 	 46841.274035 	 6293969405.232572 
370 	 0.747765 	 183.303418 	 49603.506241 	 5983371135.923339 
371 	 15.983494 	 203.699146 	 60226.710230 	 8615113917.927639 
372 	 -21.255383 	 177.442043 	 52195.928388 	 8908060478.054859 
373 	 -38.817195 	 166.669940 	 43639.336511 	 5516887570.843153 
374 	 -1.189822 	 185.755689 	 53771.474615 	 8353973288.849891 
375 	 24.027990 	 169.427129 	 44411.485768 	 5608461955.682658 
376 	 32.281395 	 184.663648 	 50134.038449 	 6204057757.692289 
377 	 -26.986493 	 192.596433 	 53948.042081 	 6815490781.674810 
378 	 96.655695 	 189.331084 	 52711.739962 	 6755541253.286605 
379 	 35.481748 	 201.357573 	 57830.454304 	 7394279901.341672 
380 	 -11.944033 	 179.858543 	 48959.962267 	 6263792491.969538 
381 	 39.200322 	 176.117759 	 45986.801301 	 5467694345.996527 
382 	 59.115127 	 201.738297 	 65213.542938 	 12097685836.551163 
383 	 11.543548 	 176.722435 	 48312.516584 	 6590526429.119521 
384 	 -26.246391 	 178.207595 	 46776.528765 	 5330227396.989977 
385 	 -32.082914 	 208.328493 	 62290.240153 	 8976777355.235218 
386 	 -59.133314 	 205.292063 	 62209.980808 	 9480749091.283533 
387 	 35.314494 	 156.405893 	 37804.011109 	 3876950457.557962 
388 	 41.830294 	 194.936912 	 54347.948646 	 6675649003.015247 
389 	 -7.844930 	 188.476383 	 55710.811471 	 8390952372.502188 
390 	 0.704012 	 199.840091 	 58128.227643 	 7849556293.088550 
391 	 -0.474730 	 181.842491 	 48299.815494 	 5654137548.131456 
392 	 -3.464873 	 168.843922 	 45930.401327 	 6201072147.279818 
393 	 29.720957 	 170.378468 	 44210.791140 	 4965816930.580578 
394 	 -5.582134 	 164.753784 	 41938.144437 	 5003761163.770026 
395 	 44.272765 	 168.773746 	 42984.929606 	 4719809921.791732 
396 	 0.486095 	 176.466579 	 46383.526208 	 5640386054.882956 
397 	 -16.799615 	 184.270816 	 51317.800978 	 7011855787.908796 
398 	 67.720777 	 210.155219 	 63378.118775 	 9562373785.388050 
399 	 -18.142557 	 177.629436 	 46481.094168 	 5180919887.118910 
400 	 -46.145354 	 177.562716 	 48770.344599 	 6414295308.915634 

%ACCRATE = 0.906134

%%%%%%%%%%%%%%%%%%%%%%%%%%%%%%%%%%%%%%%%%%%%%%%%%%%%%%%%%%%%%%%%%%%%%%%%%%%
%KAPPA = 0.190000
%%%%%%%%%%%%%%%%%%%%%%%%%%%%%%%%%%%%%%%%%%%%%%%%%%%%%%%%%%%%%%%%%%%%%%%%%%%

401 	 688.739953 	 688.739953 	 502863.845357 	 297021971517.570129 
402 	 48.814489 	 649.526308 	 458325.876558 	 252622746182.911102 
403 	 -654.844843 	 654.844843 	 459212.070454 	 256226920758.807465 
404 	 -682.532750 	 682.971504 	 497024.480522 	 289104697466.009766 
405 	 -461.881240 	 671.830355 	 480947.010360 	 271152987825.488892 
406 	 -714.680173 	 714.680173 	 528004.544336 	 310820591338.582520 
407 	 -727.559334 	 727.559334 	 545940.126921 	 329566012559.603333 
408 	 -734.371410 	 734.371410 	 554924.431299 	 337943133463.206665 
409 	 -676.899679 	 676.911294 	 484932.136745 	 272976330287.696136 
410 	 -196.314518 	 682.857933 	 492950.808733 	 281201768728.692078 
411 	 -661.337307 	 685.387812 	 495751.099762 	 280110680780.911621 
412 	 126.694208 	 657.142764 	 457847.593362 	 246848023614.544495 
413 	 624.374469 	 637.804153 	 449401.400411 	 249144786444.738708 
414 	 707.389321 	 707.389321 	 522457.621727 	 309551002688.600220 
415 	 711.061114 	 711.061114 	 520977.917033 	 299998100667.033691 
416 	 48.324089 	 650.024388 	 459440.984797 	 252117056639.749237 
417 	 -670.192293 	 670.192293 	 474296.864656 	 262845776227.972198 
418 	 -711.173001 	 711.173001 	 520703.796284 	 299632376587.053833 
419 	 -656.798523 	 656.798523 	 455322.956196 	 242646005612.254913 
420 	 -686.846665 	 686.846665 	 494957.875629 	 282216551476.166199 
421 	 -662.300863 	 662.334433 	 465929.658940 	 255728323434.597260 
422 	 649.366356 	 668.922205 	 485634.774997 	 283385827445.818420 
423 	 -603.544871 	 685.728357 	 492515.626653 	 275453457129.722717 
424 	 -713.399569 	 713.399569 	 526034.271414 	 308085377322.570557 
425 	 -671.903525 	 671.903666 	 481564.295398 	 276617216770.177856 
426 	 -676.304610 	 687.419107 	 506865.148439 	 301940649655.166992 
427 	 -128.740742 	 672.916058 	 480658.021547 	 271053100362.227692 
428 	 -662.952373 	 663.156069 	 475441.581298 	 268974897959.207947 
429 	 -699.662561 	 699.662561 	 509717.503827 	 292298858957.157898 
430 	 -688.952024 	 689.229138 	 495207.134773 	 275284446354.486572 
431 	 198.519040 	 604.514560 	 409150.615292 	 214879633065.293610 
432 	 414.695291 	 676.461302 	 488568.436245 	 283219890557.268250 
433 	 -433.715746 	 709.497820 	 525261.864073 	 310821056932.717102 
434 	 675.825401 	 675.830104 	 481874.166989 	 270370058317.434509 
435 	 -47.752483 	 683.571480 	 493730.236395 	 285457786535.339783 
436 	 687.743068 	 694.204295 	 508575.550639 	 299887825020.435303 
437 	 706.002893 	 706.002893 	 518989.063163 	 304277057609.038940 
438 	 667.500863 	 667.501944 	 468684.944102 	 254948749373.653961 
439 	 -203.361796 	 667.516251 	 473400.800591 	 263733350725.899902 
440 	 720.042863 	 720.385891 	 539091.063112 	 321124552075.578003 
441 	 704.639965 	 704.643423 	 518740.468972 	 304545753472.598755 
442 	 671.970932 	 671.972354 	 480932.979039 	 274658865978.938446 
443 	 -255.649779 	 694.917750 	 507812.315242 	 293588362988.627441 
444 	 -663.200600 	 663.252956 	 464713.574383 	 250306134574.372314 
445 	 -578.735865 	 699.733343 	 512059.621371 	 296488096271.704041 
446 	 712.530856 	 712.530856 	 523288.512718 	 302960452283.593567 
447 	 709.213383 	 709.213383 	 522012.609968 	 307076907782.517395 
448 	 642.453868 	 658.498498 	 466546.809500 	 262720521525.866791 
449 	 -679.033928 	 679.033928 	 479903.847500 	 262198848037.143646 
450 	 -421.390371 	 642.357861 	 458463.513511 	 260287580380.107635 
451 	 -698.603619 	 698.603619 	 507946.206287 	 293167223421.647339 
452 	 70.700873 	 669.967357 	 482259.117015 	 279695957746.126770 
453 	 706.003572 	 706.003572 	 516236.261524 	 296388076177.154419 
454 	 12.986519 	 686.735022 	 496148.504135 	 282837728423.933167 
455 	 -708.590165 	 708.590165 	 519614.788927 	 301988183393.458984 
456 	 -342.442747 	 682.177050 	 486736.589159 	 269139501443.499542 
457 	 723.261965 	 723.261965 	 536068.717082 	 313182609857.642029 
458 	 -234.073430 	 655.456226 	 456993.104773 	 247337956893.916748 
459 	 -340.551833 	 660.657826 	 467963.798845 	 261449985025.623596 
460 	 -685.945475 	 686.032171 	 492645.420853 	 276177180536.007690 
461 	 -689.102262 	 689.708256 	 502103.579484 	 292341035326.195007 
462 	 -696.188732 	 696.188732 	 506454.294624 	 291700974200.909790 
463 	 -674.363413 	 675.639833 	 484556.224292 	 275102496996.528503 
464 	 -686.720330 	 686.774266 	 495749.701141 	 282700833289.987427 
465 	 179.694821 	 645.749969 	 452640.372473 	 251011598880.356750 
466 	 -718.043619 	 718.043619 	 532229.308313 	 313130565196.995850 
467 	 -707.006589 	 707.006589 	 518590.981244 	 301678914434.974121 
468 	 -701.372003 	 701.372003 	 510394.876429 	 293642019962.406616 
469 	 -681.428481 	 681.428481 	 487006.099861 	 272445044513.859558 
470 	 -634.458587 	 672.216306 	 483775.953686 	 275605995043.220398 
471 	 726.659743 	 726.659743 	 541763.042867 	 320739951466.832214 
472 	 622.697721 	 664.125974 	 470566.065996 	 262797045297.460388 
473 	 -708.148537 	 708.148537 	 520798.324355 	 305796266426.118774 
474 	 -712.750507 	 712.750507 	 525017.054323 	 305354854331.271729 
475 	 -697.569896 	 697.569896 	 499709.122066 	 274117953138.297638 
476 	 -270.706397 	 682.909916 	 498787.009685 	 291890575833.501953 
477 	 496.513390 	 591.009628 	 404199.137197 	 221264684796.742889 
478 	 664.829098 	 664.852929 	 467895.257553 	 257492082078.116608 
479 	 -108.095733 	 690.114499 	 498012.081579 	 283245888402.628967 
480 	 391.950735 	 681.917007 	 491379.428036 	 279465888922.926575 
481 	 682.444076 	 682.446397 	 486216.123273 	 267751531128.980164 
482 	 -354.289126 	 699.912882 	 515846.619476 	 304665089655.818970 
483 	 -717.968715 	 717.992340 	 535316.681757 	 319398222130.545715 
484 	 -714.617620 	 714.617620 	 531494.933329 	 316453536671.129761 
485 	 34.513146 	 626.088476 	 433240.196434 	 237197484449.940094 
486 	 -156.131136 	 659.003315 	 463626.901992 	 259841835069.665558 
487 	 556.259073 	 698.421637 	 513370.001712 	 300811659504.614380 
488 	 721.869026 	 721.869026 	 539614.605053 	 322796197518.950317 
489 	 341.891973 	 629.725400 	 439464.687616 	 244667131740.140045 
490 	 535.208946 	 698.120832 	 511586.831152 	 299165183170.341614 
491 	 53.657835 	 672.319604 	 486279.982091 	 283353843865.017578 
492 	 694.360634 	 694.360634 	 503953.503587 	 290386733769.959717 
493 	 689.311149 	 689.311149 	 495046.689189 	 277016589814.554565 
494 	 -23.373548 	 714.546524 	 529420.114954 	 312827989340.852600 
495 	 181.989130 	 669.726815 	 475812.798913 	 266067294353.327759 
496 	 696.098373 	 696.099215 	 506666.021294 	 292936273695.240112 
497 	 -579.738223 	 681.241757 	 487039.096691 	 272492366339.369263 
498 	 -652.324093 	 654.615826 	 458804.935225 	 249649904070.205963 
499 	 -714.491253 	 714.491253 	 529144.506911 	 312369350856.545044 
500 	 -700.109314 	 700.109314 	 507695.249981 	 290460420010.522278 

%ACCRATE = 0.898316

%%%%%%%%%%%%%%%%%%%%%%%%%%%%%%%%%%%%%%%%%%%%%%%%%%%%%%%%%%%%%%%%%%%%%%%%%%%
%KAPPA = 0.200000
%%%%%%%%%%%%%%%%%%%%%%%%%%%%%%%%%%%%%%%%%%%%%%%%%%%%%%%%%%%%%%%%%%%%%%%%%%%

501 	 -1045.760406 	 1045.760406 	 1097788.091502 	 1223096723027.135254 
502 	 -1045.618378 	 1045.618378 	 1097748.430525 	 1223899982037.221191 
503 	 -1049.956595 	 1049.956595 	 1106676.543868 	 1243002419529.424316 
504 	 -1052.964269 	 1052.964269 	 1112809.912231 	 1255995789022.333252 
505 	 -1050.812238 	 1050.812238 	 1108283.347800 	 1245896363192.237549 
506 	 -1048.815541 	 1048.815541 	 1104410.319863 	 1238445991754.869141 
507 	 -1046.586945 	 1046.586945 	 1099999.807847 	 1229993133362.329590 
508 	 -1051.102494 	 1051.102494 	 1108727.055435 	 1246422810626.829102 
509 	 -1043.814237 	 1043.814237 	 1093730.244777 	 1214097264298.222412 
510 	 -1051.684792 	 1051.684792 	 1110263.377419 	 1250835951881.792480 
511 	 -1047.199261 	 1047.199261 	 1100828.846527 	 1229979980941.238037 
512 	 -1047.704162 	 1047.704162 	 1101787.869516 	 1231724375271.620361 
513 	 -1045.851461 	 1045.851461 	 1097793.292757 	 1222282011284.503906 
514 	 -1040.091314 	 1040.091314 	 1086209.497121 	 1198607932212.349121 
515 	 -1049.912944 	 1049.912944 	 1106360.172989 	 1241549900731.481201 
516 	 -1050.706187 	 1050.706187 	 1108018.858326 	 1245304806077.822510 
517 	 -1050.782808 	 1050.782808 	 1108498.951850 	 1247449184457.541504 
518 	 -1049.013138 	 1049.013138 	 1104695.725392 	 1238703606107.661621 
519 	 -1050.133746 	 1050.133746 	 1106665.170398 	 1241379400148.710938 
520 	 -1054.961338 	 1054.961338 	 1117018.183525 	 1265416551219.429688 
521 	 -1051.675996 	 1051.675996 	 1110056.018995 	 1249781742765.314209 
522 	 -1044.841478 	 1044.841478 	 1096411.641686 	 1222076355242.417480 
523 	 -1050.519077 	 1050.519077 	 1107819.872147 	 1245536583739.132568 
524 	 -1047.616345 	 1047.616345 	 1101692.095438 	 1231861416514.967285 
525 	 -1052.635372 	 1052.635372 	 1112424.669175 	 1256308175430.939453 
526 	 -1051.426839 	 1051.426839 	 1109490.757703 	 1248266970938.451904 
527 	 -1048.423254 	 1048.423254 	 1103972.802072 	 1239258824641.073242 
528 	 -1039.685058 	 1039.685058 	 1085193.430218 	 1195603438123.582275 
529 	 -1046.397152 	 1046.397152 	 1098925.910025 	 1224829083956.444824 
530 	 -1048.082438 	 1048.082438 	 1102699.259275 	 1234113134989.415039 
531 	 -1052.000472 	 1052.000472 	 1110726.448391 	 1251092065478.545410 
532 	 -1047.479555 	 1047.479555 	 1101786.594426 	 1233368468589.033203 
533 	 -1049.835983 	 1049.835983 	 1106611.344605 	 1243592299530.053467 
534 	 -1051.340377 	 1051.340377 	 1109227.557580 	 1247298715182.869873 
535 	 -1050.853025 	 1050.853025 	 1108415.937940 	 1246267868165.764648 
536 	 -1048.814360 	 1048.814360 	 1104666.889582 	 1239677266625.703857 
537 	 -1050.209513 	 1050.209513 	 1106929.984158 	 1242605521310.110352 
538 	 -1040.998451 	 1040.998451 	 1088620.941638 	 1205872295843.751709 
539 	 -1044.648534 	 1044.648534 	 1095539.252108 	 1218444366615.227539 
540 	 -1039.093895 	 1039.093895 	 1084281.664747 	 1194840082154.947266 
541 	 -1051.479530 	 1051.479530 	 1109618.174425 	 1248630106925.390381 
542 	 -1045.233010 	 1045.233010 	 1096528.019280 	 1219690487243.522705 
543 	 -1049.196703 	 1049.196703 	 1105035.988916 	 1239164735050.020996 
544 	 -1052.109539 	 1052.109539 	 1110882.158296 	 1251154047208.913086 
545 	 -1045.231516 	 1045.231516 	 1097071.098968 	 1223110304258.146729 
546 	 -1048.350845 	 1048.350845 	 1103317.757184 	 1235953840129.685059 
547 	 -1050.838968 	 1050.838968 	 1108517.197453 	 1246925033594.984375 
548 	 -1048.810059 	 1048.810059 	 1104505.351158 	 1239000246553.572266 
549 	 -1044.264892 	 1044.264892 	 1095032.308078 	 1218446726680.885986 
550 	 -1047.596964 	 1047.596964 	 1101410.839457 	 1230052346727.934326 
551 	 -1046.509955 	 1046.509955 	 1099513.155302 	 1227480253236.679688 
552 	 -1047.681910 	 1047.681910 	 1101763.129826 	 1231552681676.981201 
553 	 -1047.967070 	 1047.967070 	 1102057.585179 	 1231014433069.651367 
554 	 -1048.283279 	 1048.283279 	 1103048.120389 	 1234586991769.387451 
555 	 -1047.893244 	 1047.893244 	 1102517.351120 	 1234526195144.522705 
556 	 -1048.711025 	 1048.711025 	 1103633.131864 	 1234601963992.191162 
557 	 -1045.614065 	 1045.614065 	 1097383.704119 	 1221811270804.407959 
558 	 -1048.916383 	 1048.916383 	 1104520.264723 	 1238487909624.828857 
559 	 -1037.498803 	 1037.498803 	 1081202.822448 	 1189191574447.856445 
560 	 -1043.115643 	 1043.115643 	 1092790.659079 	 1213937241553.697266 
561 	 -1051.291861 	 1051.291861 	 1109466.907119 	 1249152996761.487549 
562 	 -1048.679187 	 1048.679187 	 1103342.549656 	 1233118124998.717285 
563 	 -1050.694968 	 1050.694968 	 1107839.437960 	 1244169565876.053467 
564 	 -1049.942133 	 1049.942133 	 1106446.918823 	 1241819233356.207520 
565 	 -1047.834308 	 1047.834308 	 1102283.875463 	 1233606696205.413086 
566 	 -1048.477586 	 1048.477586 	 1103909.127154 	 1238331495222.619629 
567 	 -1050.367453 	 1050.367453 	 1107149.230983 	 1242698848055.729980 
568 	 -1048.628216 	 1048.628216 	 1103541.745146 	 1234789800686.453369 
569 	 -1046.491955 	 1046.491955 	 1099758.397831 	 1229033565205.626221 
570 	 -1048.340604 	 1048.340604 	 1103529.592043 	 1237073331295.148682 
571 	 -1045.286611 	 1045.286611 	 1096991.055690 	 1221998282577.280762 
572 	 -1051.225432 	 1051.225432 	 1109194.393791 	 1248156763130.193359 
573 	 -1056.391568 	 1056.391568 	 1120085.360613 	 1272717142083.207275 
574 	 -1045.798421 	 1045.798421 	 1097468.974521 	 1220824929095.319336 
575 	 -1043.654050 	 1043.654050 	 1093382.106790 	 1213319410635.965332 
576 	 -1047.222497 	 1047.222497 	 1100904.034969 	 1230127860526.139893 
577 	 -1050.791932 	 1050.791932 	 1107994.896419 	 1244267428997.837891 
578 	 -1045.584417 	 1045.584417 	 1098155.566006 	 1226793396138.751465 
579 	 -1048.987076 	 1048.987076 	 1104713.545105 	 1239109648127.142090 
580 	 -1040.578287 	 1040.578287 	 1087399.744191 	 1201943363325.186279 
581 	 -1052.513529 	 1052.513529 	 1111814.250220 	 1253611868312.519043 
582 	 -1038.215801 	 1038.215801 	 1082558.503401 	 1191358608600.977051 
583 	 -1047.425283 	 1047.425283 	 1101588.766229 	 1232656070749.730713 
584 	 -1042.730092 	 1042.730092 	 1091509.704441 	 1209374794718.745361 
585 	 -1045.203442 	 1045.203442 	 1096743.443842 	 1221123006852.009521 
586 	 -1042.688049 	 1042.688049 	 1091810.843890 	 1211188855753.864014 
587 	 -1050.118497 	 1050.118497 	 1106544.265323 	 1241034143418.815674 
588 	 -1045.060745 	 1045.060745 	 1096751.589320 	 1222443633427.844482 
589 	 -1051.375246 	 1051.375246 	 1109543.147326 	 1249015861653.193604 
590 	 -1043.010533 	 1043.010533 	 1092321.032912 	 1212236927036.191895 
591 	 -1046.437116 	 1046.437116 	 1099104.242385 	 1225515978186.043945 
592 	 -1046.690110 	 1046.690110 	 1099848.444915 	 1228091544049.641602 
593 	 -1049.414654 	 1049.414654 	 1105607.855533 	 1241029174200.452393 
594 	 -1050.192220 	 1050.192220 	 1107018.752132 	 1243424143699.321533 
595 	 -1050.571189 	 1050.571189 	 1107499.016612 	 1243044459938.971680 
596 	 -1048.289421 	 1048.289421 	 1102552.176620 	 1231400633758.884033 
597 	 -1044.957113 	 1044.957113 	 1096043.474123 	 1218958902256.811768 
598 	 -1044.835338 	 1044.835338 	 1095982.970856 	 1219506985365.659180 
599 	 -1040.132491 	 1040.132491 	 1086487.159418 	 1199948354547.573242 
600 	 -1054.338713 	 1054.338713 	 1115270.766667 	 1259778413097.953613 

%ACCRATE = 0.888967

%%%%%%%%%%%%%%%%%%%%%%%%%%%%%%%%%%%%%%%%%%%%%%%%%%%%%%%%%%%%%%%%%%%%%%%%%%%
%KAPPA = 0.210000
%%%%%%%%%%%%%%%%%%%%%%%%%%%%%%%%%%%%%%%%%%%%%%%%%%%%%%%%%%%%%%%%%%%%%%%%%%%

601 	 -1225.092506 	 1225.092506 	 1502923.069399 	 2271111605832.902832 
602 	 -1225.378829 	 1225.378829 	 1503504.494348 	 2272198415803.277832 
603 	 -1227.339653 	 1227.339653 	 1508411.394333 	 2287600318393.516113 
604 	 -1224.879844 	 1224.879844 	 1502395.104736 	 2269467243346.572266 
605 	 -1225.444792 	 1225.444792 	 1503849.468995 	 2274267485533.338867 
606 	 -1221.595790 	 1221.595790 	 1494466.330244 	 2246246256122.643066 
607 	 -1224.599753 	 1224.599753 	 1501628.534911 	 2266689274352.373047 
608 	 -1223.068824 	 1223.068824 	 1497794.062576 	 2254647325827.932617 
609 	 -1224.470584 	 1224.470584 	 1501380.097233 	 2266367576563.890625 
610 	 -1225.216464 	 1225.216464 	 1503220.373938 	 2271983758709.212402 
611 	 -1222.072573 	 1222.072573 	 1495682.762064 	 2250208843402.125000 
612 	 -1227.482294 	 1227.482294 	 1508705.546809 	 2288109472332.598633 
613 	 -1223.349730 	 1223.349730 	 1498790.248327 	 2259419066762.710938 
614 	 -1224.531878 	 1224.531878 	 1501492.016022 	 2266450896022.376953 
615 	 -1225.390728 	 1225.390728 	 1503617.129447 	 2272991279449.229980 
616 	 -1226.964374 	 1226.964374 	 1507372.356570 	 2283717096308.253906 
617 	 -1224.510025 	 1224.510025 	 1501413.459469 	 2266099135291.399414 
618 	 -1225.540822 	 1225.540822 	 1504129.339846 	 2275336292559.249023 
619 	 -1224.450875 	 1224.450875 	 1501282.634177 	 2265779446104.641602 
620 	 -1225.350512 	 1225.350512 	 1503544.656394 	 2272902478793.955566 
621 	 -1225.617634 	 1225.617634 	 1504345.040270 	 2276201693490.005371 
622 	 -1224.752576 	 1224.752576 	 1501958.417600 	 2267454064121.033203 
623 	 -1224.261715 	 1224.261715 	 1501067.101602 	 2266517472106.812988 
624 	 -1226.675673 	 1226.675673 	 1506743.263892 	 2282260040377.239258 
625 	 -1225.224278 	 1225.224278 	 1503197.378184 	 2271643026412.200195 
626 	 -1226.265515 	 1226.265515 	 1505854.225643 	 2280232648402.801758 
627 	 -1224.514182 	 1224.514182 	 1501503.986227 	 2266824513390.552246 
628 	 -1224.040457 	 1224.040457 	 1500505.328860 	 2264753127923.970215 
629 	 -1225.054374 	 1225.054374 	 1502761.069443 	 2270208179032.328613 
630 	 -1223.626598 	 1223.626598 	 1499342.722830 	 2260381093296.592773 
631 	 -1226.506829 	 1226.506829 	 1506452.516201 	 2282071125499.387695 
632 	 -1221.846266 	 1221.846266 	 1495058.015555 	 2247945271174.411133 
633 	 -1226.057690 	 1226.057690 	 1505151.726994 	 2277049262602.411621 
634 	 -1225.231339 	 1225.231339 	 1503168.300060 	 2271286840736.199219 
635 	 -1227.064313 	 1227.064313 	 1507719.846611 	 2285346137820.824219 
636 	 -1228.326178 	 1228.326178 	 1510835.715905 	 2294865209180.540039 
637 	 -1223.275475 	 1223.275475 	 1498456.764336 	 2257582307066.918945 
638 	 -1226.556799 	 1226.556799 	 1506405.018267 	 2280978524413.511230 
639 	 -1225.888287 	 1225.888287 	 1504799.943681 	 2276321588052.419922 
640 	 -1226.983844 	 1226.983844 	 1507543.211460 	 2284924491857.759766 
641 	 -1222.412460 	 1222.412460 	 1496425.429302 	 2251924557255.393066 
642 	 -1225.690402 	 1225.690402 	 1504330.223806 	 2274992249457.652832 
643 	 -1222.618702 	 1222.618702 	 1496912.111723 	 2253291057966.505859 
644 	 -1227.159427 	 1227.159427 	 1507962.799776 	 2286148532490.425781 
645 	 -1224.178910 	 1224.178910 	 1500846.508924 	 2265770783038.443848 
646 	 -1224.315724 	 1224.315724 	 1501071.561449 	 2265856244512.224609 
647 	 -1224.522615 	 1224.522615 	 1501610.755537 	 2267686894610.218262 
648 	 -1223.244711 	 1223.244711 	 1498319.990567 	 2256771811983.347168 
649 	 -1222.711881 	 1222.711881 	 1497213.644885 	 2254564379046.604004 
650 	 -1228.493129 	 1228.493129 	 1511198.748539 	 2295725774891.097656 
651 	 -1221.845227 	 1221.845227 	 1494925.939801 	 2246766939962.364258 
652 	 -1223.247191 	 1223.247191 	 1498441.847791 	 2257852201159.036133 
653 	 -1223.042304 	 1223.042304 	 1498210.571671 	 2258694159623.823242 
654 	 -1225.173724 	 1225.173724 	 1503030.417792 	 2270917021773.681152 
655 	 -1226.721483 	 1226.721483 	 1506860.044951 	 2282674362369.078613 
656 	 -1228.858238 	 1228.858238 	 1512196.528497 	 2299341464620.404785 
657 	 -1226.393269 	 1226.393269 	 1506140.276526 	 2280963845055.981445 
658 	 -1224.106980 	 1224.106980 	 1500549.688808 	 2264206595155.671387 
659 	 -1223.345821 	 1223.345821 	 1498826.183687 	 2259796217896.799805 
660 	 -1224.819677 	 1224.819677 	 1502296.483960 	 2269506495031.357422 
661 	 -1225.956374 	 1225.956374 	 1505107.458425 	 2278068414575.693359 
662 	 -1226.817109 	 1226.817109 	 1507238.188738 	 2284617485521.147949 
663 	 -1224.224458 	 1224.224458 	 1500873.423661 	 2265344371426.132812 
664 	 -1228.433326 	 1228.433326 	 1510959.318110 	 2294443641479.690430 
665 	 -1227.178850 	 1227.178850 	 1507998.048290 	 2286174807989.985352 
666 	 -1222.960574 	 1222.960574 	 1497638.966502 	 2254847572408.185547 
667 	 -1223.447932 	 1223.447932 	 1498957.104374 	 2259474944672.160645 
668 	 -1223.320692 	 1223.320692 	 1498701.220045 	 2259079172938.954102 
669 	 -1225.082187 	 1225.082187 	 1502963.685634 	 2271578215973.804688 
670 	 -1227.027204 	 1227.027204 	 1507555.725429 	 2284417064769.236816 
671 	 -1223.573731 	 1223.573731 	 1499469.687585 	 2262272991015.815430 
672 	 -1226.483672 	 1226.483672 	 1506356.223500 	 2281585878086.772949 
673 	 -1227.602385 	 1227.602385 	 1509026.438764 	 2289226830182.756836 
674 	 -1224.004267 	 1224.004267 	 1500248.828194 	 2262982572095.698730 
675 	 -1225.750715 	 1225.750715 	 1504434.037386 	 2275116860370.363281 
676 	 -1222.143051 	 1222.143051 	 1495860.689558 	 2250781467183.940918 
677 	 -1222.952532 	 1222.952532 	 1497810.480023 	 2256468589273.299316 
678 	 -1226.784870 	 1226.784870 	 1507048.148624 	 2283422828331.670410 
679 	 -1223.877603 	 1223.877603 	 1499946.612878 	 2262086795067.229980 
680 	 -1227.158747 	 1227.158747 	 1507986.714037 	 2286367944264.740234 
681 	 -1228.455590 	 1228.455590 	 1511127.775405 	 2295643856428.659668 
682 	 -1226.008441 	 1226.008441 	 1505231.844295 	 2278469859718.046387 
683 	 -1224.301645 	 1224.301645 	 1501059.067080 	 2265879913784.788574 
684 	 -1224.474739 	 1224.474739 	 1501470.642102 	 2267099252492.393066 
685 	 -1224.495369 	 1224.495369 	 1501481.826024 	 2266901953374.922852 
686 	 -1224.713716 	 1224.713716 	 1502224.259211 	 2270333837348.907227 
687 	 -1223.375418 	 1223.375418 	 1498852.779040 	 2259608481616.792969 
688 	 -1224.783428 	 1224.783428 	 1502224.875372 	 2269301995347.910156 
689 	 -1226.439084 	 1226.439084 	 1506240.548509 	 2281210620064.096680 
690 	 -1222.543219 	 1222.543219 	 1496733.117622 	 2252740530104.520996 
691 	 -1224.334073 	 1224.334073 	 1500960.722863 	 2264624571190.665039 
692 	 -1224.839768 	 1224.839768 	 1502165.734662 	 2268022941671.477051 
693 	 -1222.418824 	 1222.418824 	 1496499.355487 	 2252404378489.958496 
694 	 -1225.934418 	 1225.934418 	 1504853.104474 	 2276156721846.475098 
695 	 -1223.868497 	 1223.868497 	 1499946.336212 	 2262250079610.628418 
696 	 -1227.023678 	 1227.023678 	 1507612.363268 	 2285020164603.177734 
697 	 -1226.736068 	 1226.736068 	 1506856.062561 	 2282406795652.200195 
698 	 -1221.241152 	 1221.241152 	 1493531.703162 	 2243045336358.989258 
699 	 -1222.679932 	 1222.679932 	 1497135.005657 	 2254402959024.645996 
700 	 -1226.129549 	 1226.129549 	 1505442.675204 	 2278546160023.861816 

%ACCRATE = 0.881707

%%%%%%%%%%%%%%%%%%%%%%%%%%%%%%%%%%%%%%%%%%%%%%%%%%%%%%%%%%%%%%%%%%%%%%%%%%%
%KAPPA = 0.220000
%%%%%%%%%%%%%%%%%%%%%%%%%%%%%%%%%%%%%%%%%%%%%%%%%%%%%%%%%%%%%%%%%%%%%%%%%%%

701 	 -1348.337237 	 1348.337237 	 1819295.954633 	 3319123111953.703125 
702 	 -1346.380499 	 1346.380499 	 1814016.867435 	 3299857088607.791016 
703 	 -1344.701835 	 1344.701835 	 1809574.732829 	 3284305489686.905273 
704 	 -1347.351084 	 1347.351084 	 1816677.012813 	 3309846610604.430176 
705 	 -1347.358467 	 1347.358467 	 1816613.125981 	 3309045418406.011230 
706 	 -1345.431281 	 1345.431281 	 1811428.966782 	 3290233535500.369629 
707 	 -1346.342814 	 1346.342814 	 1813905.282660 	 3299406296946.690430 
708 	 -1345.829510 	 1345.829510 	 1812565.198324 	 3294827482564.535156 
709 	 -1346.794194 	 1346.794194 	 1815207.222875 	 3304745577900.900879 
710 	 -1345.487910 	 1345.487910 	 1811652.226666 	 3291566191492.049316 
711 	 -1347.138220 	 1347.138220 	 1816151.618945 	 3308293956506.007324 
712 	 -1347.854574 	 1347.854574 	 1818004.811067 	 3314504447073.026855 
713 	 -1347.333240 	 1347.333240 	 1816636.267996 	 3309788892531.402344 
714 	 -1348.134338 	 1348.134338 	 1818668.642106 	 3316271083341.760742 
715 	 -1344.796086 	 1344.796086 	 1809810.815819 	 3285016537961.557129 
716 	 -1346.954740 	 1346.954740 	 1815578.825372 	 3305652583912.485840 
717 	 -1346.935899 	 1346.935899 	 1815559.200424 	 3305805203969.943359 
718 	 -1345.899921 	 1345.899921 	 1812759.688245 	 3295585382115.863281 
719 	 -1344.113678 	 1344.113678 	 1807987.328891 	 3278479411447.247559 
720 	 -1346.766947 	 1346.766947 	 1815138.149574 	 3304528383801.198242 
721 	 -1345.392501 	 1345.392501 	 1811479.783623 	 3291511332919.229980 
722 	 -1346.037461 	 1346.037461 	 1813106.264582 	 3296650360925.392578 
723 	 -1346.271481 	 1346.271481 	 1813832.395689 	 3299978892052.554199 
724 	 -1346.176436 	 1346.176436 	 1813519.443327 	 3298440228196.512207 
725 	 -1345.601093 	 1345.601093 	 1811985.140771 	 3292954363013.950195 
726 	 -1347.207623 	 1347.207623 	 1816219.980355 	 3307703180634.503906 
727 	 -1346.587716 	 1346.587716 	 1814700.756367 	 3303232058966.684082 
728 	 -1345.174049 	 1345.174049 	 1810807.859308 	 3288498810565.094727 
729 	 -1346.967441 	 1346.967441 	 1815721.825045 	 3306965020327.390625 
730 	 -1348.496556 	 1348.496556 	 1819726.995105 	 3320713553715.277832 
731 	 -1347.591333 	 1347.591333 	 1817318.219464 	 3312145944342.975098 
732 	 -1348.167299 	 1348.167299 	 1818855.341605 	 3317651549169.602051 
733 	 -1344.924419 	 1344.924419 	 1810173.764215 	 3286470094604.618164 
734 	 -1347.174750 	 1347.174750 	 1816218.414953 	 3308314226129.618164 
735 	 -1344.965141 	 1344.965141 	 1810211.135648 	 3286085333346.974609 
736 	 -1346.318659 	 1346.318659 	 1813947.718483 	 3300317717602.727539 
737 	 -1345.689663 	 1345.689663 	 1812133.153946 	 3292860666630.183105 
738 	 -1345.067576 	 1345.067576 	 1810487.329594 	 3287096467457.051758 
739 	 -1345.368384 	 1345.368384 	 1811356.300974 	 3290692570782.108887 
740 	 -1347.143777 	 1347.143777 	 1816094.143816 	 3307584245076.172363 
741 	 -1346.984608 	 1346.984608 	 1815634.581742 	 3305682014194.827148 
742 	 -1344.761819 	 1344.761819 	 1809661.203696 	 3284076835956.678711 
743 	 -1346.839355 	 1346.839355 	 1815294.895900 	 3304818082948.354004 
744 	 -1347.505121 	 1347.505121 	 1817055.620687 	 3310989417618.120605 
745 	 -1345.613816 	 1345.613816 	 1811969.683219 	 3292550360672.002441 
746 	 -1345.213358 	 1345.213358 	 1810895.205715 	 3288673989978.527832 
747 	 -1346.576664 	 1346.576664 	 1814538.356579 	 3301720854952.505859 
748 	 -1345.401246 	 1345.401246 	 1811372.927115 	 3290232670669.253906 
749 	 -1346.343599 	 1346.343599 	 1813959.486455 	 3299966662117.437012 
750 	 -1346.375626 	 1346.375626 	 1814054.789954 	 3300357091183.616699 
751 	 -1347.622018 	 1347.622018 	 1817320.893481 	 3311587284872.533203 
752 	 -1347.522466 	 1347.522466 	 1817123.195154 	 3311390567321.955078 
753 	 -1347.474773 	 1347.474773 	 1816986.903615 	 3310833040857.581055 
754 	 -1346.122968 	 1346.122968 	 1813382.399902 	 3297992071830.844727 
755 	 -1346.767072 	 1346.767072 	 1815052.974764 	 3303595391819.863281 
756 	 -1348.132934 	 1348.132934 	 1818701.749527 	 3316655515702.979980 
757 	 -1346.526284 	 1346.526284 	 1814435.462010 	 3301569687918.230957 
758 	 -1346.429909 	 1346.429909 	 1814232.581308 	 3301251801139.897949 
759 	 -1344.736653 	 1344.736653 	 1809658.243629 	 3284509513798.949707 
760 	 -1346.439975 	 1346.439975 	 1814257.669596 	 3301329317979.109375 
761 	 -1347.343282 	 1347.343282 	 1816649.659446 	 3309705381720.704590 
762 	 -1344.320366 	 1344.320366 	 1808588.862794 	 3281005054549.510742 
763 	 -1347.944762 	 1347.944762 	 1818128.491617 	 3314074202747.888184 
764 	 -1346.570313 	 1346.570313 	 1814593.210122 	 3302437394933.846680 
765 	 -1346.694781 	 1346.694781 	 1814885.559992 	 3303186739925.419434 
766 	 -1346.231894 	 1346.231894 	 1813664.449216 	 3298917749005.084961 
767 	 -1344.944954 	 1344.944954 	 1810217.248370 	 3286528797333.065918 
768 	 -1346.010054 	 1346.010054 	 1813090.607599 	 3297017539343.653809 
769 	 -1344.555006 	 1344.555006 	 1809155.877508 	 3282592901794.869141 
770 	 -1346.938758 	 1346.938758 	 1815580.419656 	 3305958899923.179688 
771 	 -1348.154467 	 1348.154467 	 1818793.844635 	 3317231633775.065430 
772 	 -1346.792746 	 1346.792746 	 1815072.997143 	 3303327140475.066406 
773 	 -1344.903190 	 1344.903190 	 1810027.744484 	 3285303622431.350098 
774 	 -1346.402666 	 1346.402666 	 1814083.883766 	 3300182208640.089844 
775 	 -1345.242052 	 1345.242052 	 1810956.181239 	 3288779283368.540039 
776 	 -1347.488919 	 1347.488919 	 1816993.061690 	 3310614986675.461426 
777 	 -1344.425296 	 1344.425296 	 1808819.779081 	 3281482480755.756348 
778 	 -1344.916772 	 1344.916772 	 1810073.350146 	 3285530827009.295898 
779 	 -1344.527805 	 1344.527805 	 1809101.803426 	 3282528597135.005371 
780 	 -1347.802288 	 1347.802288 	 1817819.700188 	 3313519025713.195312 
781 	 -1346.493899 	 1346.493899 	 1814326.009382 	 3301024420771.505371 
782 	 -1345.877195 	 1345.877195 	 1812606.969807 	 3294365500962.351074 
783 	 -1344.995200 	 1344.995200 	 1810253.180356 	 3285969202954.640625 
784 	 -1346.792287 	 1346.792287 	 1815140.298816 	 3304060866646.153809 
785 	 -1347.217222 	 1347.217222 	 1816279.752181 	 3308155673483.062988 
786 	 -1346.562758 	 1346.562758 	 1814463.617428 	 3301177040629.023438 
787 	 -1348.673176 	 1348.673176 	 1820246.628166 	 3322912084777.091797 
788 	 -1343.698766 	 1343.698766 	 1806861.767829 	 3274353811664.525879 
789 	 -1346.097185 	 1346.097185 	 1813279.764617 	 3297378763388.628418 
790 	 -1346.426992 	 1346.426992 	 1814170.010456 	 3300627315588.863281 
791 	 -1346.124594 	 1346.124594 	 1813383.265714 	 3297946268448.471191 
792 	 -1345.411555 	 1345.411555 	 1811454.383271 	 3290903881582.458008 
793 	 -1346.518528 	 1346.518528 	 1814371.748567 	 3301032835067.600098 
794 	 -1343.547813 	 1343.547813 	 1806390.988150 	 3272163900751.168945 
795 	 -1346.649450 	 1346.649450 	 1814777.239807 	 3302908863791.102051 
796 	 -1344.829543 	 1344.829543 	 1809927.559489 	 3285642231941.390625 
797 	 -1347.214435 	 1347.214435 	 1816332.681979 	 3308786531266.438477 
798 	 -1346.277870 	 1346.277870 	 1813748.973383 	 3298966437798.150391 
799 	 -1346.284580 	 1346.284580 	 1813780.179743 	 3299169780073.706543 
800 	 -1346.878353 	 1346.878353 	 1815355.684250 	 3304726056978.253418 

%ACCRATE = 0.875718

%%%%%%%%%%%%%%%%%%%%%%%%%%%%%%%%%%%%%%%%%%%%%%%%%%%%%%%%%%%%%%%%%%%%%%%%%%%
%KAPPA = 0.230000
%%%%%%%%%%%%%%%%%%%%%%%%%%%%%%%%%%%%%%%%%%%%%%%%%%%%%%%%%%%%%%%%%%%%%%%%%%%

801 	 -1438.623966 	 1438.623966 	 2070554.988489 	 4294761718630.288574 
802 	 -1438.060910 	 1438.060910 	 2068892.568026 	 4287522380237.356934 
803 	 -1437.648138 	 1437.648138 	 2067752.687276 	 4283188948211.297363 
804 	 -1438.274163 	 1438.274163 	 2069548.541926 	 4290587730669.155762 
805 	 -1438.632260 	 1438.632260 	 2070584.270150 	 4294920341418.709473 
806 	 -1438.168771 	 1438.168771 	 2069231.041693 	 4289151077757.508789 
807 	 -1437.017776 	 1437.017776 	 2065951.471438 	 4275830642136.708984 
808 	 -1438.329770 	 1438.329770 	 2069686.656681 	 4290982025748.453613 
809 	 -1437.401741 	 1437.401741 	 2067043.268412 	 4280253162081.114258 
810 	 -1438.981907 	 1438.981907 	 2071535.286775 	 4298408621068.171875 
811 	 -1439.525020 	 1439.525020 	 2073126.551321 	 4305253228473.390625 
812 	 -1439.128104 	 1439.128104 	 2072047.871982 	 4301293071884.387207 
813 	 -1438.744086 	 1438.744086 	 2070928.711434 	 4296536226584.541504 
814 	 -1438.608423 	 1438.608423 	 2070532.097172 	 4294835833862.138184 
815 	 -1438.941871 	 1438.941871 	 2071449.184167 	 4298300544732.275391 
816 	 -1439.836352 	 1439.836352 	 2074038.300314 	 4309155786748.235352 
817 	 -1437.234128 	 1437.234128 	 2066583.463288 	 4278520724537.646973 
818 	 -1436.834190 	 1436.834190 	 2065436.014581 	 4273794569384.530273 
819 	 -1439.123147 	 1439.123147 	 2071973.024912 	 4300491904978.652832 
820 	 -1438.790392 	 1438.790392 	 2071066.303767 	 4297139843953.444824 
821 	 -1438.232775 	 1438.232775 	 2069462.210194 	 4290504036671.091797 
822 	 -1438.353466 	 1438.353466 	 2069748.028530 	 4291180706113.559082 
823 	 -1438.757884 	 1438.757884 	 2070917.205505 	 4296071685371.676758 
824 	 -1438.471162 	 1438.471162 	 2070117.684684 	 4292970374901.302246 
825 	 -1438.301292 	 1438.301292 	 2069612.514156 	 4290740132045.495117 
826 	 -1438.869674 	 1438.869674 	 2071263.924741 	 4297720404310.708984 
827 	 -1438.573209 	 1438.573209 	 2070403.260605 	 4294087981071.728027 
828 	 -1437.752742 	 1437.752742 	 2068038.914646 	 4284250204005.356934 
829 	 -1437.124005 	 1437.124005 	 2066269.966751 	 4277261909905.055176 
830 	 -1438.783122 	 1438.783122 	 2071051.887921 	 4297140904520.653809 
831 	 -1439.295860 	 1439.295860 	 2072470.049987 	 4302548728641.136719 
832 	 -1437.293920 	 1437.293920 	 2066744.514465 	 4279096602619.769043 
833 	 -1438.516750 	 1438.516750 	 2070204.180951 	 4292967036016.904785 
834 	 -1436.832738 	 1436.832738 	 2065463.589275 	 4274171016092.250977 
835 	 -1437.700211 	 1437.700211 	 2067908.665354 	 4283887010233.347168 
836 	 -1438.421729 	 1438.421729 	 2069945.559973 	 4292011954294.943359 
837 	 -1438.335600 	 1438.335600 	 2069702.041078 	 4291036051736.027344 
838 	 -1440.301049 	 1440.301049 	 2075370.246455 	 4314636652960.396973 
839 	 -1437.690822 	 1437.690822 	 2067900.645849 	 4283997239263.205566 
840 	 -1438.413453 	 1438.413453 	 2069947.108197 	 4292229361182.747070 
841 	 -1438.484200 	 1438.484200 	 2070151.590337 	 4293072343631.339355 
842 	 -1437.806931 	 1437.806931 	 2068209.611376 	 4285084725516.820801 
843 	 -1436.814884 	 1436.814884 	 2065375.121047 	 4273497558118.123047 
844 	 -1438.000938 	 1438.000938 	 2068749.456256 	 4287182383386.017578 
845 	 -1438.577311 	 1438.577311 	 2070415.424959 	 4294130183674.844238 
846 	 -1438.054388 	 1438.054388 	 2068924.933854 	 4288076345759.957520 
847 	 -1438.636948 	 1438.636948 	 2070571.386922 	 4294650954448.607422 
848 	 -1436.498938 	 1436.498938 	 2064430.763188 	 4269288006974.869629 
849 	 -1438.980737 	 1438.980737 	 2071615.125061 	 4299429899581.952148 
850 	 -1438.590217 	 1438.590217 	 2070505.156578 	 4294935025996.368652 
851 	 -1438.511611 	 1438.511611 	 2070197.265959 	 4292993098436.819824 
852 	 -1439.834270 	 1439.834270 	 2074009.844011 	 4308857130639.714355 
853 	 -1440.137593 	 1440.137593 	 2074909.513412 	 4312799412437.579102 
854 	 -1439.496499 	 1439.496499 	 2073088.464351 	 4305443592299.876953 
855 	 -1439.229336 	 1439.229336 	 2072253.012811 	 4301441152726.931152 
856 	 -1439.198048 	 1439.198048 	 2072184.961411 	 4301341471657.860840 
857 	 -1439.719658 	 1439.719658 	 2073694.959944 	 4307670653871.235352 
858 	 -1437.821329 	 1437.821329 	 2068252.738755 	 4285266652856.486328 
859 	 -1438.626335 	 1438.626335 	 2070542.706257 	 4294553025289.402344 
860 	 -1438.107951 	 1438.107951 	 2069080.060960 	 4288726763852.125000 
861 	 -1437.962868 	 1437.962868 	 2068664.581266 	 4287028242274.887207 
862 	 -1439.167920 	 1439.167920 	 2072146.227140 	 4301571549942.483887 
863 	 -1437.530382 	 1437.530382 	 2067400.499253 	 4281628353792.145020 
864 	 -1438.171621 	 1438.171621 	 2069304.830324 	 4289981277797.937500 
865 	 -1439.013543 	 1439.013543 	 2071671.177929 	 4299346196559.899414 
866 	 -1438.728147 	 1438.728147 	 2070876.252219 	 4296276749332.562500 
867 	 -1439.195901 	 1439.195901 	 2072190.922146 	 4301458395468.795898 
868 	 -1437.860801 	 1437.860801 	 2068376.563823 	 4285867808216.743164 
869 	 -1438.336037 	 1438.336037 	 2069804.716151 	 4292297221639.627930 
870 	 -1439.066026 	 1439.066026 	 2071823.082101 	 4299985028577.383301 
871 	 -1437.352808 	 1437.352808 	 2066970.262015 	 4280495939104.897461 
872 	 -1437.606718 	 1437.606718 	 2067626.906657 	 4282609908421.701660 
873 	 -1436.337079 	 1436.337079 	 2063984.950782 	 4267616660184.945801 
874 	 -1438.039004 	 1438.039004 	 2068863.580726 	 4287679861543.556641 
875 	 -1437.939211 	 1437.939211 	 2068630.793269 	 4287161339206.053711 
876 	 -1439.298154 	 1439.298154 	 2072469.165462 	 4302480792896.634277 
877 	 -1437.876176 	 1437.876176 	 2068378.566844 	 4285533213254.017578 
878 	 -1435.619596 	 1435.619596 	 2061950.209800 	 4259417236792.953613 
879 	 -1438.469729 	 1438.469729 	 2070147.632367 	 4293380961784.845703 
880 	 -1438.249098 	 1438.249098 	 2069461.719498 	 4290117984556.294434 
881 	 -1439.152472 	 1439.152472 	 2072065.936413 	 4300946599730.198242 
882 	 -1439.427628 	 1439.427628 	 2072895.392023 	 4304692536677.831055 
883 	 -1438.221164 	 1438.221164 	 2069363.858429 	 4289565090996.092773 
884 	 -1439.532385 	 1439.532385 	 2073224.177841 	 4306290880777.361816 
885 	 -1438.943167 	 1438.943167 	 2071532.334634 	 4299289599153.908203 
886 	 -1437.101160 	 1437.101160 	 2066205.514934 	 4276977115041.863281 
887 	 -1436.500860 	 1436.500860 	 2064461.688807 	 4269644205819.360840 
888 	 -1438.340141 	 1438.340141 	 2069743.567374 	 4291447442659.224121 
889 	 -1437.810477 	 1437.810477 	 2068180.832498 	 4284651413026.173828 
890 	 -1438.030031 	 1438.030031 	 2068814.723602 	 4287286492849.851074 
891 	 -1438.124181 	 1438.124181 	 2069137.947443 	 4289058069169.837402 
892 	 -1438.120944 	 1438.120944 	 2069148.632676 	 4289261308994.822266 
893 	 -1437.932847 	 1437.932847 	 2068586.132263 	 4286764497592.015137 
894 	 -1438.855217 	 1438.855217 	 2071218.881985 	 4297504970594.088867 
895 	 -1436.959340 	 1436.959340 	 2065765.117798 	 4274904874177.529785 
896 	 -1438.143487 	 1438.143487 	 2069197.428002 	 4289335481743.606445 
897 	 -1439.152316 	 1439.152316 	 2072111.784224 	 4301502626911.492188 
898 	 -1436.684151 	 1436.684151 	 2064972.273563 	 4271613595258.682617 
899 	 -1438.936647 	 1438.936647 	 2071447.178667 	 4298403064579.429688 
900 	 -1437.550218 	 1437.550218 	 2067493.990429 	 4282306138506.481445 

%ACCRATE = 0.869410
