%SIMULAZIONI PER PROVARE LA RELAZIONE PA = erfc[0.5*sqrt(<dH>)]
%VOLUME = 64
%MISURA <dH> OGNI N = 100
%deltaTau = 0.200000

1 	 0.257503 	 0.577542 	 0.974758 
2 	 0.212620 	 0.564208 	 1.016831 
3 	 0.210559 	 0.575080 	 1.043691 
4 	 0.283217 	 0.593425 	 0.955974 
5 	 0.205275 	 0.556223 	 1.026716 
6 	 0.238384 	 0.573259 	 0.988684 
7 	 0.232196 	 0.556644 	 0.993636 
8 	 0.236456 	 0.560988 	 0.989685 
9 	 0.259514 	 0.583692 	 0.999195 
10 	 0.214191 	 0.550577 	 1.010967 
11 	 0.257089 	 0.581492 	 0.998028 
12 	 0.260790 	 0.577509 	 0.976968 
13 	 0.303918 	 0.587772 	 0.924723 
14 	 0.256412 	 0.614866 	 1.015722 
15 	 0.217337 	 0.540696 	 0.999051 
16 	 0.253336 	 0.595195 	 1.003229 
17 	 0.226000 	 0.555360 	 1.004114 
18 	 0.240736 	 0.565494 	 0.986338 
19 	 0.251584 	 0.580821 	 1.004477 
20 	 0.232198 	 0.579213 	 1.012119 
21 	 0.217553 	 0.575338 	 1.021165 
22 	 0.276267 	 0.590541 	 0.967255 
23 	 0.233940 	 0.580399 	 1.023375 
24 	 0.198617 	 0.561003 	 1.047368 
25 	 0.260475 	 0.578389 	 0.970410 
26 	 0.255193 	 0.566731 	 0.990119 
27 	 0.222922 	 0.562169 	 1.016557 
28 	 0.229669 	 0.555408 	 0.997479 
29 	 0.211451 	 0.571302 	 1.032994 
30 	 0.286073 	 0.597999 	 0.959926 
31 	 0.277643 	 0.605328 	 0.979181 
32 	 0.249938 	 0.567360 	 0.982436 
33 	 0.263294 	 0.590703 	 0.985354 
34 	 0.227377 	 0.589485 	 1.027799 
35 	 0.261381 	 0.604913 	 0.995616 
36 	 0.219726 	 0.583611 	 1.037327 
37 	 0.247720 	 0.588772 	 0.997708 
38 	 0.233432 	 0.553574 	 0.998164 
39 	 0.238710 	 0.588725 	 1.018289 
40 	 0.226315 	 0.526614 	 0.970650 
41 	 0.275595 	 0.574579 	 0.952289 
42 	 0.269514 	 0.596951 	 0.980599 
43 	 0.220158 	 0.559437 	 1.000822 
44 	 0.211856 	 0.573743 	 1.026858 
45 	 0.236680 	 0.570691 	 0.998849 
46 	 0.239068 	 0.581985 	 1.012545 
47 	 0.232197 	 0.563828 	 1.003616 
48 	 0.238863 	 0.597440 	 1.028546 
49 	 0.211347 	 0.585571 	 1.051675 
50 	 0.227132 	 0.553331 	 0.989523 
51 	 0.287345 	 0.580324 	 0.935778 
52 	 0.248347 	 0.577497 	 1.002321 
53 	 0.266024 	 0.628189 	 1.018296 
54 	 0.252913 	 0.579304 	 0.989986 
55 	 0.254977 	 0.583071 	 0.983437 
56 	 0.224751 	 0.589553 	 1.062361 
57 	 0.212188 	 0.559135 	 1.012891 
58 	 0.202106 	 0.572823 	 1.041394 
59 	 0.220300 	 0.564965 	 1.015565 
60 	 0.256078 	 0.574302 	 0.996545 
61 	 0.242131 	 0.577376 	 0.999034 
62 	 0.208000 	 0.552190 	 1.051322 
63 	 0.228667 	 0.564639 	 1.002318 
64 	 0.228064 	 0.568354 	 1.006721 
65 	 0.284980 	 0.619432 	 0.981803 
66 	 0.257743 	 0.600419 	 0.998228 
67 	 0.259489 	 0.589375 	 0.990675 
68 	 0.274392 	 0.575260 	 0.959311 
69 	 0.277875 	 0.632629 	 1.018029 
70 	 0.238761 	 0.565115 	 0.987832 
71 	 0.293375 	 0.613785 	 0.958382 
72 	 0.225523 	 0.561138 	 1.011775 
73 	 0.230381 	 0.607450 	 1.037477 
74 	 0.300437 	 0.586193 	 0.931537 
75 	 0.257423 	 0.570676 	 0.969309 
76 	 0.254038 	 0.592148 	 1.000046 
77 	 0.191176 	 0.557338 	 1.045665 
78 	 0.242517 	 0.577280 	 0.999329 
79 	 0.276593 	 0.605174 	 0.975317 
80 	 0.264445 	 0.603847 	 1.005843 
81 	 0.207534 	 0.551945 	 1.027574 
82 	 0.214235 	 0.548708 	 1.005160 
83 	 0.196337 	 0.534426 	 1.023618 
84 	 0.224792 	 0.557635 	 1.002192 
85 	 0.270390 	 0.598502 	 0.979292 
86 	 0.235017 	 0.587272 	 1.008632 
87 	 0.224737 	 0.562756 	 1.005272 
88 	 0.223449 	 0.558472 	 1.018445 
89 	 0.252389 	 0.601736 	 1.004824 
90 	 0.261953 	 0.600823 	 0.992251 
91 	 0.269991 	 0.599011 	 1.009366 
92 	 0.217651 	 0.573479 	 1.025369 
93 	 0.236838 	 0.570461 	 1.024561 
94 	 0.262750 	 0.604458 	 0.988995 
95 	 0.235914 	 0.587624 	 1.012568 
96 	 0.227902 	 0.565418 	 1.003120 
97 	 0.278527 	 0.634753 	 1.006191 
98 	 0.222501 	 0.583767 	 1.027594 
99 	 0.213620 	 0.566822 	 1.021878 
100 	 0.276645 	 0.606692 	 0.993033 
%ACCRATE = 0.735280

%deltaTau = 0.142857

101 	 0.045619 	 0.263682 	 1.011190 
102 	 0.063044 	 0.256366 	 0.988384 
103 	 0.050951 	 0.273619 	 1.009158 
104 	 0.063262 	 0.258522 	 0.988490 
105 	 0.052385 	 0.263822 	 1.003201 
106 	 0.057043 	 0.271786 	 1.002238 
107 	 0.051273 	 0.267428 	 1.007415 
108 	 0.060053 	 0.263038 	 0.995743 
109 	 0.050152 	 0.261603 	 1.005113 
110 	 0.048739 	 0.258708 	 1.002768 
111 	 0.057954 	 0.251865 	 0.992723 
112 	 0.048473 	 0.241666 	 0.998988 
113 	 0.042032 	 0.258974 	 1.012597 
114 	 0.042497 	 0.249306 	 1.007798 
115 	 0.060528 	 0.268724 	 0.995868 
116 	 0.056234 	 0.262396 	 0.997607 
117 	 0.060419 	 0.252455 	 0.989576 
118 	 0.059453 	 0.264502 	 0.996548 
119 	 0.051212 	 0.252789 	 0.999373 
120 	 0.070275 	 0.267531 	 0.985341 
121 	 0.063256 	 0.261087 	 0.990340 
122 	 0.050462 	 0.258758 	 1.003347 
123 	 0.054513 	 0.264715 	 1.001357 
124 	 0.043278 	 0.260462 	 1.011406 
125 	 0.051909 	 0.273537 	 1.009417 
126 	 0.045587 	 0.262558 	 1.012821 
127 	 0.060630 	 0.261428 	 0.995827 
128 	 0.050947 	 0.267197 	 1.007183 
129 	 0.056022 	 0.264880 	 0.998285 
130 	 0.059476 	 0.245963 	 0.986496 
131 	 0.044260 	 0.258124 	 1.008257 
132 	 0.054525 	 0.253780 	 0.995177 
133 	 0.058698 	 0.269419 	 0.997758 
134 	 0.044520 	 0.260677 	 1.008818 
135 	 0.042668 	 0.262368 	 1.012287 
136 	 0.059746 	 0.252063 	 0.989049 
137 	 0.059442 	 0.269225 	 0.998991 
138 	 0.056660 	 0.276115 	 1.003890 
139 	 0.061823 	 0.272334 	 0.995965 
140 	 0.046676 	 0.258888 	 1.008328 
141 	 0.066987 	 0.268640 	 0.988972 
142 	 0.048839 	 0.259558 	 1.005258 
143 	 0.061093 	 0.257548 	 0.991163 
144 	 0.064482 	 0.260405 	 0.988172 
145 	 0.060942 	 0.254481 	 0.992458 
146 	 0.066164 	 0.248321 	 0.981918 
147 	 0.070906 	 0.265946 	 0.983364 
148 	 0.054601 	 0.260152 	 0.998945 
149 	 0.055776 	 0.263212 	 0.996871 
150 	 0.055623 	 0.259118 	 0.998384 
151 	 0.054065 	 0.255556 	 0.998012 
152 	 0.038141 	 0.248968 	 1.011766 
153 	 0.067352 	 0.262667 	 0.988736 
154 	 0.055044 	 0.260947 	 1.000830 
155 	 0.048017 	 0.266274 	 1.006884 
156 	 0.039951 	 0.256047 	 1.012153 
157 	 0.069983 	 0.266250 	 0.986319 
158 	 0.047746 	 0.259852 	 1.006733 
159 	 0.050728 	 0.270286 	 1.004906 
160 	 0.049742 	 0.244764 	 0.998609 
161 	 0.056075 	 0.258644 	 0.995191 
162 	 0.049883 	 0.256196 	 1.005476 
163 	 0.055984 	 0.268337 	 1.000672 
164 	 0.058107 	 0.258970 	 0.994385 
165 	 0.047609 	 0.273465 	 1.014468 
166 	 0.059028 	 0.257729 	 0.993846 
167 	 0.049031 	 0.254840 	 1.003674 
168 	 0.054604 	 0.257886 	 0.999356 
169 	 0.057857 	 0.271473 	 1.002080 
170 	 0.054063 	 0.259043 	 1.000220 
171 	 0.057706 	 0.262994 	 0.994417 
172 	 0.055523 	 0.262920 	 0.998386 
173 	 0.042928 	 0.255948 	 1.007818 
174 	 0.069733 	 0.273635 	 0.991043 
175 	 0.061281 	 0.257247 	 0.992911 
176 	 0.072103 	 0.266769 	 0.987295 
177 	 0.058864 	 0.265053 	 0.995227 
178 	 0.053954 	 0.258636 	 0.998866 
179 	 0.064101 	 0.272409 	 0.993799 
180 	 0.048102 	 0.267944 	 1.009404 
181 	 0.055295 	 0.274772 	 1.004495 
182 	 0.053291 	 0.277489 	 1.005407 
183 	 0.061848 	 0.269398 	 0.993629 
184 	 0.062940 	 0.271324 	 0.993652 
185 	 0.051566 	 0.272013 	 1.006207 
186 	 0.047077 	 0.271158 	 1.011056 
187 	 0.052805 	 0.263889 	 1.004348 
188 	 0.047917 	 0.245961 	 1.000255 
189 	 0.066390 	 0.278587 	 0.992621 
190 	 0.044647 	 0.261407 	 1.007921 
191 	 0.052138 	 0.261345 	 1.002764 
192 	 0.059137 	 0.260126 	 0.994418 
193 	 0.055639 	 0.266606 	 1.000058 
194 	 0.066069 	 0.266545 	 0.989475 
195 	 0.065980 	 0.257487 	 0.987764 
196 	 0.065392 	 0.272398 	 0.993167 
197 	 0.078355 	 0.294658 	 0.988682 
198 	 0.054413 	 0.278325 	 1.005557 
199 	 0.036372 	 0.273872 	 1.027966 
200 	 0.056433 	 0.275586 	 1.002834 
%ACCRATE = 0.868760

%deltaTau = 0.111111

201 	 0.020113 	 0.150737 	 0.998817 
202 	 0.020918 	 0.154164 	 0.998269 
203 	 0.019639 	 0.157681 	 1.000340 
204 	 0.014290 	 0.159544 	 1.005732 
205 	 0.016327 	 0.155455 	 1.003555 
206 	 0.016924 	 0.146842 	 1.000275 
207 	 0.018979 	 0.160375 	 1.002080 
208 	 0.027311 	 0.152416 	 0.991073 
209 	 0.018548 	 0.159290 	 1.002200 
210 	 0.026428 	 0.157215 	 0.993879 
211 	 0.015035 	 0.151437 	 1.003723 
212 	 0.010173 	 0.146157 	 1.007956 
213 	 0.016502 	 0.154457 	 1.002940 
214 	 0.024089 	 0.149393 	 0.994063 
215 	 0.018422 	 0.151631 	 1.000426 
216 	 0.014715 	 0.145802 	 1.002049 
217 	 0.024533 	 0.148546 	 0.992891 
218 	 0.013885 	 0.158050 	 1.006533 
219 	 0.015924 	 0.156848 	 1.004452 
220 	 0.022689 	 0.153173 	 0.996339 
221 	 0.024183 	 0.154451 	 0.994694 
222 	 0.019595 	 0.162427 	 1.001531 
223 	 0.022562 	 0.158639 	 0.997180 
224 	 0.012327 	 0.149098 	 1.005984 
225 	 0.007679 	 0.158471 	 1.013693 
226 	 0.023266 	 0.154403 	 0.995929 
227 	 0.011197 	 0.152651 	 1.008098 
228 	 0.019339 	 0.147834 	 0.998068 
229 	 0.022711 	 0.164202 	 0.998885 
230 	 0.017072 	 0.146510 	 1.000802 
231 	 0.015122 	 0.151345 	 1.003281 
232 	 0.019778 	 0.162541 	 1.001349 
233 	 0.012773 	 0.149264 	 1.005252 
234 	 0.014400 	 0.153182 	 1.005419 
235 	 0.016282 	 0.152685 	 1.002212 
236 	 0.019683 	 0.154718 	 0.999701 
237 	 0.021789 	 0.155402 	 0.998559 
238 	 0.021949 	 0.153764 	 0.997113 
239 	 0.015352 	 0.152014 	 1.003992 
240 	 0.015569 	 0.153286 	 1.003634 
241 	 0.022286 	 0.150010 	 0.995639 
242 	 0.025183 	 0.161509 	 0.995635 
243 	 0.015428 	 0.154302 	 1.004064 
244 	 0.017173 	 0.152740 	 1.001586 
245 	 0.011728 	 0.157719 	 1.008369 
246 	 0.023076 	 0.150620 	 0.995020 
247 	 0.019899 	 0.155185 	 0.998814 
248 	 0.007680 	 0.146572 	 1.009620 
249 	 0.018842 	 0.147037 	 0.998405 
250 	 0.008708 	 0.145008 	 1.008524 
251 	 0.021933 	 0.150768 	 0.996045 
252 	 0.020546 	 0.152007 	 0.998117 
253 	 0.018099 	 0.156404 	 1.002053 
254 	 0.029472 	 0.156051 	 0.989500 
255 	 0.013786 	 0.156105 	 1.005069 
256 	 0.019030 	 0.154838 	 1.000501 
257 	 0.018168 	 0.158159 	 1.002533 
258 	 0.022411 	 0.143258 	 0.994423 
259 	 0.024494 	 0.151528 	 0.994031 
260 	 0.016044 	 0.151525 	 1.002131 
261 	 0.011117 	 0.145425 	 1.006609 
262 	 0.024208 	 0.161094 	 0.996717 
263 	 0.013484 	 0.147465 	 1.004023 
264 	 0.017925 	 0.149251 	 1.000433 
265 	 0.016089 	 0.158427 	 1.004071 
266 	 0.018151 	 0.157362 	 1.002164 
267 	 0.011908 	 0.149453 	 1.006837 
268 	 0.022459 	 0.157022 	 0.997096 
269 	 0.033345 	 0.152624 	 0.985240 
270 	 0.017214 	 0.152566 	 1.001654 
271 	 0.016418 	 0.156902 	 1.002929 
272 	 0.021722 	 0.149671 	 0.996780 
273 	 0.025117 	 0.162314 	 0.995579 
274 	 0.007947 	 0.148782 	 1.009917 
275 	 0.019735 	 0.161175 	 1.001048 
276 	 0.020506 	 0.161188 	 1.000339 
277 	 0.015030 	 0.155871 	 1.005490 
278 	 0.017609 	 0.151027 	 1.000999 
279 	 0.009778 	 0.144072 	 1.007297 
280 	 0.023045 	 0.157895 	 0.996723 
281 	 0.016585 	 0.156903 	 1.003330 
282 	 0.020399 	 0.151714 	 0.998025 
283 	 0.020894 	 0.154985 	 0.998598 
284 	 0.014435 	 0.149138 	 1.003324 
285 	 0.008252 	 0.157901 	 1.012120 
286 	 0.013455 	 0.158489 	 1.008007 
287 	 0.024260 	 0.153319 	 0.995735 
288 	 0.017701 	 0.155515 	 1.002658 
289 	 0.014164 	 0.152811 	 1.004748 
290 	 0.026487 	 0.150218 	 0.991886 
291 	 0.022226 	 0.143668 	 0.994214 
292 	 0.022209 	 0.157458 	 0.998209 
293 	 0.024576 	 0.160636 	 0.996009 
294 	 0.007091 	 0.152754 	 1.011924 
295 	 0.013514 	 0.153603 	 1.005499 
296 	 0.012059 	 0.145951 	 1.005296 
297 	 0.020120 	 0.152581 	 0.998382 
298 	 0.027959 	 0.157421 	 0.992398 
299 	 0.026885 	 0.151763 	 0.991342 
300 	 0.014100 	 0.149183 	 1.004376 
%ACCRATE = 0.924270

%deltaTau = 0.090909

301 	 0.008516 	 0.103982 	 1.000003 
302 	 0.006603 	 0.102030 	 1.001558 
303 	 0.002349 	 0.095966 	 1.005202 
304 	 0.015578 	 0.102998 	 0.992965 
305 	 0.005111 	 0.101289 	 1.003135 
306 	 0.007057 	 0.101233 	 1.001484 
307 	 0.007555 	 0.106442 	 1.001828 
308 	 0.009481 	 0.098686 	 0.998381 
309 	 0.012672 	 0.102824 	 0.995859 
310 	 0.010702 	 0.098947 	 0.997398 
311 	 0.005225 	 0.100326 	 1.002986 
312 	 0.009842 	 0.104206 	 0.999201 
313 	 -0.000396 	 0.105054 	 1.009323 
314 	 0.014295 	 0.098575 	 0.993791 
315 	 0.013840 	 0.098800 	 0.994225 
316 	 0.007577 	 0.100303 	 1.000577 
317 	 0.002760 	 0.096638 	 1.005317 
318 	 0.007879 	 0.101207 	 1.000500 
319 	 0.007030 	 0.100564 	 1.001465 
320 	 0.007065 	 0.104199 	 1.001834 
321 	 0.010276 	 0.100014 	 0.997842 
322 	 0.008808 	 0.100955 	 0.999011 
323 	 0.009005 	 0.102932 	 0.999568 
324 	 0.006742 	 0.102157 	 1.001980 
325 	 0.006431 	 0.106209 	 1.002782 
326 	 0.006069 	 0.104697 	 1.003233 
327 	 0.010617 	 0.097377 	 0.997005 
328 	 0.005496 	 0.101290 	 1.003037 
329 	 0.008049 	 0.094066 	 0.999406 
330 	 0.011541 	 0.103894 	 0.997105 
331 	 0.006014 	 0.100359 	 1.002143 
332 	 0.007475 	 0.100256 	 1.000485 
333 	 0.007122 	 0.099190 	 1.001032 
334 	 0.008053 	 0.099480 	 1.000216 
335 	 0.007323 	 0.104421 	 1.001200 
336 	 0.011147 	 0.103447 	 0.997395 
337 	 0.008426 	 0.102526 	 0.999929 
338 	 0.002360 	 0.105537 	 1.006736 
339 	 0.011463 	 0.099596 	 0.996733 
340 	 0.008779 	 0.108315 	 1.000997 
341 	 0.008019 	 0.105335 	 1.001123 
342 	 0.010970 	 0.103077 	 0.997575 
343 	 0.006221 	 0.100922 	 1.002244 
344 	 0.008988 	 0.094868 	 0.998273 
345 	 0.010301 	 0.106012 	 0.998447 
346 	 0.007418 	 0.100167 	 1.000529 
347 	 0.007661 	 0.097837 	 0.999905 
348 	 0.010090 	 0.100892 	 0.998361 
349 	 0.009091 	 0.105099 	 0.999704 
350 	 0.007523 	 0.095001 	 0.999841 
351 	 0.012519 	 0.108178 	 0.997324 
352 	 0.002450 	 0.100609 	 1.005705 
353 	 0.008665 	 0.101622 	 0.999686 
354 	 0.010585 	 0.102631 	 0.997945 
355 	 0.008277 	 0.102216 	 1.000176 
356 	 0.011766 	 0.099667 	 0.996505 
357 	 0.010451 	 0.102828 	 0.998194 
358 	 0.008025 	 0.098829 	 0.999904 
359 	 0.012214 	 0.099844 	 0.995708 
360 	 0.007234 	 0.095539 	 1.000355 
361 	 0.009130 	 0.101826 	 0.999586 
362 	 0.012471 	 0.102998 	 0.995967 
363 	 0.008725 	 0.100187 	 0.999416 
364 	 0.010423 	 0.103670 	 0.998144 
365 	 0.007440 	 0.099165 	 1.000879 
366 	 0.007308 	 0.102138 	 1.001203 
367 	 0.005562 	 0.101649 	 1.002929 
368 	 0.007749 	 0.101824 	 1.000610 
369 	 0.010527 	 0.102656 	 0.997877 
370 	 0.006824 	 0.095154 	 1.000396 
371 	 0.014668 	 0.107304 	 0.994754 
372 	 0.000276 	 0.097471 	 1.007877 
373 	 0.013012 	 0.102977 	 0.995785 
374 	 0.010576 	 0.099848 	 0.997715 
375 	 0.006814 	 0.098964 	 1.001456 
376 	 0.004794 	 0.101813 	 1.003389 
377 	 0.007929 	 0.102657 	 1.000696 
378 	 0.011270 	 0.101430 	 0.997360 
379 	 0.009647 	 0.101640 	 0.998956 
380 	 0.005578 	 0.095733 	 1.001856 
381 	 0.004173 	 0.104196 	 1.004720 
382 	 0.007550 	 0.104722 	 1.001348 
383 	 0.010684 	 0.104974 	 0.998185 
384 	 0.008335 	 0.099655 	 0.999724 
385 	 0.005247 	 0.101800 	 1.003247 
386 	 0.005444 	 0.098870 	 1.002677 
387 	 0.008524 	 0.101243 	 1.000113 
388 	 0.009375 	 0.099489 	 0.998785 
389 	 0.005589 	 0.103363 	 1.003211 
390 	 0.007850 	 0.094400 	 0.999679 
391 	 0.013049 	 0.107076 	 0.996117 
392 	 0.008256 	 0.106833 	 1.001290 
393 	 0.007897 	 0.098780 	 1.000102 
394 	 0.006678 	 0.100405 	 1.001369 
395 	 0.011984 	 0.098944 	 0.995928 
396 	 0.005940 	 0.099842 	 1.002214 
397 	 0.013317 	 0.106211 	 0.995821 
398 	 0.006581 	 0.101095 	 1.001811 
399 	 0.006961 	 0.102927 	 1.001537 
400 	 0.007667 	 0.102388 	 1.001300 
%ACCRATE = 0.948960

%deltaTau = 0.076923

401 	 0.007906 	 0.068120 	 0.995827 
402 	 0.008021 	 0.077017 	 0.996845 
403 	 0.008322 	 0.074150 	 0.996095 
404 	 0.006075 	 0.072557 	 0.998186 
405 	 0.003837 	 0.075985 	 1.000817 
406 	 0.009242 	 0.069600 	 0.994640 
407 	 0.002382 	 0.069609 	 1.001540 
408 	 0.005027 	 0.075455 	 0.999695 
409 	 0.002301 	 0.077848 	 1.002553 
410 	 0.004334 	 0.075289 	 1.000341 
411 	 0.001117 	 0.073122 	 1.003304 
412 	 0.006680 	 0.071321 	 0.997403 
413 	 0.005542 	 0.069878 	 0.998374 
414 	 0.004409 	 0.071953 	 0.999847 
415 	 0.004499 	 0.069397 	 0.999497 
416 	 0.003392 	 0.069291 	 1.000601 
417 	 0.002834 	 0.072525 	 1.001329 
418 	 0.008530 	 0.075458 	 0.996090 
419 	 0.006835 	 0.073000 	 0.997566 
420 	 0.000228 	 0.074751 	 1.004345 
421 	 0.002552 	 0.073530 	 1.001859 
422 	 0.006651 	 0.072007 	 0.997628 
423 	 0.004714 	 0.069655 	 0.999215 
424 	 0.005818 	 0.075483 	 0.998651 
425 	 -0.000334 	 0.074534 	 1.004838 
426 	 0.003430 	 0.071414 	 1.000754 
427 	 0.007483 	 0.068367 	 0.996278 
428 	 0.005830 	 0.072638 	 0.998396 
429 	 0.002300 	 0.073924 	 1.002371 
430 	 0.006251 	 0.070926 	 0.997702 
431 	 0.001890 	 0.072008 	 1.002370 
432 	 0.003846 	 0.074232 	 1.000733 
433 	 0.003432 	 0.068429 	 1.000390 
434 	 0.006112 	 0.071966 	 0.998098 
435 	 0.005469 	 0.076861 	 0.999166 
436 	 0.004414 	 0.072602 	 0.999970 
437 	 0.000771 	 0.072140 	 1.003321 
438 	 0.005237 	 0.074564 	 0.999386 
439 	 0.003898 	 0.071240 	 1.000316 
440 	 0.003357 	 0.071659 	 1.000820 
441 	 0.003924 	 0.073689 	 1.000532 
442 	 0.008362 	 0.073906 	 0.995948 
443 	 0.004186 	 0.075781 	 1.000546 
444 	 0.006063 	 0.071499 	 0.998172 
445 	 0.007378 	 0.072306 	 0.996844 
446 	 0.006872 	 0.072753 	 0.997563 
447 	 0.007379 	 0.072069 	 0.996804 
448 	 0.003878 	 0.070430 	 1.000111 
449 	 0.002572 	 0.072994 	 1.001695 
450 	 0.003437 	 0.072714 	 1.000767 
451 	 0.003238 	 0.073230 	 1.001121 
452 	 0.004706 	 0.071812 	 0.999497 
453 	 0.006073 	 0.071256 	 0.998192 
454 	 0.007526 	 0.073605 	 0.996824 
455 	 0.004231 	 0.073603 	 1.000113 
456 	 0.003424 	 0.072387 	 1.000759 
457 	 0.004824 	 0.073809 	 0.999723 
458 	 0.002697 	 0.071463 	 1.001608 
459 	 0.002577 	 0.070522 	 1.001538 
460 	 0.003114 	 0.070777 	 1.001011 
461 	 0.006529 	 0.072553 	 0.997878 
462 	 0.005870 	 0.069775 	 0.998030 
463 	 0.003258 	 0.071076 	 1.000955 
464 	 0.007521 	 0.073332 	 0.996940 
465 	 0.003014 	 0.075128 	 1.001593 
466 	 0.006034 	 0.074633 	 0.998487 
467 	 0.006605 	 0.076325 	 0.998261 
468 	 0.004859 	 0.071740 	 0.999244 
469 	 0.003696 	 0.071991 	 1.000463 
470 	 0.002192 	 0.075099 	 1.002404 
471 	 0.000596 	 0.070213 	 1.003219 
472 	 0.006443 	 0.075387 	 0.998161 
473 	 0.003321 	 0.071027 	 1.001068 
474 	 0.007177 	 0.069526 	 0.996685 
475 	 0.004707 	 0.072553 	 0.999613 
476 	 0.000586 	 0.072296 	 1.003482 
477 	 0.002592 	 0.073784 	 1.001928 
478 	 0.007044 	 0.071097 	 0.997265 
479 	 0.007100 	 0.073007 	 0.997309 
480 	 0.001249 	 0.073722 	 1.003188 
481 	 0.007091 	 0.072901 	 0.997200 
482 	 0.005677 	 0.072593 	 0.998725 
483 	 0.005153 	 0.075809 	 0.999404 
484 	 0.005734 	 0.072418 	 0.998455 
485 	 0.006063 	 0.073433 	 0.998172 
486 	 0.003716 	 0.072494 	 1.000560 
487 	 0.003100 	 0.069791 	 1.000955 
488 	 0.002302 	 0.071725 	 1.002025 
489 	 0.001716 	 0.070094 	 1.002323 
490 	 0.002878 	 0.072314 	 1.001474 
491 	 0.001679 	 0.069367 	 1.002250 
492 	 0.002050 	 0.069961 	 1.002002 
493 	 0.001535 	 0.071692 	 1.002685 
494 	 0.005729 	 0.071996 	 0.998492 
495 	 0.007857 	 0.073923 	 0.996544 
496 	 0.002544 	 0.073950 	 1.001948 
497 	 0.003596 	 0.072270 	 1.000593 
498 	 0.004547 	 0.071102 	 0.999465 
499 	 0.001435 	 0.073679 	 1.002968 
500 	 0.003263 	 0.072009 	 1.001140 
%ACCRATE = 0.962880

%deltaTau = 0.066667

501 	 0.003010 	 0.053572 	 0.999333 
502 	 0.003049 	 0.053915 	 0.999271 
503 	 0.002386 	 0.053968 	 1.000020 
504 	 0.002590 	 0.055043 	 0.999883 
505 	 0.002910 	 0.052598 	 0.999371 
506 	 0.002833 	 0.053532 	 0.999522 
507 	 0.000106 	 0.055986 	 1.002422 
508 	 0.002105 	 0.051341 	 1.000050 
509 	 0.004120 	 0.053232 	 0.998188 
510 	 0.003806 	 0.055497 	 0.998743 
511 	 0.004776 	 0.050600 	 0.997403 
512 	 -0.001092 	 0.054888 	 1.003511 
513 	 0.002364 	 0.055525 	 1.000162 
514 	 0.001583 	 0.053743 	 1.000819 
515 	 0.000932 	 0.055743 	 1.001627 
516 	 0.002835 	 0.054005 	 0.999547 
517 	 0.002634 	 0.053216 	 0.999614 
518 	 -0.000097 	 0.051146 	 1.002252 
519 	 -0.001793 	 0.054820 	 1.004271 
520 	 0.000858 	 0.053080 	 1.001448 
521 	 0.001363 	 0.057241 	 1.001280 
522 	 0.004655 	 0.053797 	 0.997701 
523 	 0.003476 	 0.053053 	 0.998832 
524 	 0.002294 	 0.055920 	 1.000219 
525 	 0.000654 	 0.053097 	 1.001699 
526 	 0.003970 	 0.058500 	 0.998782 
527 	 0.001335 	 0.051858 	 1.000827 
528 	 0.002615 	 0.055487 	 0.999801 
529 	 0.002982 	 0.053662 	 0.999268 
530 	 0.002938 	 0.054045 	 0.999537 
531 	 0.002238 	 0.054879 	 1.000165 
532 	 0.004386 	 0.054178 	 0.998037 
533 	 0.003127 	 0.054469 	 0.999270 
534 	 0.000957 	 0.056024 	 1.001559 
535 	 0.002380 	 0.056715 	 1.000255 
536 	 0.000631 	 0.054374 	 1.001897 
537 	 0.002798 	 0.052125 	 0.999355 
538 	 0.001931 	 0.054397 	 1.000483 
539 	 0.000415 	 0.053083 	 1.001867 
540 	 0.004613 	 0.053222 	 0.997777 
541 	 0.002932 	 0.052401 	 0.999391 
542 	 0.002899 	 0.053153 	 0.999409 
543 	 0.003217 	 0.054121 	 0.999164 
544 	 0.002381 	 0.053549 	 0.999933 
545 	 0.002496 	 0.053761 	 0.999901 
546 	 0.002072 	 0.052827 	 1.000125 
547 	 0.000594 	 0.055695 	 1.001949 
548 	 0.003697 	 0.052767 	 0.998531 
549 	 0.000420 	 0.055287 	 1.002067 
550 	 0.000441 	 0.053072 	 1.001830 
551 	 0.002549 	 0.055994 	 0.999999 
552 	 0.003436 	 0.053666 	 0.998945 
553 	 0.002247 	 0.056532 	 1.000486 
554 	 0.001623 	 0.053039 	 1.000689 
555 	 0.003400 	 0.056248 	 0.999103 
556 	 0.005425 	 0.055781 	 0.997035 
557 	 0.002485 	 0.052889 	 0.999701 
558 	 0.004391 	 0.051133 	 0.997810 
559 	 -0.000153 	 0.053243 	 1.002499 
560 	 -0.001185 	 0.054319 	 1.003613 
561 	 0.001982 	 0.054187 	 1.000473 
562 	 0.004688 	 0.055521 	 0.997885 
563 	 0.002333 	 0.051922 	 0.999894 
564 	 0.004405 	 0.054395 	 0.998000 
565 	 0.000430 	 0.053169 	 1.001968 
566 	 0.002747 	 0.055671 	 0.999837 
567 	 0.003002 	 0.053672 	 0.999405 
568 	 -0.000456 	 0.055049 	 1.002891 
569 	 0.003786 	 0.054440 	 0.998571 
570 	 0.001582 	 0.056697 	 1.001086 
571 	 0.001675 	 0.053000 	 1.000721 
572 	 0.001599 	 0.051859 	 1.000604 
573 	 0.003177 	 0.058093 	 0.999595 
574 	 0.002439 	 0.053703 	 0.999931 
575 	 0.003264 	 0.053258 	 0.999012 
576 	 0.002459 	 0.054202 	 0.999952 
577 	 0.005009 	 0.054904 	 0.997533 
578 	 0.004229 	 0.055001 	 0.998236 
579 	 0.003169 	 0.055388 	 0.999319 
580 	 0.002256 	 0.052973 	 1.000034 
581 	 0.002141 	 0.053454 	 1.000181 
582 	 0.002142 	 0.054989 	 1.000305 
583 	 0.003391 	 0.054436 	 0.999080 
584 	 0.000902 	 0.054190 	 1.001480 
585 	 0.000891 	 0.055590 	 1.001610 
586 	 0.003276 	 0.052594 	 0.998968 
587 	 0.005660 	 0.054737 	 0.996802 
588 	 0.001579 	 0.056552 	 1.001118 
589 	 0.003912 	 0.053993 	 0.998471 
590 	 0.001063 	 0.053542 	 1.001316 
591 	 0.004050 	 0.053035 	 0.998266 
592 	 0.001823 	 0.055719 	 1.000605 
593 	 0.004573 	 0.049849 	 0.997465 
594 	 0.001596 	 0.054151 	 1.000753 
595 	 0.003302 	 0.056492 	 0.999301 
596 	 0.004082 	 0.051082 	 0.998002 
597 	 0.003791 	 0.055211 	 0.998795 
598 	 0.003696 	 0.055097 	 0.998744 
599 	 0.001563 	 0.057154 	 1.001061 
600 	 0.001832 	 0.053696 	 1.000517 
%ACCRATE = 0.972640

%deltaTau = 0.058824

601 	 0.001712 	 0.042806 	 0.999819 
602 	 0.000439 	 0.039332 	 1.000839 
603 	 0.003173 	 0.041540 	 0.998219 
604 	 0.002573 	 0.040296 	 0.998712 
605 	 0.000964 	 0.042125 	 1.000523 
606 	 0.001105 	 0.041033 	 1.000240 
607 	 0.000785 	 0.039479 	 1.000472 
608 	 0.000250 	 0.041042 	 1.001122 
609 	 0.001204 	 0.041464 	 1.000158 
610 	 0.001180 	 0.040845 	 1.000164 
611 	 0.001259 	 0.042098 	 1.000206 
612 	 -0.000622 	 0.043495 	 1.002158 
613 	 0.001941 	 0.042474 	 0.999606 
614 	 0.000452 	 0.041046 	 1.000938 
615 	 0.002916 	 0.040281 	 0.998447 
616 	 0.000596 	 0.043559 	 1.000935 
617 	 -0.000674 	 0.040468 	 1.002028 
618 	 0.000951 	 0.042068 	 1.000515 
619 	 0.002961 	 0.042398 	 0.998541 
620 	 0.001256 	 0.041195 	 1.000150 
621 	 0.004173 	 0.041224 	 0.997237 
622 	 0.002408 	 0.041647 	 0.999011 
623 	 0.000399 	 0.041040 	 1.000999 
624 	 0.003620 	 0.044540 	 0.998036 
625 	 0.002768 	 0.041667 	 0.998668 
626 	 0.002313 	 0.043419 	 0.999242 
627 	 0.000709 	 0.042147 	 1.000748 
628 	 0.001900 	 0.040259 	 0.999440 
629 	 0.001766 	 0.041616 	 0.999669 
630 	 0.003748 	 0.041024 	 0.997639 
631 	 0.001644 	 0.042502 	 0.999790 
632 	 0.002261 	 0.043041 	 0.999246 
633 	 -0.001153 	 0.040431 	 1.002526 
634 	 -0.000253 	 0.041869 	 1.001716 
635 	 0.000823 	 0.042327 	 1.000665 
636 	 0.000517 	 0.042362 	 1.000950 
637 	 -0.000260 	 0.042228 	 1.001752 
638 	 0.000870 	 0.042659 	 1.000623 
639 	 0.000704 	 0.041875 	 1.000716 
640 	 -0.000066 	 0.043605 	 1.001602 
641 	 0.000505 	 0.042579 	 1.000979 
642 	 0.003455 	 0.043755 	 0.998162 
643 	 0.001484 	 0.041355 	 0.999936 
644 	 0.000967 	 0.041600 	 1.000488 
645 	 0.002145 	 0.042680 	 0.999365 
646 	 0.001588 	 0.041715 	 0.999868 
647 	 -0.000574 	 0.041592 	 1.001949 
648 	 0.001817 	 0.041708 	 0.999605 
649 	 0.001129 	 0.041592 	 1.000253 
650 	 0.001641 	 0.042759 	 0.999866 
651 	 0.001032 	 0.041074 	 1.000327 
652 	 0.001822 	 0.041311 	 0.999534 
653 	 0.001750 	 0.044242 	 0.999859 
654 	 -0.000188 	 0.043439 	 1.001761 
655 	 0.001428 	 0.041651 	 1.000015 
656 	 -0.001376 	 0.040341 	 1.002694 
657 	 0.002799 	 0.041175 	 0.998640 
658 	 0.001452 	 0.040898 	 0.999955 
659 	 0.003692 	 0.043020 	 0.997806 
660 	 0.001668 	 0.043676 	 0.999890 
661 	 -0.000866 	 0.041636 	 1.002275 
662 	 0.002096 	 0.043191 	 0.999425 
663 	 0.002158 	 0.041875 	 0.999265 
664 	 0.003721 	 0.040990 	 0.997611 
665 	 0.000097 	 0.040466 	 1.001226 
666 	 0.000134 	 0.041704 	 1.001308 
667 	 0.001450 	 0.041885 	 0.999961 
668 	 0.001935 	 0.041699 	 0.999465 
669 	 0.000772 	 0.041731 	 1.000678 
670 	 0.002235 	 0.040242 	 0.999080 
671 	 0.001083 	 0.041717 	 1.000312 
672 	 0.001361 	 0.039935 	 1.000028 
673 	 0.002834 	 0.041380 	 0.998579 
674 	 0.002316 	 0.042904 	 0.999196 
675 	 0.003340 	 0.041790 	 0.998088 
676 	 0.001258 	 0.041075 	 1.000150 
677 	 0.002303 	 0.040635 	 0.999063 
678 	 0.000270 	 0.040874 	 1.001115 
679 	 -0.001950 	 0.042628 	 1.003454 
680 	 0.001393 	 0.044201 	 1.000145 
681 	 0.002858 	 0.041744 	 0.998545 
682 	 0.001504 	 0.042916 	 1.000047 
683 	 0.002475 	 0.041846 	 0.998960 
684 	 0.003075 	 0.041601 	 0.998340 
685 	 -0.000437 	 0.041374 	 1.001836 
686 	 0.002278 	 0.041338 	 0.999077 
687 	 0.002817 	 0.041836 	 0.998593 
688 	 0.000476 	 0.041936 	 1.000958 
689 	 0.001035 	 0.040580 	 1.000338 
690 	 0.000035 	 0.041988 	 1.001419 
691 	 0.003204 	 0.041048 	 0.998179 
692 	 -0.000134 	 0.041878 	 1.001612 
693 	 0.002391 	 0.041768 	 0.999048 
694 	 0.002849 	 0.041532 	 0.998528 
695 	 0.001556 	 0.041265 	 0.999863 
696 	 0.000003 	 0.041898 	 1.001446 
697 	 0.001522 	 0.042596 	 0.999935 
698 	 0.001020 	 0.039400 	 1.000256 
699 	 0.001235 	 0.041630 	 1.000166 
700 	 0.001851 	 0.042338 	 0.999590 
%ACCRATE = 0.978900

%deltaTau = 0.052632

701 	 0.000554 	 0.034275 	 1.000411 
702 	 0.000412 	 0.033997 	 1.000520 
703 	 0.000109 	 0.033155 	 1.000765 
704 	 0.000052 	 0.033171 	 1.000819 
705 	 0.001156 	 0.030818 	 0.999618 
706 	 0.000466 	 0.032987 	 1.000402 
707 	 0.000291 	 0.031948 	 1.000541 
708 	 0.002384 	 0.034440 	 0.998577 
709 	 0.002278 	 0.032392 	 0.998567 
710 	 0.000063 	 0.032117 	 1.000804 
711 	 0.000442 	 0.032047 	 1.000398 
712 	 -0.000020 	 0.033736 	 1.000949 
713 	 0.000237 	 0.033894 	 1.000688 
714 	 0.001224 	 0.032920 	 0.999702 
715 	 0.001307 	 0.032077 	 0.999518 
716 	 0.000782 	 0.032874 	 1.000130 
717 	 -0.000227 	 0.032699 	 1.001124 
718 	 0.000951 	 0.034583 	 1.000054 
719 	 0.000199 	 0.033761 	 1.000719 
720 	 0.000547 	 0.033169 	 1.000379 
721 	 0.001370 	 0.033409 	 0.999567 
722 	 -0.000949 	 0.033198 	 1.001845 
723 	 0.001011 	 0.034806 	 0.999932 
724 	 0.001061 	 0.033287 	 0.999849 
725 	 0.000929 	 0.032570 	 0.999945 
726 	 0.001184 	 0.032792 	 0.999695 
727 	 0.002241 	 0.033836 	 0.998665 
728 	 0.000540 	 0.033417 	 1.000373 
729 	 -0.000309 	 0.033516 	 1.001228 
730 	 0.001724 	 0.033768 	 0.999206 
731 	 -0.000700 	 0.033674 	 1.001625 
732 	 -0.000051 	 0.033939 	 1.000989 
733 	 0.000748 	 0.034142 	 1.000194 
734 	 0.000519 	 0.034152 	 1.000407 
735 	 0.002442 	 0.032995 	 0.998449 
736 	 0.002443 	 0.033843 	 0.998511 
737 	 0.001756 	 0.034621 	 0.999245 
738 	 0.000850 	 0.034391 	 1.000124 
739 	 0.001490 	 0.033256 	 0.999439 
740 	 0.000676 	 0.033362 	 1.000233 
741 	 0.001544 	 0.034590 	 0.999411 
742 	 0.001888 	 0.035952 	 0.999163 
743 	 0.002843 	 0.033120 	 0.998057 
744 	 0.001223 	 0.034572 	 0.999732 
745 	 -0.001113 	 0.032297 	 1.001988 
746 	 0.001587 	 0.031819 	 0.999250 
747 	 0.001193 	 0.034332 	 0.999748 
748 	 0.000752 	 0.032873 	 1.000152 
749 	 0.001532 	 0.034535 	 0.999439 
750 	 0.002052 	 0.032154 	 0.998834 
751 	 0.000981 	 0.032872 	 0.999902 
752 	 -0.000184 	 0.033849 	 1.001108 
753 	 0.000940 	 0.033345 	 0.999946 
754 	 0.001768 	 0.032884 	 0.999142 
755 	 0.000907 	 0.033745 	 1.000002 
756 	 0.000527 	 0.033043 	 1.000372 
757 	 0.002017 	 0.032605 	 0.998865 
758 	 0.000605 	 0.032627 	 1.000271 
759 	 0.001353 	 0.033608 	 0.999581 
760 	 0.001463 	 0.033243 	 0.999456 
761 	 0.000699 	 0.034726 	 1.000326 
762 	 0.001066 	 0.033014 	 0.999825 
763 	 0.001139 	 0.035324 	 0.999884 
764 	 0.001295 	 0.031987 	 0.999549 
765 	 0.001027 	 0.032293 	 0.999825 
766 	 -0.000335 	 0.035150 	 1.001324 
767 	 -0.000010 	 0.033611 	 1.000906 
768 	 0.001751 	 0.032381 	 0.999107 
769 	 0.001107 	 0.032922 	 0.999797 
770 	 -0.000071 	 0.033374 	 1.000953 
771 	 0.000706 	 0.033632 	 1.000226 
772 	 -0.000321 	 0.031894 	 1.001153 
773 	 0.001192 	 0.033049 	 0.999688 
774 	 0.001516 	 0.033581 	 0.999403 
775 	 0.001253 	 0.033402 	 0.999667 
776 	 0.001718 	 0.033082 	 0.999168 
777 	 -0.001181 	 0.033478 	 1.002127 
778 	 0.001038 	 0.033759 	 0.999894 
779 	 0.001168 	 0.033356 	 0.999720 
780 	 0.000528 	 0.032233 	 1.000332 
781 	 0.000723 	 0.033484 	 1.000194 
782 	 -0.001567 	 0.033395 	 1.002495 
783 	 -0.000690 	 0.034130 	 1.001640 
784 	 0.000798 	 0.033224 	 1.000132 
785 	 0.003333 	 0.033531 	 0.997545 
786 	 0.001885 	 0.031057 	 0.998906 
787 	 0.003144 	 0.033217 	 0.997767 
788 	 0.002875 	 0.033676 	 0.998077 
789 	 0.000603 	 0.032395 	 1.000267 
790 	 -0.000692 	 0.033637 	 1.001576 
791 	 -0.000705 	 0.035045 	 1.001735 
792 	 -0.001965 	 0.033138 	 1.002869 
793 	 0.000864 	 0.031400 	 0.999945 
794 	 0.000664 	 0.033682 	 1.000261 
795 	 0.000709 	 0.034424 	 1.000272 
796 	 0.000757 	 0.034324 	 1.000184 
797 	 -0.000103 	 0.031681 	 1.000925 
798 	 0.001670 	 0.035230 	 0.999316 
799 	 0.003072 	 0.033573 	 0.997875 
800 	 0.001316 	 0.032223 	 0.999550 
%ACCRATE = 0.983110

%deltaTau = 0.047619

801 	 0.000226 	 0.027430 	 1.000398 
802 	 0.001010 	 0.027515 	 0.999610 
803 	 0.000972 	 0.027219 	 0.999639 
804 	 -0.000064 	 0.027473 	 1.000670 
805 	 0.000713 	 0.027016 	 0.999899 
806 	 0.000140 	 0.028635 	 1.000522 
807 	 -0.000102 	 0.026473 	 1.000684 
808 	 0.000841 	 0.026879 	 0.999745 
809 	 0.000876 	 0.026830 	 0.999741 
810 	 0.000760 	 0.026696 	 0.999817 
811 	 0.000096 	 0.026971 	 1.000495 
812 	 -0.001335 	 0.027914 	 1.001958 
813 	 0.000329 	 0.027779 	 1.000319 
814 	 -0.000151 	 0.028756 	 1.000839 
815 	 -0.000382 	 0.028868 	 1.001042 
816 	 0.000159 	 0.027394 	 1.000470 
817 	 0.000349 	 0.028687 	 1.000320 
818 	 0.001323 	 0.026896 	 0.999264 
819 	 0.000916 	 0.026895 	 0.999670 
820 	 0.000041 	 0.028834 	 1.000640 
821 	 0.000109 	 0.026336 	 1.000450 
822 	 -0.000183 	 0.027263 	 1.000792 
823 	 0.000979 	 0.027051 	 0.999630 
824 	 0.000453 	 0.025973 	 1.000097 
825 	 0.000379 	 0.028004 	 1.000253 
826 	 0.000948 	 0.028156 	 0.999691 
827 	 -0.000713 	 0.027068 	 1.001309 
828 	 0.001036 	 0.027248 	 0.999587 
829 	 0.000340 	 0.028004 	 1.000307 
830 	 0.000795 	 0.026549 	 0.999786 
831 	 0.000943 	 0.027728 	 0.999670 
832 	 0.001391 	 0.027951 	 0.999251 
833 	 0.001892 	 0.027558 	 0.998723 
834 	 0.000989 	 0.028134 	 0.999668 
835 	 0.001516 	 0.027232 	 0.999093 
836 	 -0.000958 	 0.027601 	 1.001574 
837 	 0.000026 	 0.028140 	 1.000629 
838 	 -0.000063 	 0.027246 	 1.000666 
839 	 -0.000469 	 0.028045 	 1.001109 
840 	 0.000687 	 0.027200 	 0.999909 
841 	 -0.000179 	 0.027114 	 1.000799 
842 	 0.001401 	 0.026783 	 0.999200 
843 	 0.000570 	 0.028384 	 1.000085 
844 	 0.002244 	 0.027579 	 0.998390 
845 	 -0.000706 	 0.027360 	 1.001322 
846 	 0.000782 	 0.027639 	 0.999844 
847 	 0.000433 	 0.026854 	 1.000163 
848 	 0.001689 	 0.027499 	 0.998922 
849 	 0.000105 	 0.027735 	 1.000533 
850 	 0.000861 	 0.026520 	 0.999713 
851 	 0.000035 	 0.026677 	 1.000533 
852 	 0.001803 	 0.027904 	 0.998826 
853 	 0.001390 	 0.027986 	 0.999260 
854 	 0.001158 	 0.026886 	 0.999434 
855 	 0.001167 	 0.027471 	 0.999470 
856 	 0.000270 	 0.027531 	 1.000351 
857 	 0.000176 	 0.027649 	 1.000446 
858 	 0.001067 	 0.026410 	 0.999497 
859 	 0.000884 	 0.027612 	 0.999720 
860 	 -0.000335 	 0.027072 	 1.000934 
861 	 -0.000031 	 0.026009 	 1.000578 
862 	 0.001706 	 0.027684 	 0.998916 
863 	 0.001196 	 0.027926 	 0.999434 
864 	 -0.000055 	 0.027619 	 1.000694 
865 	 0.000710 	 0.027299 	 0.999901 
866 	 0.000953 	 0.026222 	 0.999615 
867 	 0.001124 	 0.027119 	 0.999474 
868 	 -0.000786 	 0.027486 	 1.001401 
869 	 -0.000082 	 0.027845 	 1.000736 
870 	 0.000310 	 0.028484 	 1.000371 
871 	 0.000081 	 0.029071 	 1.000593 
872 	 -0.001294 	 0.028161 	 1.001941 
873 	 0.000535 	 0.027419 	 1.000074 
874 	 0.000833 	 0.028254 	 0.999811 
875 	 0.001468 	 0.026821 	 0.999125 
876 	 0.001428 	 0.027623 	 0.999216 
877 	 0.001823 	 0.027162 	 0.998779 
878 	 0.000009 	 0.025873 	 1.000542 
879 	 -0.000185 	 0.025914 	 1.000753 
880 	 0.000897 	 0.028493 	 0.999755 
881 	 0.000557 	 0.026345 	 1.000008 
882 	 0.000295 	 0.027086 	 1.000323 
883 	 0.000740 	 0.027425 	 0.999861 
884 	 0.001280 	 0.029257 	 0.999415 
885 	 -0.000210 	 0.026709 	 1.000788 
886 	 0.000200 	 0.026724 	 1.000376 
887 	 0.000308 	 0.027290 	 1.000279 
888 	 0.000139 	 0.028056 	 1.000494 
889 	 0.000291 	 0.027883 	 1.000333 
890 	 0.000364 	 0.027479 	 1.000251 
891 	 -0.000085 	 0.027076 	 1.000687 
892 	 -0.000528 	 0.029197 	 1.001208 
893 	 0.000987 	 0.026978 	 0.999622 
894 	 0.000854 	 0.026993 	 0.999771 
895 	 0.000896 	 0.028087 	 0.999745 
896 	 0.000619 	 0.026570 	 0.999959 
897 	 -0.000630 	 0.027684 	 1.001274 
898 	 -0.000820 	 0.027139 	 1.001431 
899 	 0.001500 	 0.027954 	 0.999138 
900 	 0.000327 	 0.028086 	 1.000326 
%ACCRATE = 0.986320

%deltaTau = 0.043478

901 	 0.000577 	 0.021981 	 0.999818 
902 	 0.000368 	 0.022497 	 1.000049 
903 	 0.000240 	 0.021883 	 1.000166 
904 	 0.000845 	 0.023321 	 0.999588 
905 	 0.000625 	 0.022348 	 0.999795 
906 	 -0.000224 	 0.022725 	 1.000643 
907 	 0.001953 	 0.023175 	 0.998507 
908 	 0.000133 	 0.022538 	 1.000260 
909 	 0.000445 	 0.022488 	 0.999965 
910 	 0.001320 	 0.022451 	 0.999093 
911 	 0.001434 	 0.022353 	 0.998977 
912 	 -0.000295 	 0.021535 	 1.000673 
913 	 0.001284 	 0.022322 	 0.999147 
914 	 0.000839 	 0.023162 	 0.999608 
915 	 0.001485 	 0.022279 	 0.998918 
916 	 -0.000211 	 0.022854 	 1.000644 
917 	 0.000576 	 0.021479 	 0.999805 
918 	 0.000012 	 0.021945 	 1.000392 
919 	 -0.000963 	 0.022061 	 1.001375 
920 	 0.000390 	 0.021892 	 1.000003 
921 	 0.000226 	 0.022815 	 1.000212 
922 	 -0.000491 	 0.023928 	 1.000978 
923 	 0.000211 	 0.023443 	 1.000249 
924 	 0.000342 	 0.022480 	 1.000073 
925 	 0.001738 	 0.024268 	 0.998738 
926 	 0.000682 	 0.021967 	 0.999700 
927 	 0.000178 	 0.021641 	 1.000207 
928 	 0.000867 	 0.022056 	 0.999534 
929 	 0.001485 	 0.022823 	 0.998931 
930 	 0.001317 	 0.022671 	 0.999100 
931 	 0.000668 	 0.024764 	 0.999829 
932 	 -0.000524 	 0.022303 	 1.000914 
933 	 0.000637 	 0.023508 	 0.999820 
934 	 0.000413 	 0.021499 	 0.999960 
935 	 0.001283 	 0.022497 	 0.999137 
936 	 -0.000456 	 0.021731 	 1.000842 
937 	 0.000458 	 0.022328 	 0.999961 
938 	 0.001355 	 0.023797 	 0.999089 
939 	 0.000168 	 0.022909 	 1.000260 
940 	 0.000622 	 0.022819 	 0.999811 
941 	 0.001060 	 0.023162 	 0.999377 
942 	 0.000168 	 0.023526 	 1.000289 
943 	 0.000406 	 0.023297 	 1.000024 
944 	 0.000463 	 0.022861 	 0.999957 
945 	 0.000655 	 0.023445 	 0.999804 
946 	 -0.000001 	 0.022065 	 1.000405 
947 	 0.000247 	 0.022795 	 1.000182 
948 	 0.000497 	 0.023625 	 0.999953 
949 	 0.000475 	 0.024072 	 0.999988 
950 	 0.000500 	 0.023319 	 0.999942 
951 	 0.000907 	 0.022993 	 0.999521 
952 	 0.001199 	 0.022078 	 0.999196 
953 	 0.000646 	 0.022691 	 0.999778 
954 	 0.000960 	 0.023524 	 0.999494 
955 	 -0.001106 	 0.022357 	 1.001523 
956 	 0.001087 	 0.024035 	 0.999382 
957 	 0.000493 	 0.021545 	 0.999886 
958 	 0.000620 	 0.022727 	 0.999798 
959 	 0.000177 	 0.022060 	 1.000211 
960 	 0.001449 	 0.022263 	 0.998965 
961 	 -0.000230 	 0.023398 	 1.000669 
962 	 0.000978 	 0.022457 	 0.999433 
963 	 0.001325 	 0.022994 	 0.999107 
964 	 -0.001037 	 0.022623 	 1.001471 
965 	 -0.000298 	 0.023693 	 1.000770 
966 	 0.000662 	 0.022911 	 0.999768 
967 	 -0.000039 	 0.022494 	 1.000448 
968 	 0.000657 	 0.023785 	 0.999806 
969 	 0.000748 	 0.023209 	 0.999676 
970 	 0.001249 	 0.022834 	 0.999189 
971 	 0.000835 	 0.023471 	 0.999610 
972 	 -0.000472 	 0.022837 	 1.000897 
973 	 0.000362 	 0.023397 	 1.000081 
974 	 0.000112 	 0.023013 	 1.000316 
975 	 0.000101 	 0.023017 	 1.000343 
976 	 0.001749 	 0.021226 	 0.998618 
977 	 -0.000823 	 0.023099 	 1.001259 
978 	 -0.000527 	 0.022216 	 1.000947 
979 	 0.000765 	 0.022999 	 0.999652 
980 	 0.000644 	 0.022094 	 0.999759 
981 	 -0.000651 	 0.023134 	 1.001094 
982 	 0.000031 	 0.023684 	 1.000439 
983 	 0.000501 	 0.023384 	 0.999939 
984 	 0.000940 	 0.023321 	 0.999514 
985 	 0.001002 	 0.022307 	 0.999409 
986 	 0.001352 	 0.022591 	 0.999078 
987 	 0.000231 	 0.022796 	 1.000194 
988 	 0.001103 	 0.022226 	 0.999295 
989 	 0.000988 	 0.022744 	 0.999434 
990 	 -0.000092 	 0.022973 	 1.000521 
991 	 0.000054 	 0.022886 	 1.000397 
992 	 0.000037 	 0.022747 	 1.000384 
993 	 0.000476 	 0.023098 	 0.999957 
994 	 -0.000176 	 0.023395 	 1.000630 
995 	 0.001201 	 0.023185 	 0.999256 
996 	 -0.000326 	 0.021793 	 1.000708 
997 	 0.000678 	 0.022247 	 0.999734 
998 	 0.001699 	 0.023470 	 0.998735 
999 	 -0.000364 	 0.023148 	 1.000802 
1000 	 -0.000164 	 0.022811 	 1.000600 
%ACCRATE = 0.988220

