% N = 100
% eps = 0.200000
1 	 0.396066 	 0.727426 	 0.947073 
2 	 0.326123 	 0.689111 	 1.007576 
3 	 0.352415 	 0.681897 	 0.952389 
4 	 0.321091 	 0.653556 	 0.972069 
5 	 0.299656 	 0.679420 	 1.030508 
6 	 0.328207 	 0.671474 	 0.983746 
7 	 0.343775 	 0.713842 	 0.992196 
8 	 0.348731 	 0.691151 	 0.969313 
9 	 0.343183 	 0.681971 	 0.965980 
10 	 0.286461 	 0.663335 	 1.027441 
11 	 0.329380 	 0.676816 	 0.999358 
12 	 0.349270 	 0.689645 	 0.961090 
13 	 0.324791 	 0.686374 	 0.997961 
14 	 0.342670 	 0.713736 	 0.998179 
15 	 0.353179 	 0.724337 	 1.012455 
16 	 0.333033 	 0.713184 	 1.032634 
17 	 0.333352 	 0.712537 	 1.021264 
18 	 0.344199 	 0.711579 	 1.001529 
19 	 0.349593 	 0.697508 	 0.983950 
20 	 0.347087 	 0.696729 	 0.971321 
21 	 0.302793 	 0.703651 	 1.043878 
22 	 0.299614 	 0.688376 	 1.069759 
23 	 0.298684 	 0.671974 	 1.028846 
24 	 0.305471 	 0.680404 	 1.019822 
25 	 0.359717 	 0.743258 	 1.019625 
26 	 0.309791 	 0.663948 	 0.989885 
27 	 0.378143 	 0.721087 	 0.960945 
28 	 0.343785 	 0.686105 	 0.973797 
29 	 0.304696 	 0.666020 	 1.019597 
30 	 0.335773 	 0.664446 	 0.966950 
31 	 0.370148 	 0.707804 	 0.995856 
32 	 0.311397 	 0.694516 	 1.023271 
33 	 0.307683 	 0.694714 	 1.019772 
34 	 0.318875 	 0.684542 	 1.013353 
35 	 0.306097 	 0.679054 	 1.024245 
36 	 0.377447 	 0.722629 	 0.986671 
37 	 0.346485 	 0.713802 	 0.993488 
38 	 0.329220 	 0.710317 	 1.015833 
39 	 0.333790 	 0.691422 	 1.000531 
40 	 0.356979 	 0.699918 	 0.981417 
41 	 0.306977 	 0.676003 	 1.005876 
42 	 0.340365 	 0.699170 	 0.994970 
43 	 0.314045 	 0.709539 	 1.013827 
44 	 0.286742 	 0.680767 	 1.041529 
45 	 0.307225 	 0.674287 	 1.013368 
46 	 0.317891 	 0.697385 	 1.047621 
47 	 0.355508 	 0.693021 	 0.961383 
48 	 0.320632 	 0.722261 	 1.042496 
49 	 0.352714 	 0.694875 	 0.972423 
50 	 0.379079 	 0.691719 	 0.952321 
51 	 0.335222 	 0.684188 	 0.983502 
52 	 0.332810 	 0.683988 	 0.996639 
53 	 0.348811 	 0.702933 	 1.004693 
54 	 0.363497 	 0.706333 	 0.967207 
55 	 0.315956 	 0.682851 	 1.017027 
56 	 0.396228 	 0.732817 	 0.949500 
57 	 0.378984 	 0.713160 	 0.950349 
58 	 0.356755 	 0.708958 	 0.964187 
59 	 0.297028 	 0.693207 	 1.063474 
60 	 0.337481 	 0.703856 	 1.003903 
61 	 0.356394 	 0.706894 	 0.981463 
62 	 0.333538 	 0.720568 	 1.009794 
63 	 0.334666 	 0.681486 	 0.993767 
64 	 0.352407 	 0.709610 	 0.988103 
65 	 0.359530 	 0.720757 	 0.988837 
66 	 0.325247 	 0.718099 	 1.031280 
67 	 0.356538 	 0.729677 	 1.001099 
68 	 0.311696 	 0.703133 	 1.064257 
69 	 0.310925 	 0.659429 	 0.990074 
70 	 0.411250 	 0.716344 	 0.915843 
71 	 0.312978 	 0.680562 	 1.000050 
72 	 0.352532 	 0.710190 	 0.970830 
73 	 0.349547 	 0.704150 	 0.985750 
74 	 0.304471 	 0.689560 	 1.024739 
75 	 0.360779 	 0.713593 	 0.972945 
76 	 0.326671 	 0.686035 	 0.991734 
77 	 0.366028 	 0.719117 	 0.999255 
78 	 0.340245 	 0.695437 	 1.001420 
79 	 0.344210 	 0.696027 	 0.972630 
80 	 0.305966 	 0.698931 	 1.045181 
81 	 0.347316 	 0.702276 	 0.991457 
82 	 0.339578 	 0.690520 	 1.000232 
83 	 0.358520 	 0.708476 	 0.982781 
84 	 0.350582 	 0.709319 	 0.988035 
85 	 0.366203 	 0.723293 	 1.006206 
86 	 0.296083 	 0.665749 	 1.024486 
87 	 0.324627 	 0.677734 	 0.992266 
88 	 0.362151 	 0.754972 	 1.033418 
89 	 0.400504 	 0.728746 	 0.937112 
90 	 0.300192 	 0.679523 	 1.035853 
91 	 0.348383 	 0.697548 	 0.965484 
92 	 0.337425 	 0.710980 	 1.001684 
93 	 0.314022 	 0.697057 	 1.015594 
94 	 0.315786 	 0.689435 	 1.017920 
95 	 0.341372 	 0.690724 	 0.974749 
96 	 0.332627 	 0.718026 	 1.011313 
97 	 0.292136 	 0.695662 	 1.068835 
98 	 0.338533 	 0.700985 	 0.993065 
99 	 0.371358 	 0.715642 	 0.963213 
100 	 0.348788 	 0.706517 	 0.998716 
% eps = 0.142857
101 	 0.076610 	 0.309087 	 0.999234 
102 	 0.074274 	 0.308014 	 1.002174 
103 	 0.085388 	 0.326646 	 1.000732 
104 	 0.071829 	 0.321558 	 1.010732 
105 	 0.086085 	 0.308837 	 0.987598 
106 	 0.081676 	 0.313643 	 0.993347 
107 	 0.083584 	 0.316414 	 0.991823 
108 	 0.066640 	 0.303785 	 1.003691 
109 	 0.090870 	 0.322139 	 0.986405 
110 	 0.068964 	 0.334134 	 1.017351 
111 	 0.074988 	 0.301898 	 0.995234 
112 	 0.081045 	 0.317110 	 0.994846 
113 	 0.065182 	 0.305136 	 1.010998 
114 	 0.087612 	 0.310053 	 0.984281 
115 	 0.080690 	 0.308322 	 0.989806 
116 	 0.063828 	 0.302779 	 1.007955 
117 	 0.070248 	 0.297353 	 0.998904 
118 	 0.073084 	 0.321830 	 1.009195 
119 	 0.084390 	 0.313114 	 0.990860 
120 	 0.086528 	 0.314483 	 0.990783 
121 	 0.074570 	 0.292545 	 0.993737 
122 	 0.059102 	 0.302176 	 1.013230 
123 	 0.070982 	 0.305152 	 1.000829 
124 	 0.077437 	 0.299395 	 0.993520 
125 	 0.076772 	 0.307696 	 0.997508 
126 	 0.088523 	 0.312636 	 0.987001 
127 	 0.078228 	 0.319637 	 0.998908 
128 	 0.087726 	 0.303792 	 0.984635 
129 	 0.075885 	 0.302819 	 0.996558 
130 	 0.083219 	 0.309188 	 0.991226 
131 	 0.077991 	 0.314446 	 1.001651 
132 	 0.076149 	 0.295543 	 0.992649 
133 	 0.063406 	 0.307888 	 1.010417 
134 	 0.092791 	 0.304760 	 0.979150 
135 	 0.086340 	 0.323121 	 0.996741 
136 	 0.092760 	 0.307401 	 0.979782 
137 	 0.075710 	 0.312455 	 0.997896 
138 	 0.075094 	 0.312939 	 0.998600 
139 	 0.068657 	 0.290409 	 0.998361 
140 	 0.081480 	 0.323256 	 0.996463 
141 	 0.071246 	 0.297445 	 0.998715 
142 	 0.081176 	 0.314284 	 0.996385 
143 	 0.082822 	 0.315148 	 0.995189 
144 	 0.089806 	 0.317385 	 0.986575 
145 	 0.072994 	 0.298324 	 0.992863 
146 	 0.077154 	 0.306309 	 0.998189 
147 	 0.079782 	 0.318079 	 0.998693 
148 	 0.056003 	 0.291203 	 1.013024 
149 	 0.078907 	 0.304619 	 0.993952 
150 	 0.080363 	 0.298467 	 0.988194 
151 	 0.069503 	 0.306348 	 1.007580 
152 	 0.076118 	 0.312100 	 1.000337 
153 	 0.064551 	 0.307034 	 1.008110 
154 	 0.073985 	 0.316575 	 1.002547 
155 	 0.065396 	 0.298376 	 1.006118 
156 	 0.078631 	 0.312863 	 0.997411 
157 	 0.054627 	 0.308585 	 1.019220 
158 	 0.074899 	 0.307335 	 0.995612 
159 	 0.075150 	 0.318836 	 1.004211 
160 	 0.058043 	 0.299341 	 1.015595 
161 	 0.096462 	 0.322132 	 0.980437 
162 	 0.092868 	 0.321520 	 0.985951 
163 	 0.068539 	 0.291084 	 0.996557 
164 	 0.080286 	 0.316220 	 0.996906 
165 	 0.090350 	 0.313801 	 0.986689 
166 	 0.086807 	 0.314439 	 0.989998 
167 	 0.079895 	 0.319068 	 0.997916 
168 	 0.071534 	 0.305394 	 1.002007 
169 	 0.086916 	 0.319707 	 0.989971 
170 	 0.091707 	 0.314450 	 0.986275 
171 	 0.090934 	 0.321631 	 0.987871 
172 	 0.074586 	 0.306274 	 0.999435 
173 	 0.063580 	 0.307615 	 1.011421 
174 	 0.077266 	 0.322229 	 1.002304 
175 	 0.081511 	 0.310001 	 0.991543 
176 	 0.072852 	 0.291445 	 0.994194 
177 	 0.081246 	 0.320980 	 1.000068 
178 	 0.076587 	 0.318377 	 0.999039 
179 	 0.063867 	 0.310583 	 1.010433 
180 	 0.064865 	 0.302575 	 1.010471 
181 	 0.077103 	 0.314970 	 1.001570 
182 	 0.064754 	 0.305163 	 1.010930 
183 	 0.085524 	 0.301681 	 0.985749 
184 	 0.080178 	 0.306668 	 0.994921 
185 	 0.071111 	 0.300623 	 0.997514 
186 	 0.067127 	 0.326466 	 1.014741 
187 	 0.065996 	 0.319684 	 1.014785 
188 	 0.084098 	 0.320108 	 0.992260 
189 	 0.073994 	 0.304571 	 0.998180 
190 	 0.082628 	 0.323281 	 0.998419 
191 	 0.056344 	 0.305614 	 1.017031 
192 	 0.095811 	 0.325668 	 0.984688 
193 	 0.061286 	 0.311507 	 1.017326 
194 	 0.070744 	 0.303932 	 1.001874 
195 	 0.075885 	 0.307129 	 0.999350 
196 	 0.077197 	 0.298513 	 0.992804 
197 	 0.081799 	 0.320259 	 0.999427 
198 	 0.076651 	 0.305296 	 0.996733 
199 	 0.097458 	 0.311796 	 0.973270 
200 	 0.105154 	 0.318805 	 0.972244 
% eps = 0.111111
201 	 0.030230 	 0.182494 	 0.995835 
202 	 0.032739 	 0.180243 	 0.992992 
203 	 0.019692 	 0.174507 	 1.005657 
204 	 0.017770 	 0.183668 	 1.008576 
205 	 0.036396 	 0.181695 	 0.989444 
206 	 0.018020 	 0.176420 	 1.007314 
207 	 0.028589 	 0.180115 	 0.997393 
208 	 0.030136 	 0.190371 	 0.997598 
209 	 0.034900 	 0.179301 	 0.990945 
210 	 0.026814 	 0.181449 	 0.999821 
211 	 0.025282 	 0.187543 	 1.003081 
212 	 0.024032 	 0.189163 	 1.004133 
213 	 0.028161 	 0.176060 	 0.996406 
214 	 0.023043 	 0.175625 	 1.001376 
215 	 0.024795 	 0.182715 	 1.002947 
216 	 0.028233 	 0.172738 	 0.995964 
217 	 0.024328 	 0.178292 	 1.001386 
218 	 0.029836 	 0.185294 	 0.996757 
219 	 0.030898 	 0.187967 	 0.996562 
220 	 0.019585 	 0.187216 	 1.008069 
221 	 0.035600 	 0.185032 	 0.991185 
222 	 0.024574 	 0.180607 	 1.002069 
223 	 0.013825 	 0.184688 	 1.013136 
224 	 0.024063 	 0.182442 	 1.002519 
225 	 0.032953 	 0.189063 	 0.994975 
226 	 0.028707 	 0.183309 	 0.997434 
227 	 0.023677 	 0.184497 	 1.004024 
228 	 0.029554 	 0.183600 	 0.996787 
229 	 0.025807 	 0.180570 	 1.000153 
230 	 0.027692 	 0.185646 	 0.999879 
231 	 0.025116 	 0.177900 	 1.000735 
232 	 0.027503 	 0.176681 	 0.997707 
233 	 0.016795 	 0.175885 	 1.007719 
234 	 0.020241 	 0.186706 	 1.007643 
235 	 0.033154 	 0.188805 	 0.996333 
236 	 0.016617 	 0.186153 	 1.010417 
237 	 0.024672 	 0.179985 	 1.000677 
238 	 0.032822 	 0.186171 	 0.994224 
239 	 0.019817 	 0.183652 	 1.007431 
240 	 0.034061 	 0.179904 	 0.990855 
241 	 0.015372 	 0.178366 	 1.010128 
242 	 0.027220 	 0.174347 	 0.997118 
243 	 0.024404 	 0.178039 	 1.001460 
244 	 0.026989 	 0.181991 	 0.999012 
245 	 0.028804 	 0.186347 	 0.998474 
246 	 0.025010 	 0.175082 	 1.000363 
247 	 0.026130 	 0.181693 	 1.000400 
248 	 0.026913 	 0.178322 	 0.998793 
249 	 0.029151 	 0.181462 	 0.997468 
250 	 0.028167 	 0.178095 	 0.997346 
251 	 0.029026 	 0.182138 	 0.997406 
252 	 0.031692 	 0.177136 	 0.993992 
253 	 0.024119 	 0.183467 	 1.002456 
254 	 0.020746 	 0.171994 	 1.003700 
255 	 0.029339 	 0.180429 	 0.997182 
256 	 0.029516 	 0.188258 	 0.997951 
257 	 0.024275 	 0.188136 	 1.004930 
258 	 0.021817 	 0.181964 	 1.004701 
259 	 0.024250 	 0.180376 	 1.002303 
260 	 0.021248 	 0.179963 	 1.005415 
261 	 0.016598 	 0.175652 	 1.008072 
262 	 0.022350 	 0.174290 	 1.001626 
263 	 0.031282 	 0.184868 	 0.995765 
264 	 0.024765 	 0.180878 	 1.000301 
265 	 0.025626 	 0.175291 	 1.000409 
266 	 0.022880 	 0.182568 	 1.004184 
267 	 0.025296 	 0.170918 	 0.999170 
268 	 0.027793 	 0.187076 	 0.999166 
269 	 0.031649 	 0.187603 	 0.997015 
270 	 0.023807 	 0.181741 	 1.002645 
271 	 0.015948 	 0.181648 	 1.011410 
272 	 0.031757 	 0.179570 	 0.993784 
273 	 0.031221 	 0.186843 	 0.997037 
274 	 0.031944 	 0.178582 	 0.993020 
275 	 0.027667 	 0.184421 	 0.999662 
276 	 0.021990 	 0.178809 	 1.004351 
277 	 0.019310 	 0.166866 	 1.003443 
278 	 0.015401 	 0.185637 	 1.012307 
279 	 0.036480 	 0.178967 	 0.988556 
280 	 0.019161 	 0.181772 	 1.006828 
281 	 0.028447 	 0.173643 	 0.995023 
282 	 0.026874 	 0.183775 	 1.000023 
283 	 0.030372 	 0.186935 	 0.996702 
284 	 0.022648 	 0.178239 	 1.003562 
285 	 0.013200 	 0.174653 	 1.010717 
286 	 0.025886 	 0.183291 	 1.001034 
287 	 0.023870 	 0.185832 	 1.003977 
288 	 0.019827 	 0.180316 	 1.006447 
289 	 0.026426 	 0.173536 	 0.998088 
290 	 0.022541 	 0.187533 	 1.005513 
291 	 0.018634 	 0.180459 	 1.007467 
292 	 0.027455 	 0.179495 	 0.997813 
293 	 0.030703 	 0.182166 	 0.995613 
294 	 0.032582 	 0.176118 	 0.992553 
295 	 0.023751 	 0.185842 	 1.003503 
296 	 0.036052 	 0.191096 	 0.994023 
297 	 0.023315 	 0.173257 	 1.001207 
298 	 0.024096 	 0.167922 	 0.998778 
299 	 0.019349 	 0.175537 	 1.004968 
300 	 0.024871 	 0.188686 	 1.003775 
% eps = 0.090909
301 	 0.010837 	 0.120346 	 1.001284 
302 	 0.015054 	 0.125522 	 0.997722 
303 	 0.014326 	 0.121768 	 0.997988 
304 	 0.015315 	 0.122553 	 0.996681 
305 	 0.008916 	 0.120606 	 1.002695 
306 	 0.015691 	 0.123133 	 0.996141 
307 	 0.007997 	 0.123168 	 1.004920 
308 	 0.013864 	 0.121578 	 0.997888 
309 	 0.013651 	 0.120320 	 0.998133 
310 	 0.010577 	 0.120660 	 1.000935 
311 	 0.008353 	 0.122948 	 1.004042 
312 	 0.011782 	 0.115051 	 0.999490 
313 	 0.015209 	 0.117110 	 0.996334 
314 	 0.012221 	 0.113286 	 0.998016 
315 	 0.016459 	 0.121902 	 0.995350 
316 	 0.009311 	 0.118617 	 1.002139 
317 	 0.011361 	 0.114698 	 0.999149 
318 	 0.010335 	 0.117493 	 1.000958 
319 	 0.007083 	 0.115262 	 1.004261 
320 	 0.016072 	 0.122245 	 0.995673 
321 	 0.012172 	 0.119619 	 0.999174 
322 	 0.011139 	 0.117417 	 1.000296 
323 	 0.010758 	 0.115396 	 0.999922 
324 	 0.017427 	 0.126345 	 0.995564 
325 	 0.018335 	 0.119255 	 0.993321 
326 	 0.008561 	 0.121599 	 1.002960 
327 	 0.002993 	 0.115510 	 1.008023 
328 	 0.011927 	 0.120139 	 0.999411 
329 	 0.011030 	 0.122799 	 1.001065 
330 	 0.013191 	 0.120467 	 0.998771 
331 	 0.009592 	 0.107346 	 0.999914 
332 	 0.005999 	 0.122420 	 1.006152 
333 	 0.010629 	 0.114774 	 0.999956 
334 	 0.016998 	 0.121292 	 0.994948 
335 	 0.011790 	 0.118530 	 0.999657 
336 	 0.012066 	 0.118880 	 0.999335 
337 	 0.020726 	 0.126861 	 0.991781 
338 	 0.013890 	 0.113988 	 0.996393 
339 	 0.008980 	 0.114720 	 1.001485 
340 	 0.012859 	 0.119471 	 0.998586 
341 	 0.014301 	 0.114645 	 0.996246 
342 	 0.006625 	 0.121101 	 1.005249 
343 	 0.010468 	 0.121279 	 1.001210 
344 	 0.007968 	 0.118678 	 1.003155 
345 	 0.008703 	 0.121478 	 1.002988 
346 	 0.014469 	 0.118019 	 0.996720 
347 	 0.015314 	 0.115972 	 0.996204 
348 	 0.018026 	 0.120604 	 0.993575 
349 	 0.013215 	 0.118446 	 0.998077 
350 	 0.014990 	 0.115540 	 0.995763 
351 	 0.011350 	 0.119151 	 1.000395 
352 	 0.013614 	 0.116605 	 0.997485 
353 	 0.011521 	 0.119742 	 1.000457 
354 	 0.011468 	 0.122083 	 1.000490 
355 	 0.017701 	 0.121384 	 0.993718 
356 	 0.012017 	 0.119700 	 0.999229 
357 	 0.018111 	 0.119098 	 0.993394 
358 	 0.008575 	 0.119093 	 1.002851 
359 	 0.013803 	 0.124347 	 0.998067 
360 	 0.011513 	 0.121979 	 1.000642 
361 	 0.010635 	 0.118268 	 1.000768 
362 	 0.014111 	 0.122283 	 0.997870 
363 	 0.013615 	 0.120979 	 0.998169 
364 	 0.009826 	 0.119054 	 1.002161 
365 	 0.008153 	 0.121417 	 1.003516 
366 	 0.007890 	 0.113072 	 1.002701 
367 	 0.003313 	 0.119715 	 1.008562 
368 	 0.010111 	 0.121181 	 1.001947 
369 	 0.014161 	 0.118798 	 0.996998 
370 	 0.006426 	 0.118464 	 1.004925 
371 	 0.011883 	 0.114358 	 0.998604 
372 	 0.008488 	 0.124903 	 1.004126 
373 	 0.015439 	 0.111845 	 0.995199 
374 	 0.006593 	 0.118975 	 1.004867 
375 	 0.009768 	 0.125920 	 1.003079 
376 	 0.011646 	 0.119092 	 0.999961 
377 	 0.009508 	 0.121390 	 1.002447 
378 	 0.014518 	 0.118995 	 0.996872 
379 	 0.014456 	 0.118830 	 0.996798 
380 	 0.013637 	 0.123530 	 0.998258 
381 	 0.011864 	 0.120360 	 0.999706 
382 	 0.010532 	 0.119152 	 1.000743 
383 	 0.013653 	 0.125047 	 0.999090 
384 	 0.014560 	 0.118557 	 0.996762 
385 	 0.009684 	 0.120637 	 1.001682 
386 	 0.015943 	 0.123000 	 0.995891 
387 	 0.008697 	 0.117354 	 1.002084 
388 	 0.015887 	 0.118476 	 0.995398 
389 	 0.009073 	 0.118857 	 1.002040 
390 	 0.010230 	 0.116964 	 1.000921 
391 	 0.005489 	 0.117436 	 1.005397 
392 	 0.018137 	 0.120360 	 0.993536 
393 	 0.008744 	 0.113287 	 1.001675 
394 	 0.009126 	 0.114389 	 1.001592 
395 	 0.012987 	 0.121587 	 0.998716 
396 	 0.005961 	 0.126778 	 1.006887 
397 	 0.009753 	 0.117966 	 1.001773 
398 	 0.009469 	 0.119355 	 1.001938 
399 	 0.014352 	 0.116462 	 0.996664 
400 	 0.009665 	 0.117365 	 1.001353 
% eps = 0.076923
401 	 0.007991 	 0.085712 	 0.997967 
402 	 0.005236 	 0.084941 	 1.000518 
403 	 0.004522 	 0.086563 	 1.001654 
404 	 0.000821 	 0.081615 	 1.004570 
405 	 0.006169 	 0.085115 	 0.999735 
406 	 0.005264 	 0.085223 	 1.000720 
407 	 0.003209 	 0.081054 	 1.002189 
408 	 0.007243 	 0.081126 	 0.998173 
409 	 0.005651 	 0.086954 	 1.000408 
410 	 0.007489 	 0.084766 	 0.998374 
411 	 0.006331 	 0.081529 	 0.999048 
412 	 0.007288 	 0.079264 	 0.997855 
413 	 0.007015 	 0.084404 	 0.998782 
414 	 0.004058 	 0.080579 	 1.001168 
415 	 0.007357 	 0.085142 	 0.998617 
416 	 0.002844 	 0.085426 	 1.003091 
417 	 0.004928 	 0.081469 	 1.000427 
418 	 0.006730 	 0.085422 	 0.999064 
419 	 0.004644 	 0.082496 	 1.000798 
420 	 0.006329 	 0.086832 	 0.999574 
421 	 0.004347 	 0.080657 	 1.001120 
422 	 0.003896 	 0.087645 	 1.002429 
423 	 0.005374 	 0.083235 	 1.000228 
424 	 0.004324 	 0.081318 	 1.001129 
425 	 0.005478 	 0.083102 	 1.000019 
426 	 0.004395 	 0.084946 	 1.001638 
427 	 0.006655 	 0.085356 	 0.999259 
428 	 0.008183 	 0.086224 	 0.997815 
429 	 0.008862 	 0.086087 	 0.997069 
430 	 0.006018 	 0.081829 	 0.999310 
431 	 0.007121 	 0.089397 	 0.999113 
432 	 0.000802 	 0.086504 	 1.005239 
433 	 0.005799 	 0.079891 	 0.999354 
434 	 0.005036 	 0.084285 	 1.000807 
435 	 0.003708 	 0.085843 	 1.002302 
436 	 0.008455 	 0.088641 	 0.997642 
437 	 0.001176 	 0.083941 	 1.004640 
438 	 0.004641 	 0.085015 	 1.001269 
439 	 0.005706 	 0.081391 	 0.999578 
440 	 0.006547 	 0.091273 	 1.000104 
441 	 0.004178 	 0.084969 	 1.001582 
442 	 0.006976 	 0.082281 	 0.998397 
443 	 0.008351 	 0.084684 	 0.997479 
444 	 0.005023 	 0.086706 	 1.000979 
445 	 0.003402 	 0.083784 	 1.002183 
446 	 0.005987 	 0.085122 	 0.999774 
447 	 0.008531 	 0.087760 	 0.997569 
448 	 0.005114 	 0.084429 	 1.000491 
449 	 0.008710 	 0.083646 	 0.996951 
450 	 0.006849 	 0.084773 	 0.999003 
451 	 0.002995 	 0.083216 	 1.002735 
452 	 0.002931 	 0.085619 	 1.003054 
453 	 0.003195 	 0.085162 	 1.002552 
454 	 0.004673 	 0.083921 	 1.000986 
455 	 0.007392 	 0.082156 	 0.998067 
456 	 0.003547 	 0.082808 	 1.002050 
457 	 0.005853 	 0.079849 	 0.999507 
458 	 0.006683 	 0.086880 	 0.999381 
459 	 0.004427 	 0.086567 	 1.001767 
460 	 0.004190 	 0.085187 	 1.001645 
461 	 0.010451 	 0.084987 	 0.995232 
462 	 0.010597 	 0.086788 	 0.995472 
463 	 0.006287 	 0.084692 	 0.999566 
464 	 0.005714 	 0.086544 	 1.000334 
465 	 0.006398 	 0.087300 	 0.999795 
466 	 0.006797 	 0.087174 	 0.999350 
467 	 0.007987 	 0.085609 	 0.997907 
468 	 0.002941 	 0.086226 	 1.003036 
469 	 0.005902 	 0.088350 	 1.000899 
470 	 0.001213 	 0.086806 	 1.004888 
471 	 0.005627 	 0.081721 	 0.999796 
472 	 0.002790 	 0.081002 	 1.002364 
473 	 0.006174 	 0.083853 	 0.999650 
474 	 0.006089 	 0.082808 	 0.999450 
475 	 0.009787 	 0.086682 	 0.996240 
476 	 0.006542 	 0.087144 	 0.999625 
477 	 0.005654 	 0.085619 	 1.000273 
478 	 0.008379 	 0.088097 	 0.997761 
479 	 0.002950 	 0.085193 	 1.002811 
480 	 0.004734 	 0.082859 	 1.001055 
481 	 0.004132 	 0.081263 	 1.001420 
482 	 0.004380 	 0.084247 	 1.001471 
483 	 0.004412 	 0.082883 	 1.001170 
484 	 0.008804 	 0.084070 	 0.996827 
485 	 0.011191 	 0.080290 	 0.994021 
486 	 0.003375 	 0.084724 	 1.002622 
487 	 0.007968 	 0.083722 	 0.997714 
488 	 0.003453 	 0.079350 	 1.001658 
489 	 0.006317 	 0.086924 	 0.999984 
490 	 0.006386 	 0.087021 	 0.999947 
491 	 0.002540 	 0.085389 	 1.003340 
492 	 0.004385 	 0.084742 	 1.001489 
493 	 0.006620 	 0.084616 	 0.999153 
494 	 0.008863 	 0.083257 	 0.996573 
495 	 0.007756 	 0.082995 	 0.997828 
496 	 0.005495 	 0.083707 	 1.000320 
497 	 0.009438 	 0.089544 	 0.996960 
498 	 0.008966 	 0.084504 	 0.996880 
499 	 0.007710 	 0.084845 	 0.998209 
500 	 0.005764 	 0.086754 	 1.000415 
% eps = 0.066667
501 	 0.003853 	 0.059041 	 0.998936 
502 	 0.004445 	 0.064780 	 0.998805 
503 	 0.001656 	 0.066207 	 1.001839 
504 	 0.007341 	 0.063533 	 0.995875 
505 	 0.001214 	 0.066440 	 1.002434 
506 	 0.004570 	 0.064105 	 0.998751 
507 	 0.003181 	 0.060591 	 0.999811 
508 	 0.001101 	 0.064575 	 1.002262 
509 	 0.005593 	 0.063497 	 0.997647 
510 	 0.005337 	 0.062071 	 0.997927 
511 	 0.000794 	 0.059863 	 1.002107 
512 	 0.001876 	 0.064413 	 1.001663 
513 	 0.001669 	 0.060671 	 1.001406 
514 	 0.006541 	 0.063468 	 0.996682 
515 	 0.006627 	 0.062982 	 0.996480 
516 	 0.004556 	 0.066211 	 0.998889 
517 	 0.002373 	 0.061167 	 1.000700 
518 	 0.002921 	 0.062076 	 1.000381 
519 	 0.002371 	 0.062721 	 1.000773 
520 	 0.003070 	 0.060477 	 0.999937 
521 	 0.001980 	 0.061757 	 1.001156 
522 	 0.001744 	 0.063633 	 1.001563 
523 	 0.005363 	 0.065506 	 0.998005 
524 	 0.005209 	 0.064804 	 0.998244 
525 	 0.005472 	 0.063312 	 0.997803 
526 	 0.001758 	 0.060498 	 1.001219 
527 	 0.003948 	 0.064610 	 0.999459 
528 	 0.003337 	 0.060103 	 0.999590 
529 	 0.002285 	 0.063103 	 1.000897 
530 	 0.001957 	 0.065016 	 1.001421 
531 	 0.002323 	 0.062782 	 1.000834 
532 	 0.004751 	 0.064058 	 0.998520 
533 	 0.007180 	 0.065966 	 0.996246 
534 	 -0.000457 	 0.063725 	 1.003747 
535 	 0.004585 	 0.061627 	 0.998436 
536 	 0.003952 	 0.064532 	 0.999371 
537 	 0.002459 	 0.063372 	 1.000734 
538 	 0.006299 	 0.063274 	 0.996911 
539 	 0.006362 	 0.063404 	 0.996718 
540 	 0.000489 	 0.065137 	 1.002858 
541 	 0.004686 	 0.062775 	 0.998486 
542 	 0.002555 	 0.062829 	 1.000675 
543 	 0.003846 	 0.063884 	 0.999427 
544 	 0.003109 	 0.063321 	 1.000140 
545 	 -0.000969 	 0.063648 	 1.004308 
546 	 0.002238 	 0.064452 	 1.001046 
547 	 0.003729 	 0.065380 	 0.999700 
548 	 0.001947 	 0.062219 	 1.001185 
549 	 0.002388 	 0.063457 	 1.000951 
550 	 0.002929 	 0.062478 	 1.000208 
551 	 0.003623 	 0.062916 	 0.999582 
552 	 -0.000124 	 0.066656 	 1.003704 
553 	 0.003582 	 0.066188 	 0.999981 
554 	 0.004048 	 0.065088 	 0.999403 
555 	 0.002521 	 0.063475 	 1.000737 
556 	 -0.000905 	 0.063777 	 1.004254 
557 	 0.002478 	 0.063607 	 1.000798 
558 	 0.006925 	 0.065943 	 0.996671 
559 	 0.005716 	 0.061946 	 0.997289 
560 	 0.004921 	 0.059662 	 0.997977 
561 	 0.006073 	 0.062770 	 0.997067 
562 	 0.002394 	 0.061560 	 1.000576 
563 	 0.003225 	 0.064267 	 1.000020 
564 	 0.001338 	 0.062808 	 1.001819 
565 	 0.003447 	 0.061703 	 0.999633 
566 	 0.003311 	 0.063021 	 0.999860 
567 	 0.005575 	 0.064041 	 0.997727 
568 	 0.002445 	 0.066765 	 1.001039 
569 	 0.003875 	 0.063459 	 0.999343 
570 	 0.001596 	 0.062326 	 1.001572 
571 	 0.003811 	 0.062336 	 0.999287 
572 	 0.002836 	 0.064039 	 1.000506 
573 	 0.002806 	 0.064113 	 1.000694 
574 	 0.005151 	 0.064040 	 0.998179 
575 	 0.002852 	 0.064793 	 1.000481 
576 	 0.003850 	 0.062614 	 0.999414 
577 	 0.003435 	 0.068198 	 1.000372 
578 	 0.002450 	 0.063052 	 1.000671 
579 	 0.005728 	 0.061439 	 0.997352 
580 	 0.002998 	 0.064128 	 1.000505 
581 	 0.001354 	 0.059693 	 1.001587 
582 	 0.003072 	 0.065176 	 1.000384 
583 	 0.003622 	 0.061937 	 0.999565 
584 	 0.003887 	 0.064555 	 0.999459 
585 	 0.001115 	 0.064352 	 1.002345 
586 	 -0.001715 	 0.064599 	 1.005095 
587 	 0.006477 	 0.064880 	 0.996773 
588 	 0.003047 	 0.063800 	 1.000342 
589 	 0.001684 	 0.060695 	 1.001376 
590 	 0.006140 	 0.063570 	 0.997264 
591 	 0.002086 	 0.062270 	 1.001063 
592 	 0.004414 	 0.063415 	 0.998839 
593 	 0.002466 	 0.061317 	 1.000557 
594 	 0.003865 	 0.061725 	 0.999177 
595 	 0.005583 	 0.064484 	 0.997754 
596 	 0.002751 	 0.065849 	 1.000750 
597 	 0.004782 	 0.064692 	 0.998626 
598 	 0.003334 	 0.062489 	 0.999909 
599 	 0.000965 	 0.063547 	 1.002209 
600 	 0.004446 	 0.066742 	 0.999215 
% eps = 0.058824
601 	 0.003400 	 0.052168 	 0.998793 
602 	 0.002118 	 0.047917 	 0.999738 
603 	 0.005397 	 0.049430 	 0.996557 
604 	 0.001654 	 0.050960 	 1.000468 
605 	 0.000522 	 0.049315 	 1.001455 
606 	 0.001340 	 0.048033 	 1.000567 
607 	 0.002834 	 0.049484 	 0.999181 
608 	 0.002943 	 0.048661 	 0.998994 
609 	 0.001129 	 0.046724 	 1.000680 
610 	 0.002553 	 0.050039 	 0.999458 
611 	 0.000869 	 0.048339 	 1.001051 
612 	 0.000787 	 0.048885 	 1.001149 
613 	 0.003013 	 0.049141 	 0.998935 
614 	 0.002164 	 0.052154 	 1.000031 
615 	 0.000892 	 0.047174 	 1.000901 
616 	 0.001490 	 0.049221 	 1.000428 
617 	 0.001693 	 0.049952 	 1.000310 
618 	 0.000950 	 0.049007 	 1.001007 
619 	 0.001599 	 0.050495 	 1.000482 
620 	 0.002221 	 0.048043 	 0.999701 
621 	 0.002147 	 0.050488 	 0.999899 
622 	 0.002349 	 0.049678 	 0.999637 
623 	 0.000531 	 0.045760 	 1.001239 
624 	 0.001448 	 0.046693 	 1.000313 
625 	 0.001672 	 0.049236 	 1.000285 
626 	 0.001012 	 0.050210 	 1.000995 
627 	 0.001619 	 0.051252 	 1.000538 
628 	 -0.000110 	 0.048702 	 1.002092 
629 	 0.003046 	 0.048162 	 0.998859 
630 	 0.000312 	 0.049258 	 1.001663 
631 	 -0.000228 	 0.050801 	 1.002368 
632 	 0.002996 	 0.046119 	 0.998770 
633 	 0.002800 	 0.049523 	 0.999152 
634 	 0.004013 	 0.050815 	 0.998021 
635 	 0.000217 	 0.049635 	 1.001768 
636 	 0.001519 	 0.051041 	 1.000613 
637 	 0.002919 	 0.049172 	 0.999067 
638 	 0.000846 	 0.049374 	 1.001107 
639 	 0.000800 	 0.050724 	 1.001234 
640 	 0.000403 	 0.049003 	 1.001591 
641 	 0.001684 	 0.045803 	 1.000041 
642 	 0.001134 	 0.050387 	 1.000937 
643 	 0.001521 	 0.048026 	 1.000316 
644 	 0.001658 	 0.049808 	 1.000326 
645 	 0.000926 	 0.049623 	 1.001043 
646 	 0.001326 	 0.050112 	 1.000718 
647 	 0.000934 	 0.049244 	 1.001013 
648 	 0.002819 	 0.050156 	 0.999225 
649 	 0.001532 	 0.049545 	 1.000427 
650 	 0.001641 	 0.051505 	 1.000508 
651 	 0.001261 	 0.047185 	 1.000532 
652 	 0.002438 	 0.046617 	 0.999308 
653 	 0.001834 	 0.050093 	 1.000232 
654 	 -0.000069 	 0.047978 	 1.001936 
655 	 0.002611 	 0.051311 	 0.999506 
656 	 0.001465 	 0.048547 	 1.000454 
657 	 0.003008 	 0.046777 	 0.998811 
658 	 0.001448 	 0.049495 	 1.000545 
659 	 0.001772 	 0.049924 	 1.000293 
660 	 0.002122 	 0.048196 	 0.999701 
661 	 0.000866 	 0.046259 	 1.000897 
662 	 0.002129 	 0.048083 	 0.999787 
663 	 0.002223 	 0.046256 	 0.999475 
664 	 0.001697 	 0.047699 	 1.000148 
665 	 0.001565 	 0.048901 	 1.000380 
666 	 0.003649 	 0.050498 	 0.998360 
667 	 0.003814 	 0.047103 	 0.997996 
668 	 0.001284 	 0.049523 	 1.000692 
669 	 -0.000468 	 0.048596 	 1.002392 
670 	 0.003673 	 0.050443 	 0.998380 
671 	 0.003081 	 0.047316 	 0.998762 
672 	 0.001542 	 0.049532 	 1.000570 
673 	 0.002247 	 0.048483 	 0.999671 
674 	 0.004971 	 0.051786 	 0.997161 
675 	 0.001893 	 0.048794 	 1.000003 
676 	 0.001880 	 0.049336 	 1.000118 
677 	 0.002396 	 0.049274 	 0.999581 
678 	 0.000935 	 0.049389 	 1.001010 
679 	 0.002341 	 0.051212 	 0.999791 
680 	 0.000520 	 0.051801 	 1.001740 
681 	 0.002410 	 0.050725 	 0.999687 
682 	 0.001113 	 0.050185 	 1.000958 
683 	 0.004770 	 0.048889 	 0.997178 
684 	 0.003746 	 0.051333 	 0.998376 
685 	 0.004148 	 0.048656 	 0.997768 
686 	 0.002931 	 0.049796 	 0.999052 
687 	 0.003238 	 0.050312 	 0.998836 
688 	 0.002549 	 0.051470 	 0.999551 
689 	 -0.000361 	 0.047622 	 1.002198 
690 	 0.000620 	 0.046904 	 1.001143 
691 	 0.003848 	 0.048597 	 0.998005 
692 	 0.002038 	 0.048487 	 0.999794 
693 	 0.001058 	 0.048835 	 1.000886 
694 	 0.003760 	 0.048586 	 0.998131 
695 	 0.003574 	 0.047556 	 0.998242 
696 	 0.001441 	 0.048881 	 1.000499 
697 	 0.001747 	 0.051571 	 1.000445 
698 	 0.001827 	 0.050579 	 1.000237 
699 	 0.002091 	 0.050174 	 0.999901 
700 	 0.002591 	 0.051018 	 0.999540 
% eps = 0.052632
701 	 0.000754 	 0.038587 	 1.000454 
702 	 0.000351 	 0.039022 	 1.000864 
703 	 0.001135 	 0.038542 	 1.000059 
704 	 0.001884 	 0.040038 	 0.999423 
705 	 0.001487 	 0.039300 	 0.999750 
706 	 0.001807 	 0.037853 	 0.999319 
707 	 0.003036 	 0.040822 	 0.998275 
708 	 0.003094 	 0.040009 	 0.998199 
709 	 0.001463 	 0.039559 	 0.999794 
710 	 0.001486 	 0.038466 	 0.999748 
711 	 0.000569 	 0.038237 	 1.000612 
712 	 0.001252 	 0.038824 	 0.999963 
713 	 0.000751 	 0.038848 	 1.000454 
714 	 0.000824 	 0.039250 	 1.000429 
715 	 0.000107 	 0.040465 	 1.001208 
716 	 0.001583 	 0.039554 	 0.999700 
717 	 0.000190 	 0.039552 	 1.001065 
718 	 0.001786 	 0.040601 	 0.999555 
719 	 0.002373 	 0.039423 	 0.998841 
720 	 0.001396 	 0.039831 	 0.999902 
721 	 0.001340 	 0.039382 	 0.999956 
722 	 0.000830 	 0.037981 	 1.000325 
723 	 0.001749 	 0.039510 	 0.999521 
724 	 0.002601 	 0.039977 	 0.998699 
725 	 0.000596 	 0.040688 	 1.000738 
726 	 0.001828 	 0.039790 	 0.999457 
727 	 0.001670 	 0.039201 	 0.999574 
728 	 0.003082 	 0.038327 	 0.998118 
729 	 0.001584 	 0.039309 	 0.999684 
730 	 0.001318 	 0.039328 	 0.999915 
731 	 0.000990 	 0.039671 	 1.000297 
732 	 0.001197 	 0.040469 	 1.000177 
733 	 -0.000328 	 0.039541 	 1.001626 
734 	 -0.000705 	 0.038325 	 1.001899 
735 	 0.001899 	 0.038417 	 0.999325 
736 	 0.002380 	 0.038470 	 0.998831 
737 	 0.001746 	 0.039830 	 0.999526 
738 	 0.001446 	 0.040560 	 0.999852 
739 	 0.001543 	 0.039586 	 0.999727 
740 	 0.001129 	 0.040373 	 1.000178 
741 	 0.001599 	 0.039838 	 0.999689 
742 	 0.000885 	 0.038446 	 1.000322 
743 	 0.001278 	 0.039493 	 0.999984 
744 	 0.001409 	 0.038758 	 0.999818 
745 	 0.002473 	 0.040874 	 0.998874 
746 	 0.000680 	 0.038676 	 1.000578 
747 	 0.000099 	 0.037767 	 1.001070 
748 	 0.000473 	 0.039852 	 1.000824 
749 	 0.000650 	 0.039358 	 1.000607 
750 	 0.001484 	 0.040320 	 0.999820 
751 	 0.001240 	 0.038112 	 0.999917 
752 	 0.001548 	 0.039367 	 0.999697 
753 	 0.001615 	 0.038782 	 0.999617 
754 	 0.001241 	 0.038724 	 0.999995 
755 	 -0.001620 	 0.040104 	 1.002952 
756 	 0.001080 	 0.037910 	 1.000129 
757 	 0.001426 	 0.039971 	 0.999839 
758 	 0.002414 	 0.037397 	 0.998784 
759 	 0.002913 	 0.037988 	 0.998283 
760 	 0.000490 	 0.038260 	 1.000700 
761 	 0.001862 	 0.041287 	 0.999516 
762 	 0.000393 	 0.038218 	 1.000811 
763 	 0.002366 	 0.037105 	 0.998742 
764 	 0.000967 	 0.038718 	 1.000246 
765 	 0.000409 	 0.039025 	 1.000816 
766 	 0.001643 	 0.042262 	 0.999776 
767 	 0.003238 	 0.040547 	 0.998078 
768 	 0.000586 	 0.038909 	 1.000611 
769 	 0.001657 	 0.040413 	 0.999646 
770 	 -0.000909 	 0.039734 	 1.002190 
771 	 0.000641 	 0.038231 	 1.000508 
772 	 0.002695 	 0.037780 	 0.998469 
773 	 0.001104 	 0.040240 	 1.000213 
774 	 0.002162 	 0.038826 	 0.999058 
775 	 0.000781 	 0.039139 	 1.000457 
776 	 0.001658 	 0.039098 	 0.999596 
777 	 0.001447 	 0.038376 	 0.999757 
778 	 0.001450 	 0.038599 	 0.999745 
779 	 -0.000722 	 0.039785 	 1.002010 
780 	 0.002052 	 0.039013 	 0.999182 
781 	 0.000826 	 0.041240 	 1.000572 
782 	 0.000038 	 0.041191 	 1.001315 
783 	 0.001623 	 0.040984 	 0.999755 
784 	 0.000243 	 0.038758 	 1.001011 
785 	 0.000804 	 0.038518 	 1.000429 
786 	 0.000686 	 0.040261 	 1.000632 
787 	 -0.000101 	 0.038567 	 1.001303 
788 	 0.002543 	 0.038136 	 0.998627 
789 	 -0.000535 	 0.038005 	 1.001727 
790 	 0.002056 	 0.037605 	 0.999100 
791 	 0.000634 	 0.039572 	 1.000613 
792 	 0.001107 	 0.041529 	 1.000283 
793 	 0.000940 	 0.035989 	 1.000137 
794 	 0.001462 	 0.039605 	 0.999819 
795 	 0.002898 	 0.039120 	 0.998314 
796 	 -0.000332 	 0.038076 	 1.001514 
797 	 0.000390 	 0.038767 	 1.000806 
798 	 0.000313 	 0.038834 	 1.000917 
799 	 -0.001704 	 0.038735 	 1.002943 
800 	 0.002203 	 0.038958 	 0.999081 
% eps = 0.047619
801 	 0.000582 	 0.030989 	 1.000176 
802 	 0.001819 	 0.033341 	 0.999066 
803 	 0.001371 	 0.031732 	 0.999458 
804 	 0.001648 	 0.031682 	 0.999145 
805 	 0.000383 	 0.033240 	 1.000527 
806 	 0.000152 	 0.030538 	 1.000613 
807 	 0.001688 	 0.032045 	 0.999157 
808 	 -0.000163 	 0.031287 	 1.000970 
809 	 0.001321 	 0.032910 	 0.999573 
810 	 0.001289 	 0.031923 	 0.999523 
811 	 0.001017 	 0.031681 	 0.999808 
812 	 0.001118 	 0.033355 	 0.999782 
813 	 0.001697 	 0.032250 	 0.999173 
814 	 0.001458 	 0.031229 	 0.999328 
815 	 -0.000197 	 0.031354 	 1.000975 
816 	 0.001156 	 0.031150 	 0.999653 
817 	 -0.001682 	 0.032724 	 1.002576 
818 	 -0.000733 	 0.031855 	 1.001534 
819 	 0.002020 	 0.032547 	 0.998831 
820 	 0.002554 	 0.030161 	 0.998168 
821 	 0.000299 	 0.032876 	 1.000570 
822 	 0.001645 	 0.032407 	 0.999203 
823 	 0.000682 	 0.031237 	 1.000140 
824 	 0.000976 	 0.031839 	 0.999853 
825 	 0.000010 	 0.032825 	 1.000870 
826 	 -0.000514 	 0.032493 	 1.001362 
827 	 0.000535 	 0.033543 	 1.000390 
828 	 -0.000075 	 0.032342 	 1.000892 
829 	 0.001661 	 0.032311 	 0.999176 
830 	 0.003229 	 0.032198 	 0.997628 
831 	 0.000187 	 0.033166 	 1.000689 
832 	 0.001653 	 0.030060 	 0.999096 
833 	 -0.000780 	 0.031696 	 1.001605 
834 	 0.002265 	 0.032026 	 0.998559 
835 	 0.000679 	 0.031306 	 1.000118 
836 	 0.000278 	 0.033336 	 1.000623 
837 	 -0.000255 	 0.033038 	 1.001136 
838 	 0.001324 	 0.032381 	 0.999522 
839 	 -0.000121 	 0.032936 	 1.000985 
840 	 0.000002 	 0.030942 	 1.000765 
841 	 0.000854 	 0.032911 	 1.000013 
842 	 0.000089 	 0.030514 	 1.000678 
843 	 0.000395 	 0.031228 	 1.000396 
844 	 0.000798 	 0.032404 	 1.000052 
845 	 -0.000213 	 0.032614 	 1.001056 
846 	 0.001447 	 0.031276 	 0.999358 
847 	 0.001030 	 0.032872 	 0.999822 
848 	 -0.000078 	 0.031926 	 1.000902 
849 	 0.000220 	 0.032074 	 1.000629 
850 	 0.002073 	 0.032198 	 0.998769 
851 	 0.000863 	 0.032599 	 0.999994 
852 	 0.000958 	 0.031815 	 0.999855 
853 	 0.001975 	 0.032107 	 0.998869 
854 	 -0.000524 	 0.030239 	 1.001311 
855 	 -0.000451 	 0.032305 	 1.001285 
856 	 -0.000045 	 0.031897 	 1.000850 
857 	 -0.000550 	 0.032261 	 1.001418 
858 	 0.001853 	 0.030668 	 0.998918 
859 	 0.001838 	 0.032577 	 0.999039 
860 	 0.000640 	 0.031789 	 1.000205 
861 	 -0.000829 	 0.030802 	 1.001599 
862 	 0.001300 	 0.030814 	 0.999481 
863 	 0.001263 	 0.031389 	 0.999534 
864 	 0.000105 	 0.031907 	 1.000743 
865 	 0.001008 	 0.030817 	 0.999803 
866 	 0.000630 	 0.031636 	 1.000164 
867 	 0.000649 	 0.030836 	 1.000112 
868 	 0.000226 	 0.031182 	 1.000586 
869 	 -0.000744 	 0.032118 	 1.001566 
870 	 -0.000466 	 0.030759 	 1.001251 
871 	 0.001423 	 0.033560 	 0.999477 
872 	 0.001254 	 0.031520 	 0.999587 
873 	 -0.000008 	 0.032111 	 1.000846 
874 	 -0.000529 	 0.032359 	 1.001367 
875 	 0.001330 	 0.032041 	 0.999520 
876 	 0.000416 	 0.031214 	 1.000392 
877 	 0.001327 	 0.030448 	 0.999462 
878 	 0.000563 	 0.031589 	 1.000242 
879 	 0.001614 	 0.033072 	 0.999234 
880 	 0.001058 	 0.031764 	 0.999756 
881 	 0.000645 	 0.030103 	 1.000089 
882 	 0.001736 	 0.031442 	 0.999044 
883 	 0.000216 	 0.030840 	 1.000573 
884 	 -0.000702 	 0.030698 	 1.001444 
885 	 0.000485 	 0.029635 	 1.000230 
886 	 0.000631 	 0.031720 	 1.000208 
887 	 0.001782 	 0.030503 	 0.999000 
888 	 0.000450 	 0.031984 	 1.000379 
889 	 -0.000254 	 0.032826 	 1.001120 
890 	 0.000450 	 0.030663 	 1.000325 
891 	 0.000654 	 0.032976 	 1.000203 
892 	 0.000595 	 0.032120 	 1.000225 
893 	 0.000141 	 0.032238 	 1.000707 
894 	 0.000569 	 0.032335 	 1.000277 
895 	 0.001026 	 0.032170 	 0.999834 
896 	 0.000461 	 0.031119 	 1.000335 
897 	 -0.000050 	 0.032741 	 1.000902 
898 	 0.002040 	 0.031509 	 0.998768 
899 	 -0.000266 	 0.031808 	 1.001090 
900 	 0.000570 	 0.031335 	 1.000232 
% eps = 0.043478
901 	 -0.000588 	 0.027338 	 1.001199 
902 	 0.000405 	 0.024430 	 1.000097 
903 	 0.000356 	 0.026406 	 1.000221 
904 	 -0.000569 	 0.027919 	 1.001201 
905 	 -0.000083 	 0.025828 	 1.000631 
906 	 0.001033 	 0.025763 	 0.999511 
907 	 0.001331 	 0.027344 	 0.999278 
908 	 0.001535 	 0.025875 	 0.999010 
909 	 0.000903 	 0.025624 	 0.999620 
910 	 0.000598 	 0.026116 	 0.999969 
911 	 0.000539 	 0.026259 	 1.000006 
912 	 0.000420 	 0.028892 	 1.000236 
913 	 0.001015 	 0.025512 	 0.999530 
914 	 0.000280 	 0.027340 	 1.000304 
915 	 -0.000272 	 0.026894 	 1.000873 
916 	 0.000666 	 0.027005 	 0.999916 
917 	 -0.000247 	 0.026465 	 1.000809 
918 	 -0.000024 	 0.026668 	 1.000613 
919 	 0.000699 	 0.026629 	 0.999875 
920 	 0.002214 	 0.028170 	 0.998431 
921 	 0.001236 	 0.026884 	 0.999373 
922 	 -0.000148 	 0.027857 	 1.000760 
923 	 0.001896 	 0.025163 	 0.998616 
924 	 -0.000112 	 0.026894 	 1.000692 
925 	 0.000486 	 0.027169 	 1.000117 
926 	 0.000501 	 0.026468 	 1.000065 
927 	 0.000676 	 0.026742 	 0.999922 
928 	 0.001828 	 0.026218 	 0.998733 
929 	 -0.000139 	 0.026047 	 1.000695 
930 	 0.000222 	 0.025810 	 1.000340 
931 	 0.001527 	 0.027147 	 0.999053 
932 	 -0.000181 	 0.027417 	 1.000771 
933 	 0.000537 	 0.026192 	 1.000018 
934 	 0.000560 	 0.027307 	 1.000047 
935 	 0.000219 	 0.026613 	 1.000364 
936 	 0.000969 	 0.027308 	 0.999635 
937 	 -0.000062 	 0.026483 	 1.000626 
938 	 0.001901 	 0.028167 	 0.998724 
939 	 0.002825 	 0.028156 	 0.997819 
940 	 0.001378 	 0.027128 	 0.999224 
941 	 0.001181 	 0.026244 	 0.999379 
942 	 0.000590 	 0.026479 	 0.999988 
943 	 0.000915 	 0.026721 	 0.999663 
944 	 0.000847 	 0.025590 	 0.999710 
945 	 0.000189 	 0.026580 	 1.000392 
946 	 0.001624 	 0.027374 	 0.998984 
947 	 0.000013 	 0.025836 	 1.000522 
948 	 0.000923 	 0.027101 	 0.999667 
949 	 0.000475 	 0.026075 	 1.000092 
950 	 0.000823 	 0.026869 	 0.999748 
951 	 -0.000408 	 0.027280 	 1.001006 
952 	 -0.000946 	 0.027141 	 1.001553 
953 	 0.001300 	 0.026367 	 0.999264 
954 	 0.001566 	 0.026704 	 0.999022 
955 	 -0.000435 	 0.026213 	 1.000999 
956 	 0.001003 	 0.026014 	 0.999530 
957 	 0.001328 	 0.025559 	 0.999194 
958 	 -0.000045 	 0.026291 	 1.000620 
959 	 0.000572 	 0.025715 	 0.999964 
960 	 0.001003 	 0.025974 	 0.999561 
961 	 -0.000266 	 0.027382 	 1.000863 
962 	 0.000737 	 0.026098 	 0.999805 
963 	 0.000887 	 0.027166 	 0.999712 
964 	 0.001379 	 0.026185 	 0.999174 
965 	 0.000555 	 0.026486 	 1.000019 
966 	 -0.000051 	 0.027299 	 1.000683 
967 	 0.000104 	 0.026514 	 1.000490 
968 	 0.000341 	 0.025696 	 1.000188 
969 	 -0.000331 	 0.026826 	 1.000913 
970 	 0.001361 	 0.026477 	 0.999207 
971 	 0.000756 	 0.027386 	 0.999853 
972 	 0.002174 	 0.026752 	 0.998416 
973 	 -0.000285 	 0.027955 	 1.000916 
974 	 0.000978 	 0.026267 	 0.999592 
975 	 0.001526 	 0.027576 	 0.999093 
976 	 0.001634 	 0.027434 	 0.998996 
977 	 0.000264 	 0.027259 	 1.000340 
978 	 0.001259 	 0.025572 	 0.999269 
979 	 -0.000493 	 0.026392 	 1.001074 
980 	 0.000211 	 0.027354 	 1.000401 
981 	 0.000540 	 0.027446 	 1.000083 
982 	 0.000353 	 0.026478 	 1.000200 
983 	 0.000554 	 0.027230 	 1.000036 
984 	 0.000920 	 0.028347 	 0.999737 
985 	 0.000704 	 0.026016 	 0.999869 
986 	 0.001276 	 0.026916 	 0.999321 
987 	 0.001455 	 0.026542 	 0.999112 
988 	 0.000240 	 0.027774 	 1.000399 
989 	 0.001039 	 0.026202 	 0.999525 
990 	 0.000903 	 0.025004 	 0.999616 
991 	 -0.000248 	 0.026948 	 1.000841 
992 	 0.000709 	 0.027635 	 0.999904 
993 	 0.001008 	 0.026506 	 0.999553 
994 	 0.000740 	 0.028430 	 0.999915 
995 	 0.001010 	 0.026943 	 0.999570 
996 	 0.000656 	 0.026364 	 0.999913 
997 	 0.000589 	 0.025996 	 0.999952 
998 	 -0.000407 	 0.028156 	 1.001044 
999 	 0.000196 	 0.027096 	 1.000387 
1000 	 0.001141 	 0.028058 	 0.999513 
