%%%%%%%%%%%%%%%%%%%%%%%%%%%%%%%%%%%%%%%%%%%%%%%%%%%%%%%%%%%%%%%%%%%%%%%%%%%
%SIMULAZIONE D = 3, L = 4, V = 64
%NUMERO DI MISURE PER OGNI KAPPA: T = 100
%%%%%%%%%%%%%%%%%%%%%%%%%%%%%%%%%%%%%%%%%%%%%%%%%%%%%%%%%%%%%%%%%%%%%%%%%%%

%%%%%%%%%%%%%%%%%%%%%%%%%%%%%%%%%%%%%%%%%%%%%%%%%%%%%%%%%%%%%%%%%%%%%%%%%%%
%KAPPA = 0.150000
%%%%%%%%%%%%%%%%%%%%%%%%%%%%%%%%%%%%%%%%%%%%%%%%%%%%%%%%%%%%%%%%%%%%%%%%%%%

1 	 0.541297 	 11.817586 	 211.799009 	 120805.018093 
2 	 1.117147 	 11.800406 	 214.564809 	 122307.928790 
3 	 -4.140725 	 12.263685 	 230.789977 	 142556.676841 
4 	 -0.973819 	 11.584981 	 210.234370 	 137751.567101 
5 	 2.831440 	 12.462359 	 232.821491 	 134561.343185 
6 	 3.147805 	 12.349970 	 232.190942 	 135318.942674 
7 	 -7.784634 	 13.290320 	 267.621813 	 175335.317664 
8 	 0.350025 	 11.406235 	 194.643550 	 102941.812661 
9 	 -0.325192 	 12.779376 	 243.700328 	 150127.751706 
10 	 1.226376 	 12.947592 	 254.937584 	 167396.656453 
11 	 -1.391351 	 12.585906 	 228.404029 	 119883.174306 
12 	 2.278183 	 11.620787 	 203.203953 	 107004.478963 
13 	 -0.233286 	 10.367910 	 163.811971 	 68951.021473 
14 	 -0.265295 	 12.521635 	 229.799233 	 126241.364971 
15 	 -2.210715 	 13.769948 	 269.963716 	 165711.201771 
16 	 -3.797046 	 12.480149 	 234.240760 	 137696.180958 
17 	 -0.610640 	 11.987841 	 210.608442 	 108480.677913 
18 	 1.703525 	 11.973011 	 213.289478 	 110507.806730 
19 	 0.935378 	 12.284455 	 227.915069 	 129073.719048 
20 	 -1.850323 	 14.022234 	 298.799787 	 220736.978965 
21 	 -0.789834 	 11.768177 	 210.382202 	 114956.109173 
22 	 0.569906 	 14.019168 	 290.328972 	 207373.747258 
23 	 -2.295712 	 13.262145 	 259.372555 	 169487.941899 
24 	 -3.350084 	 11.483614 	 210.034398 	 138986.658067 
25 	 -2.958665 	 12.981086 	 242.760297 	 138774.805751 
26 	 -7.656917 	 12.447990 	 241.309654 	 157818.106224 
27 	 1.051030 	 13.514536 	 267.661237 	 172662.270018 
28 	 -1.174868 	 12.018326 	 212.650941 	 114041.909057 
29 	 0.997162 	 11.017356 	 186.507367 	 92650.919474 
30 	 -1.317590 	 13.919816 	 297.649859 	 222154.978202 
31 	 -3.256392 	 13.529704 	 269.218463 	 173210.193832 
32 	 0.921968 	 11.379751 	 196.137830 	 97795.632116 
33 	 -0.102976 	 11.267841 	 189.715217 	 91411.842852 
34 	 0.182723 	 12.938386 	 257.554433 	 172407.231719 
35 	 2.878523 	 11.320811 	 193.727695 	 97470.770779 
36 	 2.712738 	 12.305610 	 229.121697 	 129350.271697 
37 	 2.248020 	 13.037513 	 238.865496 	 129850.643691 
38 	 -2.023967 	 12.815722 	 242.249580 	 148177.156608 
39 	 -0.761871 	 11.372571 	 198.318362 	 108051.334773 
40 	 5.740114 	 13.405288 	 259.402835 	 151709.006829 
41 	 3.553190 	 13.131980 	 248.055592 	 141100.653691 
42 	 0.547921 	 12.199388 	 222.609725 	 123603.966018 
43 	 2.864629 	 12.883963 	 253.747752 	 167412.061666 
44 	 -3.204358 	 12.460622 	 232.736749 	 137118.478734 
45 	 1.563703 	 13.041173 	 248.108689 	 140574.893900 
46 	 5.192274 	 13.112177 	 254.258703 	 158838.273491 
47 	 0.975443 	 12.105556 	 221.376642 	 122373.306299 
48 	 -3.682195 	 12.271008 	 230.843750 	 135501.625179 
49 	 2.339442 	 12.732510 	 252.387973 	 178193.750710 
50 	 -2.517378 	 12.059537 	 218.256207 	 124532.136584 
51 	 -1.942998 	 11.073854 	 183.048394 	 87852.120343 
52 	 3.620531 	 12.117970 	 224.131615 	 129436.179202 
53 	 2.008109 	 12.422156 	 231.700919 	 129402.355085 
54 	 -1.312334 	 11.236142 	 193.276588 	 100019.177176 
55 	 -1.402605 	 15.781281 	 340.657502 	 250160.820713 
56 	 -1.640336 	 12.712418 	 232.905127 	 127497.787007 
57 	 2.451975 	 12.649970 	 247.656314 	 164403.246083 
58 	 -1.787182 	 11.748462 	 211.566454 	 120735.497801 
59 	 2.896692 	 10.791335 	 179.875025 	 87158.586015 
60 	 -0.428458 	 10.987576 	 185.598298 	 94664.490419 
61 	 4.181718 	 12.418597 	 223.487398 	 118310.422313 
62 	 -0.328859 	 11.447220 	 202.289814 	 110817.246822 
63 	 -3.047298 	 12.446707 	 236.837649 	 146810.146013 
64 	 -0.469962 	 13.123525 	 255.286059 	 157164.170444 
65 	 -4.280703 	 11.035478 	 188.727090 	 97005.776666 
66 	 -1.547532 	 11.813766 	 209.390388 	 113216.464254 
67 	 -2.569157 	 13.448043 	 268.472295 	 183595.469477 
68 	 -2.431908 	 11.901662 	 220.322501 	 128521.819110 
69 	 -0.557636 	 10.649121 	 174.294363 	 79938.059981 
70 	 -7.104541 	 11.249408 	 191.391679 	 96639.368629 
71 	 -2.274707 	 13.270408 	 255.889060 	 158343.951249 
72 	 -0.897354 	 13.244983 	 259.560131 	 174327.153136 
73 	 0.592725 	 11.694635 	 203.708177 	 104178.300462 
74 	 -0.619238 	 10.082676 	 164.624000 	 82140.153882 
75 	 -4.024711 	 11.681228 	 204.461819 	 103863.419718 
76 	 2.716191 	 11.705246 	 211.392699 	 116000.115426 
77 	 -0.331080 	 11.730684 	 207.954698 	 116722.193334 
78 	 -0.685142 	 11.356280 	 195.083923 	 102400.367491 
79 	 1.510696 	 10.861362 	 176.394628 	 81034.488607 
80 	 1.755206 	 11.541732 	 204.073215 	 112310.792987 
81 	 0.945646 	 11.329676 	 195.450009 	 103667.174535 
82 	 2.243677 	 13.050667 	 255.724628 	 164174.821646 
83 	 3.100188 	 12.180343 	 220.784407 	 125642.111748 
84 	 -5.486723 	 12.502954 	 236.143336 	 141839.661034 
85 	 0.873014 	 12.295486 	 226.848525 	 130114.832295 
86 	 -0.773198 	 12.444458 	 224.060886 	 114950.126848 
87 	 -2.174486 	 12.347527 	 229.251856 	 134437.134608 
88 	 0.474024 	 12.689331 	 234.828154 	 130945.765553 
89 	 -1.147032 	 11.396086 	 198.525335 	 104708.371716 
90 	 1.701728 	 12.662259 	 240.176401 	 144973.427786 
91 	 1.634532 	 12.441098 	 229.456523 	 134287.960072 
92 	 -2.628832 	 13.599123 	 280.239362 	 199156.501267 
93 	 1.048511 	 11.450259 	 202.606173 	 121184.832531 
94 	 -2.249636 	 14.010913 	 275.898135 	 171520.506571 
95 	 1.622183 	 11.770564 	 205.880798 	 107810.198658 
96 	 -3.283547 	 11.098969 	 198.528292 	 111022.302347 
97 	 0.338232 	 11.864276 	 219.576806 	 126596.488233 
98 	 0.360922 	 10.311159 	 166.478797 	 79272.990250 
99 	 2.467880 	 12.398372 	 236.458480 	 141778.062037 
100 	 0.618878 	 11.495894 	 194.981752 	 94584.829396 

%ACCRATE = 0.913520

%%%%%%%%%%%%%%%%%%%%%%%%%%%%%%%%%%%%%%%%%%%%%%%%%%%%%%%%%%%%%%%%%%%%%%%%%%%
%KAPPA = 0.160000
%%%%%%%%%%%%%%%%%%%%%%%%%%%%%%%%%%%%%%%%%%%%%%%%%%%%%%%%%%%%%%%%%%%%%%%%%%%

101 	 5.305075 	 13.134780 	 263.152182 	 202168.331006 
102 	 -3.225351 	 14.535518 	 309.741193 	 225791.000644 
103 	 0.287813 	 15.838703 	 361.268148 	 308636.145010 
104 	 -0.638791 	 14.388458 	 295.744889 	 198195.855363 
105 	 0.164918 	 12.667288 	 257.590389 	 187920.651530 
106 	 -3.853296 	 14.283180 	 301.683245 	 222720.300468 
107 	 -5.797471 	 15.605822 	 345.451583 	 263670.099175 
108 	 7.209886 	 15.184569 	 327.959872 	 229931.527930 
109 	 1.649443 	 13.304506 	 269.427880 	 186494.347478 
110 	 -4.801683 	 14.715513 	 330.548442 	 266998.867396 
111 	 1.452773 	 15.082538 	 325.013247 	 251237.690482 
112 	 -2.240433 	 15.467869 	 352.254427 	 293370.437866 
113 	 2.247669 	 15.234250 	 325.786215 	 235535.616991 
114 	 2.562284 	 14.103546 	 299.227137 	 232962.571168 
115 	 4.678898 	 16.066757 	 364.524774 	 292601.717147 
116 	 5.344535 	 15.599991 	 355.955262 	 299614.199813 
117 	 -1.265898 	 15.422395 	 331.784634 	 237454.618243 
118 	 4.859559 	 13.469250 	 262.164371 	 165675.580483 
119 	 -5.614125 	 16.326782 	 384.165175 	 335191.069020 
120 	 -0.421806 	 14.864045 	 307.435040 	 199036.396028 
121 	 1.371197 	 15.301062 	 323.433610 	 225292.704464 
122 	 3.900416 	 16.768726 	 388.004769 	 318548.183758 
123 	 -0.934960 	 15.365970 	 340.019003 	 259873.623072 
124 	 -1.731537 	 14.265480 	 291.518814 	 197681.454079 
125 	 -0.829835 	 14.203087 	 292.535571 	 196873.628643 
126 	 3.239820 	 17.745589 	 435.685075 	 395141.206041 
127 	 2.123218 	 14.097292 	 284.740807 	 183071.233574 
128 	 0.577233 	 12.754025 	 248.614543 	 170120.046570 
129 	 0.437941 	 16.319060 	 365.740425 	 278387.831015 
130 	 2.292864 	 13.883348 	 289.049450 	 214214.144941 
131 	 -0.000684 	 11.972696 	 214.871049 	 117758.765606 
132 	 -2.529590 	 15.444253 	 337.788530 	 262804.401715 
133 	 -1.795665 	 14.714791 	 326.825831 	 274795.065657 
134 	 2.324879 	 13.454882 	 258.967212 	 156941.913407 
135 	 1.505917 	 13.656054 	 278.095628 	 183053.445310 
136 	 -0.921400 	 14.318256 	 301.502922 	 227537.399995 
137 	 -3.766793 	 14.476409 	 307.323614 	 211017.525740 
138 	 -0.806977 	 13.194822 	 272.322149 	 208487.880695 
139 	 4.693132 	 14.294195 	 292.189792 	 195281.274693 
140 	 0.330596 	 14.640897 	 312.234486 	 228926.298907 
141 	 -1.069111 	 14.586687 	 305.678349 	 216787.284946 
142 	 2.648359 	 14.356065 	 297.223319 	 211100.271867 
143 	 -1.299829 	 16.603326 	 376.748668 	 284293.855035 
144 	 0.886011 	 14.322941 	 321.063113 	 291054.699922 
145 	 -0.607107 	 15.616594 	 346.176754 	 251503.082127 
146 	 2.950069 	 15.789559 	 349.289928 	 267187.343612 
147 	 -5.661382 	 14.373052 	 315.944256 	 256678.314753 
148 	 -1.852992 	 15.445604 	 338.211519 	 251230.132349 
149 	 3.850735 	 14.117758 	 300.275611 	 233375.611475 
150 	 -1.597226 	 14.351157 	 292.054391 	 189607.170631 
151 	 -1.828935 	 16.010571 	 378.282222 	 331556.471212 
152 	 1.643524 	 15.307239 	 337.027168 	 258766.944651 
153 	 2.263937 	 16.667656 	 389.253096 	 327813.752439 
154 	 -1.844425 	 15.313160 	 336.516619 	 258043.928533 
155 	 0.811769 	 14.492466 	 301.102466 	 208335.525896 
156 	 -2.326603 	 13.467132 	 271.781851 	 182417.177866 
157 	 -0.998119 	 15.123792 	 345.864021 	 310568.511884 
158 	 -3.449633 	 15.998938 	 355.470355 	 263803.966548 
159 	 -8.490393 	 16.624625 	 383.171043 	 313615.732631 
160 	 2.304539 	 17.234474 	 415.949570 	 356843.415894 
161 	 0.896712 	 13.155014 	 247.743864 	 142586.578338 
162 	 -4.610429 	 14.138963 	 295.814326 	 207746.540907 
163 	 2.437823 	 12.555182 	 233.053623 	 131298.253521 
164 	 0.620543 	 13.897070 	 290.438173 	 209244.561788 
165 	 3.087849 	 16.025585 	 360.824634 	 275953.508557 
166 	 0.396285 	 14.572999 	 313.277600 	 239419.203663 
167 	 6.507797 	 13.294085 	 274.008830 	 204904.905032 
168 	 2.955211 	 14.214002 	 293.322142 	 208180.232240 
169 	 1.649291 	 13.312340 	 269.337321 	 189100.627188 
170 	 1.912006 	 14.650651 	 322.538255 	 263268.961981 
171 	 6.531725 	 13.421784 	 266.429334 	 176940.569362 
172 	 -0.524168 	 13.346224 	 281.307744 	 221827.304831 
173 	 7.537938 	 16.155898 	 392.656526 	 372062.554369 
174 	 2.409246 	 13.357724 	 269.106413 	 182185.136990 
175 	 3.220388 	 16.252584 	 372.235328 	 303310.692987 
176 	 2.739829 	 14.073316 	 292.470228 	 208648.073242 
177 	 1.053316 	 15.978498 	 358.104778 	 284928.066651 
178 	 -4.260342 	 13.683868 	 275.230093 	 178161.025263 
179 	 -0.598643 	 13.169873 	 264.387196 	 193076.176360 
180 	 8.271984 	 15.748178 	 352.497765 	 278808.797200 
181 	 -0.955556 	 13.121430 	 258.690273 	 172409.073552 
182 	 -2.540309 	 17.318094 	 423.771205 	 383157.615933 
183 	 7.181575 	 15.014509 	 326.807195 	 253313.377199 
184 	 -9.424614 	 16.167877 	 379.512062 	 333212.484281 
185 	 1.228648 	 14.302918 	 312.803803 	 256841.730669 
186 	 3.980893 	 14.865946 	 315.249463 	 223074.231390 
187 	 -2.886877 	 15.020301 	 325.453253 	 249287.195549 
188 	 -1.230446 	 14.158682 	 296.952491 	 218066.173549 
189 	 -0.301109 	 15.507717 	 355.204572 	 318011.180039 
190 	 4.249480 	 13.575590 	 267.269937 	 171738.420763 
191 	 -2.536797 	 16.560230 	 391.057352 	 334806.958609 
192 	 -4.790716 	 13.139215 	 258.267634 	 162456.382950 
193 	 2.923492 	 13.578612 	 276.086575 	 192204.697578 
194 	 3.357253 	 13.044962 	 247.598431 	 150806.407416 
195 	 -4.600579 	 17.062880 	 408.597370 	 372099.115877 
196 	 -0.225414 	 13.615786 	 273.540141 	 188719.024613 
197 	 -2.133970 	 14.281032 	 304.738064 	 217009.409881 
198 	 -0.675696 	 15.524054 	 332.693415 	 228990.347161 
199 	 -2.296280 	 13.716263 	 292.295656 	 236806.940530 
200 	 5.395276 	 14.745491 	 323.989165 	 255166.228590 

%ACCRATE = 0.909870

%%%%%%%%%%%%%%%%%%%%%%%%%%%%%%%%%%%%%%%%%%%%%%%%%%%%%%%%%%%%%%%%%%%%%%%%%%%
%KAPPA = 0.170000
%%%%%%%%%%%%%%%%%%%%%%%%%%%%%%%%%%%%%%%%%%%%%%%%%%%%%%%%%%%%%%%%%%%%%%%%%%%

201 	 -5.984265 	 18.670584 	 472.021874 	 450902.760506 
202 	 8.978848 	 17.370622 	 426.772729 	 411345.650458 
203 	 -2.827215 	 20.503870 	 563.435799 	 613590.298627 
204 	 1.417234 	 19.291917 	 505.231171 	 498010.770981 
205 	 -1.458823 	 17.273057 	 423.549468 	 387833.867811 
206 	 8.831242 	 16.901469 	 415.143669 	 395675.970805 
207 	 -6.392001 	 16.703975 	 381.067282 	 285443.105976 
208 	 8.829521 	 18.203066 	 460.455371 	 451273.700311 
209 	 -4.994703 	 15.312813 	 347.398151 	 293310.812061 
210 	 4.381260 	 16.924183 	 413.752231 	 384965.740484 
211 	 -2.104346 	 20.063130 	 553.457706 	 601194.986648 
212 	 3.251243 	 15.748224 	 355.250464 	 274752.744002 
213 	 10.910256 	 20.855647 	 586.065609 	 661823.382151 
214 	 1.397040 	 22.203718 	 636.711885 	 710810.249781 
215 	 -10.178849 	 19.077749 	 487.796738 	 479214.816899 
216 	 2.423024 	 14.958233 	 312.304401 	 210897.867655 
217 	 -0.854642 	 20.298208 	 553.362609 	 581125.959808 
218 	 -0.924472 	 18.191849 	 443.511998 	 388818.944322 
219 	 -2.356017 	 19.565792 	 512.431817 	 491979.097468 
220 	 2.028982 	 15.652569 	 367.346309 	 331341.702159 
221 	 4.332526 	 17.959129 	 454.702296 	 429001.144152 
222 	 3.794119 	 20.362316 	 578.023644 	 692104.745836 
223 	 -0.218333 	 17.392169 	 436.102052 	 430659.682540 
224 	 -2.667076 	 16.007653 	 402.985985 	 437341.401939 
225 	 7.729816 	 17.216212 	 418.774527 	 376740.207286 
226 	 4.806627 	 17.319045 	 424.768888 	 405070.630612 
227 	 -2.452851 	 18.911621 	 511.390059 	 551825.161571 
228 	 10.922081 	 18.532045 	 478.193454 	 474777.496777 
229 	 -11.409141 	 18.266106 	 461.714585 	 443957.030886 
230 	 7.122554 	 16.780584 	 415.669502 	 395882.592191 
231 	 1.153660 	 14.980126 	 332.080785 	 262598.325433 
232 	 7.410712 	 19.563800 	 532.029921 	 573271.368735 
233 	 10.038560 	 16.633391 	 406.312422 	 386122.729783 
234 	 -3.374092 	 18.673577 	 454.442829 	 378010.411797 
235 	 -0.084642 	 15.838307 	 379.059482 	 341042.031841 
236 	 -4.877398 	 21.229067 	 583.894582 	 623379.928016 
237 	 -1.408637 	 18.585394 	 474.139397 	 446155.125662 
238 	 14.624041 	 17.957953 	 450.505471 	 420041.023875 
239 	 -5.881266 	 18.710704 	 502.064070 	 561792.674031 
240 	 -9.986284 	 18.355478 	 471.149425 	 469073.588190 
241 	 4.886932 	 19.551241 	 513.270111 	 503688.535280 
242 	 1.866468 	 17.609897 	 431.817917 	 406787.450755 
243 	 -4.343010 	 20.124407 	 551.768170 	 606025.239313 
244 	 2.093543 	 18.404150 	 463.324477 	 433987.827036 
245 	 -3.378555 	 16.901035 	 404.899327 	 350767.245025 
246 	 3.680390 	 16.480551 	 400.604812 	 378216.738372 
247 	 3.346266 	 18.232777 	 465.859321 	 449451.657522 
248 	 0.238004 	 17.791181 	 451.597553 	 437572.358918 
249 	 -6.909292 	 17.619298 	 437.576484 	 420825.459994 
250 	 3.848802 	 18.701214 	 498.818661 	 542014.644992 
251 	 1.615494 	 16.253096 	 383.485146 	 332667.345818 
252 	 2.858509 	 17.284201 	 418.913267 	 366007.079448 
253 	 10.114327 	 18.749416 	 503.563907 	 558435.751099 
254 	 4.873672 	 18.376464 	 473.950802 	 483712.028101 
255 	 -2.846706 	 15.911476 	 376.208464 	 342901.581508 
256 	 5.398048 	 17.547388 	 435.166128 	 398268.191809 
257 	 2.100793 	 20.330476 	 563.185462 	 617727.815333 
258 	 6.005286 	 18.154599 	 458.002465 	 424619.464597 
259 	 3.095368 	 18.010359 	 450.951009 	 425492.254278 
260 	 -5.627771 	 19.457232 	 523.434163 	 538756.796462 
261 	 3.222200 	 15.869147 	 386.212386 	 393134.326616 
262 	 -7.280320 	 17.652694 	 438.441995 	 400762.026469 
263 	 -9.424010 	 19.971847 	 521.321685 	 502988.514769 
264 	 -3.562733 	 17.781927 	 434.022362 	 383912.915974 
265 	 -8.273585 	 18.610034 	 469.156123 	 440835.285091 
266 	 -2.108991 	 17.369622 	 431.520150 	 407536.238846 
267 	 -1.108937 	 18.207974 	 468.485998 	 468258.806749 
268 	 0.005025 	 20.467609 	 554.077295 	 573426.063981 
269 	 2.048047 	 15.262157 	 343.228746 	 279006.085451 
270 	 0.955531 	 20.114661 	 542.037752 	 558712.428132 
271 	 -1.159590 	 16.518996 	 390.401110 	 335297.801948 
272 	 2.848120 	 17.833462 	 447.176827 	 414168.731829 
273 	 7.342383 	 19.475280 	 494.266016 	 466601.635188 
274 	 -2.407179 	 17.659716 	 446.524667 	 430422.637004 
275 	 -0.411567 	 16.728480 	 406.770017 	 378859.756765 
276 	 -5.905512 	 19.227603 	 489.693942 	 448385.287746 
277 	 -4.627985 	 17.645734 	 442.802025 	 420374.713024 
278 	 3.763065 	 16.763176 	 406.726404 	 374177.518257 
279 	 2.636557 	 18.611170 	 482.852334 	 478118.913784 
280 	 1.646622 	 18.237155 	 467.795248 	 446267.683196 
281 	 2.231953 	 19.113384 	 508.321120 	 545779.314339 
282 	 -0.851686 	 20.098017 	 551.342891 	 598434.855627 
283 	 2.306226 	 17.425385 	 438.464980 	 424112.944777 
284 	 -5.235088 	 17.813120 	 440.379339 	 408065.659914 
285 	 -6.535830 	 18.897195 	 490.665748 	 492952.337955 
286 	 -1.519673 	 18.431031 	 480.340407 	 482381.529260 
287 	 -2.001941 	 17.118246 	 408.326464 	 353536.864680 
288 	 -0.475788 	 16.324210 	 402.633106 	 411781.415789 
289 	 4.333558 	 19.952639 	 547.602693 	 580678.585711 
290 	 -3.297094 	 18.208901 	 458.267546 	 426249.410594 
291 	 3.948627 	 16.281972 	 392.846623 	 371247.489149 
292 	 -5.078626 	 15.804588 	 379.175653 	 352703.941312 
293 	 10.725261 	 19.389645 	 515.171395 	 550271.765312 
294 	 8.743474 	 16.755354 	 406.248878 	 391013.757934 
295 	 11.643350 	 19.883387 	 550.026698 	 617408.215930 
296 	 1.321147 	 18.476360 	 457.629070 	 404439.351096 
297 	 9.510089 	 20.972467 	 604.589063 	 720972.221292 
298 	 -4.923777 	 20.268298 	 545.415090 	 559280.355269 
299 	 -0.929078 	 19.123057 	 493.885835 	 470738.227364 
300 	 0.426537 	 16.303542 	 393.477467 	 375697.422036 

%ACCRATE = 0.908240

%%%%%%%%%%%%%%%%%%%%%%%%%%%%%%%%%%%%%%%%%%%%%%%%%%%%%%%%%%%%%%%%%%%%%%%%%%%
%KAPPA = 0.180000
%%%%%%%%%%%%%%%%%%%%%%%%%%%%%%%%%%%%%%%%%%%%%%%%%%%%%%%%%%%%%%%%%%%%%%%%%%%

301 	 -6.650606 	 18.187875 	 476.410835 	 505753.861244 
302 	 -8.842961 	 24.346511 	 787.761415 	 1112673.965260 
303 	 9.103036 	 24.433016 	 747.900217 	 944011.688989 
304 	 -1.899186 	 21.747597 	 619.454501 	 712735.919655 
305 	 12.755635 	 21.571669 	 631.601455 	 762488.898363 
306 	 0.321545 	 23.260665 	 676.719693 	 775009.509264 
307 	 -6.886544 	 25.345861 	 809.441848 	 1090978.463157 
308 	 14.479451 	 22.545878 	 670.152747 	 824091.939685 
309 	 -2.407017 	 26.867965 	 902.753782 	 1332182.965556 
310 	 4.083076 	 23.968896 	 734.245511 	 925076.836166 
311 	 3.538309 	 20.294775 	 559.932870 	 605468.759621 
312 	 -6.240884 	 23.486774 	 722.851207 	 920489.541202 
313 	 7.161016 	 22.364396 	 665.051898 	 807671.439887 
314 	 -12.952605 	 25.103975 	 773.025977 	 956396.490265 
315 	 -0.447606 	 26.302815 	 878.730280 	 1283555.117568 
316 	 1.574143 	 21.459694 	 637.535656 	 784968.003633 
317 	 14.085416 	 22.262646 	 682.988195 	 918761.158455 
318 	 -4.350939 	 21.709703 	 623.422797 	 730660.778973 
319 	 14.106060 	 30.462503 	 1076.458452 	 1622591.899853 
320 	 0.981116 	 19.592900 	 524.796798 	 543643.093384 
321 	 -14.070368 	 22.214573 	 650.278819 	 774178.057828 
322 	 -6.016218 	 25.417943 	 822.556742 	 1128606.095444 
323 	 1.079817 	 22.332675 	 688.977771 	 950395.391725 
324 	 -0.557510 	 18.859398 	 497.733668 	 515854.283403 
325 	 -5.703388 	 18.133501 	 489.481245 	 557703.736324 
326 	 -1.039582 	 25.441161 	 822.424265 	 1158160.268672 
327 	 -3.213782 	 20.820600 	 599.049590 	 741843.890562 
328 	 -12.814337 	 21.236117 	 623.989264 	 781653.363197 
329 	 -2.545555 	 19.150495 	 502.115661 	 490330.182701 
330 	 7.858357 	 21.433194 	 594.337286 	 639686.497741 
331 	 7.158345 	 21.199787 	 608.029242 	 742447.607184 
332 	 4.847816 	 25.033742 	 801.150756 	 1102044.712102 
333 	 3.522729 	 20.683933 	 594.926544 	 724913.620249 
334 	 -1.971594 	 21.459607 	 649.778661 	 847976.930100 
335 	 -2.787279 	 19.312893 	 514.971460 	 543162.358738 
336 	 -17.099812 	 24.006624 	 744.397578 	 942828.682103 
337 	 4.158013 	 24.316523 	 747.887852 	 957964.448356 
338 	 1.770827 	 21.952221 	 645.459705 	 793261.041630 
339 	 -2.400999 	 28.519073 	 977.289456 	 1405121.383988 
340 	 15.226185 	 22.601481 	 654.989486 	 774744.796110 
341 	 15.201660 	 24.580695 	 764.582613 	 972666.784418 
342 	 -6.264000 	 23.844059 	 718.749493 	 896854.527310 
343 	 0.372242 	 23.819832 	 725.726707 	 916359.453860 
344 	 6.669596 	 21.123269 	 623.325112 	 768982.497384 
345 	 2.333572 	 26.144176 	 830.630510 	 1114349.098677 
346 	 5.801022 	 19.976438 	 541.439326 	 570554.582933 
347 	 -27.261498 	 28.050925 	 937.951323 	 1314590.273443 
348 	 -5.301726 	 23.623237 	 723.841358 	 919535.458065 
349 	 -4.850582 	 23.180976 	 692.189331 	 844117.805253 
350 	 -3.136623 	 24.014084 	 748.307340 	 980344.510026 
351 	 -3.626858 	 27.897160 	 952.765972 	 1399295.239270 
352 	 14.328842 	 21.643255 	 639.263517 	 812646.903471 
353 	 8.265940 	 25.398123 	 802.226879 	 1042817.948349 
354 	 -2.242372 	 22.835541 	 690.713183 	 876384.709559 
355 	 -10.212846 	 21.473160 	 617.074609 	 699784.098245 
356 	 12.255746 	 23.811807 	 736.468851 	 942018.054112 
357 	 -9.645524 	 21.248753 	 606.602454 	 704905.567968 
358 	 -15.723739 	 20.829235 	 603.785929 	 735500.498654 
359 	 9.897281 	 28.616706 	 961.117815 	 1349322.812840 
360 	 2.341578 	 19.837869 	 572.304195 	 723131.347163 
361 	 -2.160630 	 23.611590 	 705.121949 	 851774.836487 
362 	 7.364274 	 22.678054 	 672.689164 	 819930.356433 
363 	 0.920546 	 22.169556 	 638.453315 	 735548.742688 
364 	 -4.530232 	 20.875258 	 607.533362 	 744827.263184 
365 	 -4.054367 	 25.718047 	 813.576283 	 1044819.773897 
366 	 8.693010 	 25.278031 	 795.552594 	 1018625.830346 
367 	 7.117702 	 21.801415 	 633.902859 	 739433.527350 
368 	 3.191262 	 23.951779 	 747.480046 	 1000756.273235 
369 	 -3.500684 	 24.720330 	 785.007698 	 1028531.020131 
370 	 2.568570 	 25.291423 	 791.553018 	 1007217.895895 
371 	 4.524812 	 21.653024 	 602.904989 	 678592.302973 
372 	 14.771390 	 24.804802 	 765.024483 	 947229.268969 
373 	 -5.949254 	 26.783966 	 875.095559 	 1198141.382408 
374 	 -4.623306 	 20.615619 	 555.506276 	 574272.741449 
375 	 -0.286913 	 24.345189 	 763.660273 	 1037496.186074 
376 	 -1.420571 	 25.916084 	 820.781343 	 1063726.260614 
377 	 3.162813 	 24.464176 	 747.000813 	 919970.322938 
378 	 -9.660887 	 23.929737 	 730.548312 	 903723.186499 
379 	 7.476330 	 23.155254 	 693.351350 	 845781.405026 
380 	 -1.704328 	 21.505895 	 621.561069 	 753747.504200 
381 	 7.874402 	 19.610691 	 537.654176 	 608776.034205 
382 	 -5.643550 	 24.432778 	 751.104090 	 955450.471319 
383 	 1.663010 	 23.272708 	 701.393726 	 873295.291063 
384 	 -7.440758 	 24.090770 	 763.585551 	 1037483.363523 
385 	 -15.437449 	 22.175041 	 639.349418 	 746318.292520 
386 	 -5.990356 	 23.527010 	 721.736593 	 923305.843448 
387 	 -4.923476 	 22.835698 	 681.966139 	 836755.318947 
388 	 -5.543239 	 22.413948 	 641.326902 	 708237.788870 
389 	 12.478477 	 23.398733 	 706.759487 	 897278.364205 
390 	 -15.768752 	 23.445164 	 712.626075 	 899273.586675 
391 	 -1.822414 	 23.261443 	 740.183328 	 1013667.020319 
392 	 0.530472 	 25.427785 	 802.341635 	 1038769.493542 
393 	 -8.501659 	 24.720703 	 804.932244 	 1118483.777071 
394 	 -3.568587 	 23.019104 	 686.864748 	 847391.795214 
395 	 -3.948647 	 20.711120 	 592.467365 	 704167.480099 
396 	 14.943593 	 22.984267 	 678.384126 	 842203.451822 
397 	 -13.834551 	 23.806018 	 755.707131 	 1095375.205622 
398 	 1.740258 	 26.736857 	 872.212253 	 1192816.705024 
399 	 2.432174 	 22.394229 	 666.592987 	 831718.047801 
400 	 -0.673423 	 22.145231 	 650.283514 	 771638.259893 

%ACCRATE = 0.904270

%%%%%%%%%%%%%%%%%%%%%%%%%%%%%%%%%%%%%%%%%%%%%%%%%%%%%%%%%%%%%%%%%%%%%%%%%%%
%KAPPA = 0.190000
%%%%%%%%%%%%%%%%%%%%%%%%%%%%%%%%%%%%%%%%%%%%%%%%%%%%%%%%%%%%%%%%%%%%%%%%%%%

401 	 -3.850759 	 25.557496 	 833.939401 	 1175131.913995 
402 	 18.636517 	 26.871372 	 928.876575 	 1430717.005405 
403 	 24.759183 	 32.496059 	 1198.973418 	 1972521.905018 
404 	 5.495533 	 26.795283 	 889.511858 	 1268247.441916 
405 	 -14.606182 	 28.536161 	 999.120829 	 1559529.535984 
406 	 17.951685 	 29.694054 	 1089.697265 	 1848996.120133 
407 	 13.342135 	 30.008182 	 1102.207930 	 1852907.145863 
408 	 -19.835916 	 32.121904 	 1212.145479 	 2108594.025762 
409 	 -21.179264 	 32.200522 	 1216.531501 	 2101187.512047 
410 	 -32.941922 	 33.275153 	 1244.485527 	 2067099.086000 
411 	 13.729137 	 31.761968 	 1196.572240 	 2065535.252693 
412 	 3.361512 	 31.255742 	 1118.985863 	 1767980.898313 
413 	 -10.013756 	 31.118212 	 1150.001425 	 1927942.165454 
414 	 -13.474763 	 30.267857 	 1067.391069 	 1626310.354027 
415 	 -15.903192 	 27.426102 	 955.491248 	 1506578.525297 
416 	 15.709376 	 31.291930 	 1156.857623 	 1923346.847224 
417 	 6.592161 	 30.038425 	 1071.815900 	 1684528.956642 
418 	 -9.989584 	 24.056272 	 764.829847 	 1066118.855393 
419 	 25.653300 	 32.487418 	 1202.298921 	 1985309.935453 
420 	 4.875374 	 32.853652 	 1235.566221 	 2086118.167264 
421 	 -4.911350 	 26.695089 	 905.400872 	 1352466.610422 
422 	 5.674546 	 28.780897 	 993.477911 	 1481111.906417 
423 	 6.441872 	 34.292637 	 1303.383897 	 2220824.589640 
424 	 2.767043 	 30.491243 	 1120.365034 	 1913205.826024 
425 	 -5.156010 	 33.090737 	 1250.610779 	 2149146.751069 
426 	 14.436477 	 33.094726 	 1267.396514 	 2234980.510745 
427 	 5.128266 	 31.264072 	 1137.348891 	 1821501.915454 
428 	 -4.602870 	 28.141520 	 997.880413 	 1569683.411310 
429 	 -3.340067 	 26.716886 	 872.208896 	 1217331.735454 
430 	 13.612116 	 31.544923 	 1182.332215 	 2028712.076857 
431 	 10.527631 	 28.729910 	 1016.598738 	 1603174.414236 
432 	 -6.877729 	 31.549995 	 1189.461248 	 2050282.449883 
433 	 8.886967 	 31.984821 	 1172.006111 	 1879487.141163 
434 	 0.498761 	 27.565314 	 940.266733 	 1434017.226613 
435 	 -11.520661 	 26.069496 	 864.476591 	 1236101.075773 
436 	 2.965074 	 31.139981 	 1153.715191 	 1928148.031794 
437 	 -18.829531 	 29.273907 	 1032.224406 	 1610812.013556 
438 	 6.376637 	 30.836393 	 1122.393238 	 1850592.286154 
439 	 -24.655131 	 30.732266 	 1140.071891 	 1938368.597763 
440 	 -22.002538 	 26.130956 	 903.600984 	 1422806.172201 
441 	 -17.004874 	 31.522483 	 1137.234463 	 1776652.890671 
442 	 -19.025262 	 28.910578 	 1020.559672 	 1599386.595314 
443 	 -18.070763 	 34.850065 	 1355.042805 	 2350468.445013 
444 	 -9.634583 	 31.145076 	 1143.945893 	 1886477.307598 
445 	 -13.115382 	 35.945843 	 1423.207735 	 2584549.058581 
446 	 -10.746330 	 31.760877 	 1169.414418 	 1939889.241885 
447 	 -15.047520 	 28.680065 	 1032.545737 	 1688511.425526 
448 	 -6.009915 	 26.979708 	 920.191414 	 1367763.914870 
449 	 -10.470954 	 32.513840 	 1239.184435 	 2186169.754993 
450 	 21.725068 	 32.720079 	 1244.710260 	 2162524.404120 
451 	 -10.175470 	 28.047122 	 965.580612 	 1462737.831396 
452 	 8.412967 	 30.833296 	 1102.553452 	 1735101.020571 
453 	 -24.853587 	 32.043463 	 1178.352649 	 1918767.729583 
454 	 -18.186799 	 32.761522 	 1234.719778 	 2111188.625408 
455 	 5.803178 	 27.018922 	 911.260967 	 1373022.020567 
456 	 0.668678 	 29.257124 	 1066.028217 	 1802852.946911 
457 	 -9.335016 	 31.882534 	 1162.031175 	 1828318.114351 
458 	 2.212973 	 32.056026 	 1186.073138 	 1949419.218872 
459 	 4.199464 	 29.401601 	 1078.053693 	 1804103.440346 
460 	 23.855476 	 31.353141 	 1156.959290 	 1917713.423043 
461 	 -11.078994 	 30.419721 	 1116.630232 	 1870704.776913 
462 	 -5.546392 	 31.728062 	 1182.417171 	 1960744.526501 
463 	 9.529889 	 33.501112 	 1286.404655 	 2257138.862551 
464 	 9.413645 	 33.656756 	 1273.689173 	 2187385.519517 
465 	 7.507236 	 27.770205 	 968.118460 	 1495270.963574 
466 	 15.818781 	 26.884034 	 912.194453 	 1359575.883241 
467 	 -5.831128 	 31.819488 	 1179.280350 	 1947503.666662 
468 	 3.808879 	 26.741322 	 910.767591 	 1337844.076076 
469 	 19.595460 	 29.568941 	 1029.651370 	 1559855.114764 
470 	 -12.787897 	 30.329122 	 1105.734004 	 1832712.155875 
471 	 -17.978055 	 29.956809 	 1054.419423 	 1661721.891115 
472 	 20.251195 	 31.804567 	 1186.726893 	 2022880.541259 
473 	 -1.647915 	 28.098429 	 936.654742 	 1336715.037340 
474 	 -31.783452 	 32.264968 	 1238.727181 	 2176801.716889 
475 	 -26.215493 	 30.218008 	 1081.607479 	 1735589.793663 
476 	 -13.714448 	 32.762329 	 1260.013713 	 2238008.211687 
477 	 -12.679627 	 27.315602 	 960.233079 	 1558590.256300 
478 	 0.277131 	 31.928745 	 1193.936371 	 2047221.740251 
479 	 33.567231 	 33.769997 	 1287.790414 	 2228511.834670 
480 	 0.519118 	 29.470521 	 1046.256379 	 1659271.720278 
481 	 -9.908186 	 32.495195 	 1245.366951 	 2202159.364978 
482 	 3.415327 	 25.232343 	 871.329725 	 1386962.896473 
483 	 18.246955 	 30.113296 	 1121.880022 	 1944971.291659 
484 	 18.175369 	 30.468259 	 1065.874913 	 1618582.412679 
485 	 23.668549 	 29.219197 	 1035.321935 	 1623320.495336 
486 	 -16.909173 	 28.834745 	 1000.349588 	 1522159.911657 
487 	 15.422469 	 32.606545 	 1236.046693 	 2126735.890635 
488 	 19.437515 	 31.094826 	 1112.178575 	 1736119.488409 
489 	 4.597958 	 32.262560 	 1194.664661 	 1981570.201300 
490 	 8.082122 	 30.758709 	 1131.331929 	 1906979.904424 
491 	 -1.787547 	 27.269247 	 933.321538 	 1410839.338989 
492 	 8.262202 	 31.623096 	 1173.518491 	 1969106.803245 
493 	 22.173317 	 27.817330 	 977.938542 	 1546119.778771 
494 	 -14.324501 	 28.119251 	 995.403825 	 1634352.849728 
495 	 -17.044993 	 28.324865 	 984.212358 	 1546575.422924 
496 	 8.175483 	 32.163685 	 1194.719910 	 1983475.627688 
497 	 -2.643444 	 30.759636 	 1101.863811 	 1746332.759873 
498 	 -18.984365 	 33.539386 	 1286.157597 	 2255506.082106 
499 	 -5.051054 	 27.543281 	 934.765988 	 1383845.426120 
500 	 14.233555 	 28.845314 	 995.936337 	 1487998.903219 

%ACCRATE = 0.897060

%%%%%%%%%%%%%%%%%%%%%%%%%%%%%%%%%%%%%%%%%%%%%%%%%%%%%%%%%%%%%%%%%%%%%%%%%%%
%KAPPA = 0.200000
%%%%%%%%%%%%%%%%%%%%%%%%%%%%%%%%%%%%%%%%%%%%%%%%%%%%%%%%%%%%%%%%%%%%%%%%%%%

501 	 -34.586667 	 36.808080 	 1500.417531 	 2879133.069779 
502 	 -39.630109 	 39.854725 	 1722.441418 	 3606861.934445 
503 	 29.449824 	 38.530218 	 1643.916916 	 3384884.004259 
504 	 -20.411591 	 35.578238 	 1460.203762 	 2910755.648616 
505 	 15.787221 	 37.999786 	 1579.012208 	 3097379.674692 
506 	 30.368461 	 34.528534 	 1381.791938 	 2621593.244206 
507 	 34.244598 	 34.363025 	 1352.838439 	 2512973.720886 
508 	 40.823101 	 40.823101 	 1747.864342 	 3534314.210881 
509 	 -1.062538 	 37.549049 	 1544.164451 	 3011980.642662 
510 	 22.318936 	 35.463700 	 1413.447847 	 2625920.848253 
511 	 2.379151 	 34.369834 	 1355.518830 	 2501847.133874 
512 	 25.729623 	 35.789393 	 1478.845428 	 2929217.299254 
513 	 8.489402 	 38.314389 	 1585.257758 	 3042050.302940 
514 	 -11.906225 	 39.673397 	 1717.202157 	 3593815.868091 
515 	 -36.148786 	 36.484410 	 1464.731409 	 2726804.203088 
516 	 -40.525342 	 40.525342 	 1752.884883 	 3663446.073880 
517 	 14.332319 	 39.702811 	 1691.695194 	 3428392.477016 
518 	 -39.602629 	 39.640067 	 1693.441978 	 3444431.094594 
519 	 -27.512943 	 38.110673 	 1566.931313 	 3015677.269551 
520 	 -39.063737 	 39.063737 	 1641.848044 	 3271469.365676 
521 	 28.516865 	 40.131804 	 1717.964579 	 3500958.032172 
522 	 -8.279655 	 39.618611 	 1698.861152 	 3530249.253103 
523 	 15.129945 	 37.106506 	 1544.129300 	 3067469.485197 
524 	 36.958908 	 37.101415 	 1537.576802 	 3041549.813883 
525 	 35.731378 	 37.706147 	 1588.472875 	 3192306.472554 
526 	 16.077726 	 35.654969 	 1457.768185 	 2838479.987828 
527 	 40.534396 	 40.600083 	 1752.077080 	 3603852.748821 
528 	 2.468019 	 39.419934 	 1679.855063 	 3404320.817497 
529 	 2.490294 	 36.283173 	 1486.700042 	 2922811.842657 
530 	 10.809281 	 41.343250 	 1823.856236 	 3880178.404909 
531 	 -19.391527 	 39.350851 	 1685.884301 	 3506718.882107 
532 	 19.831210 	 38.842542 	 1627.758913 	 3236353.341876 
533 	 20.764875 	 37.201128 	 1557.111357 	 3174637.558005 
534 	 -9.220455 	 33.548428 	 1310.820050 	 2407193.336463 
535 	 -38.892894 	 39.050150 	 1656.005551 	 3368597.312380 
536 	 -38.303852 	 38.309973 	 1570.310043 	 2995964.380695 
537 	 -23.738779 	 34.976725 	 1406.684889 	 2672844.067170 
538 	 11.057082 	 39.897940 	 1725.541343 	 3592113.714997 
539 	 1.057160 	 40.751996 	 1755.622835 	 3595819.087617 
540 	 -13.818909 	 35.972623 	 1458.412285 	 2772175.354739 
541 	 -38.727019 	 38.793593 	 1648.790554 	 3396011.941045 
542 	 -35.797327 	 37.040852 	 1580.683272 	 3342076.295474 
543 	 29.653651 	 38.404203 	 1628.133289 	 3314517.106199 
544 	 36.747437 	 36.999483 	 1507.921275 	 2866635.212833 
545 	 23.377665 	 38.002788 	 1582.842341 	 3141779.227718 
546 	 3.238476 	 38.757815 	 1623.631769 	 3223409.351129 
547 	 38.928771 	 39.157323 	 1666.629340 	 3379669.218423 
548 	 38.157721 	 38.176241 	 1587.036364 	 3133021.422304 
549 	 41.311754 	 41.311754 	 1797.331156 	 3768209.689825 
550 	 -11.541510 	 37.500777 	 1595.307597 	 3318278.603540 
551 	 39.790585 	 39.851148 	 1684.761166 	 3346880.690356 
552 	 -31.425205 	 37.077571 	 1523.284859 	 2964719.946541 
553 	 -12.425290 	 35.743686 	 1430.277664 	 2681781.258226 
554 	 10.134518 	 38.312807 	 1593.252694 	 3149856.229641 
555 	 -39.207473 	 39.235531 	 1648.082291 	 3285648.293956 
556 	 -39.223986 	 39.224547 	 1630.062163 	 3164373.571706 
557 	 -39.742354 	 39.742354 	 1698.272110 	 3491694.240910 
558 	 21.150641 	 38.322506 	 1616.282404 	 3282799.364988 
559 	 -37.500027 	 39.550711 	 1702.191600 	 3556600.426182 
560 	 4.167449 	 38.555950 	 1628.659107 	 3277714.515428 
561 	 -25.174353 	 32.164692 	 1262.599633 	 2377890.182163 
562 	 -30.482670 	 38.970680 	 1669.640139 	 3507454.434878 
563 	 -41.348804 	 41.348804 	 1787.997131 	 3670290.816432 
564 	 -4.857280 	 38.404928 	 1603.636277 	 3168342.473664 
565 	 -13.259936 	 37.905599 	 1567.838483 	 3002465.803416 
566 	 0.118648 	 35.066711 	 1415.293171 	 2733163.899847 
567 	 9.811746 	 38.604174 	 1611.226250 	 3189386.946465 
568 	 36.771732 	 37.122818 	 1522.992828 	 2950021.568007 
569 	 18.322709 	 40.163579 	 1739.241799 	 3674460.194628 
570 	 -11.269925 	 37.815480 	 1612.139983 	 3371286.509458 
571 	 -10.661064 	 35.350844 	 1427.696740 	 2731666.924541 
572 	 -35.591803 	 35.698510 	 1429.423256 	 2681192.965898 
573 	 6.689765 	 35.304988 	 1458.251595 	 2916035.750015 
574 	 1.157246 	 35.220771 	 1441.931800 	 2876491.152258 
575 	 38.043486 	 38.043486 	 1562.116210 	 3024319.745424 
576 	 -6.278315 	 37.821613 	 1564.245306 	 3073056.798818 
577 	 -21.732396 	 41.413433 	 1805.582101 	 3766363.291787 
578 	 5.617070 	 37.829671 	 1549.359899 	 2962935.371174 
579 	 -7.527970 	 35.023294 	 1414.258135 	 2713325.600287 
580 	 30.614270 	 35.852751 	 1461.802861 	 2804854.382716 
581 	 -36.108090 	 37.451130 	 1579.495437 	 3235935.665517 
582 	 18.459602 	 40.079013 	 1737.857366 	 3650623.680170 
583 	 -33.451105 	 40.021249 	 1744.331858 	 3687311.347430 
584 	 35.295820 	 35.668503 	 1467.836138 	 2930336.251988 
585 	 40.587350 	 40.593057 	 1759.232106 	 3657802.415672 
586 	 14.080476 	 38.292526 	 1587.189904 	 3110638.230517 
587 	 12.398216 	 36.693225 	 1508.656181 	 2953956.776363 
588 	 -6.240129 	 37.827361 	 1579.328892 	 3182108.334312 
589 	 -5.023137 	 40.682748 	 1761.261261 	 3679912.424794 
590 	 29.536993 	 33.655074 	 1302.858686 	 2327766.089358 
591 	 5.120808 	 39.431749 	 1692.134849 	 3558926.128279 
592 	 26.885667 	 32.836822 	 1288.934033 	 2461446.478193 
593 	 7.732783 	 39.856888 	 1722.463080 	 3602745.368385 
594 	 24.059852 	 37.752402 	 1560.985350 	 3032820.210382 
595 	 36.667288 	 38.288716 	 1592.062223 	 3147460.947617 
596 	 -23.713819 	 36.517860 	 1519.821499 	 3039430.900817 
597 	 -7.268015 	 34.879835 	 1422.648144 	 2793703.620865 
598 	 39.720989 	 39.721259 	 1699.845778 	 3543733.871149 
599 	 13.252151 	 40.637876 	 1773.969241 	 3767242.008239 
600 	 13.342472 	 32.761364 	 1314.412063 	 2576518.605731 

%ACCRATE = 0.890060

%%%%%%%%%%%%%%%%%%%%%%%%%%%%%%%%%%%%%%%%%%%%%%%%%%%%%%%%%%%%%%%%%%%%%%%%%%%
%KAPPA = 0.210000
%%%%%%%%%%%%%%%%%%%%%%%%%%%%%%%%%%%%%%%%%%%%%%%%%%%%%%%%%%%%%%%%%%%%%%%%%%%

601 	 45.748523 	 45.748523 	 2147.449190 	 5032054.347839 
602 	 45.041592 	 45.041592 	 2104.377566 	 4938182.585036 
603 	 38.194156 	 43.972118 	 2024.433081 	 4678997.152644 
604 	 -20.642755 	 43.971052 	 2023.873762 	 4669350.882710 
605 	 43.569162 	 43.569162 	 1972.820729 	 4403479.941886 
606 	 45.555370 	 45.555370 	 2137.371614 	 5032616.343588 
607 	 44.617199 	 44.617199 	 2070.732198 	 4809561.997544 
608 	 44.211503 	 44.211503 	 2033.405129 	 4626686.180938 
609 	 44.572786 	 44.572786 	 2066.185232 	 4803942.465643 
610 	 1.708329 	 43.952354 	 2045.000299 	 4795494.296570 
611 	 29.376948 	 43.501949 	 2013.289695 	 4686128.014104 
612 	 -44.017655 	 44.083898 	 2026.063237 	 4625303.808597 
613 	 -47.610623 	 47.610623 	 2321.818406 	 5808027.408279 
614 	 -45.425067 	 45.425067 	 2131.803440 	 5026881.668192 
615 	 -45.397583 	 45.397583 	 2132.402067 	 5049649.112663 
616 	 -38.894859 	 43.225712 	 1955.811255 	 4361221.128429 
617 	 20.727802 	 43.569457 	 2024.060988 	 4803289.955573 
618 	 41.488464 	 41.692344 	 1892.595687 	 4358254.842075 
619 	 46.702314 	 46.702314 	 2235.087298 	 5430830.005074 
620 	 45.340336 	 45.352809 	 2137.664485 	 5110968.648469 
621 	 -44.561310 	 46.666135 	 2247.502841 	 5532878.352267 
622 	 -45.121483 	 45.121483 	 2111.696375 	 4960468.876559 
623 	 1.362366 	 41.886591 	 1883.677685 	 4232374.359908 
624 	 44.653556 	 44.724709 	 2090.521798 	 4899505.682589 
625 	 44.444744 	 44.444744 	 2053.581081 	 4745342.773701 
626 	 45.929100 	 45.929100 	 2173.795716 	 5207286.327950 
627 	 44.900647 	 44.916821 	 2095.728829 	 4893731.153992 
628 	 43.376291 	 43.428565 	 2019.125504 	 4774369.106621 
629 	 39.744404 	 44.019322 	 2043.066441 	 4780457.437006 
630 	 45.096516 	 45.104141 	 2100.036273 	 4836036.476927 
631 	 42.275436 	 43.370350 	 1996.400532 	 4613344.231955 
632 	 46.676358 	 46.676358 	 2239.210014 	 5472768.999305 
633 	 43.362543 	 43.379088 	 2002.874425 	 4660589.485916 
634 	 43.389523 	 43.393536 	 1975.822214 	 4493067.698224 
635 	 45.392131 	 45.392131 	 2124.642441 	 4984964.393756 
636 	 43.941517 	 43.941517 	 2015.774492 	 4627857.416538 
637 	 -31.455577 	 43.501261 	 2007.825004 	 4657501.281635 
638 	 -44.370696 	 44.371484 	 2054.589109 	 4787629.455346 
639 	 -44.384451 	 44.384451 	 2051.360613 	 4753876.290803 
640 	 24.288297 	 44.181473 	 2048.699694 	 4790330.728939 
641 	 44.948861 	 44.948861 	 2113.596884 	 5086668.510978 
642 	 19.298689 	 45.442672 	 2187.352945 	 5409361.783775 
643 	 -44.189032 	 44.196576 	 2065.562282 	 4893510.731483 
644 	 -46.205117 	 46.205117 	 2193.282388 	 5230472.532934 
645 	 -27.731574 	 44.418026 	 2093.482030 	 5030438.592381 
646 	 -2.428534 	 43.463055 	 1996.007045 	 4623516.648307 
647 	 10.329963 	 43.578936 	 1997.265513 	 4587979.282915 
648 	 -45.584456 	 45.584456 	 2139.209378 	 5031596.335261 
649 	 -46.008909 	 46.008909 	 2193.472720 	 5350515.949621 
650 	 -42.888295 	 42.888295 	 1913.547532 	 4163440.158081 
651 	 -45.201428 	 45.201428 	 2114.921047 	 4959654.434096 
652 	 -45.942047 	 45.942047 	 2165.057603 	 5102533.311062 
653 	 -6.178580 	 42.412935 	 1967.005721 	 4643111.589656 
654 	 -46.399549 	 46.399549 	 2211.195127 	 5346338.647139 
655 	 -38.418292 	 43.923185 	 2017.411987 	 4609991.177747 
656 	 19.339334 	 44.345947 	 2085.421353 	 5001065.164042 
657 	 42.082216 	 42.083393 	 1882.285922 	 4184339.067758 
658 	 44.261141 	 44.261141 	 2034.899262 	 4668957.681119 
659 	 44.626690 	 44.626690 	 2074.571177 	 4833738.900218 
660 	 45.793063 	 45.793063 	 2162.993278 	 5144120.425492 
661 	 20.882936 	 43.347968 	 2008.749822 	 4659161.941128 
662 	 -43.531659 	 43.531659 	 1991.394847 	 4574142.647452 
663 	 -46.912958 	 46.912958 	 2258.275739 	 5528308.486758 
664 	 -44.758103 	 44.765509 	 2084.337685 	 4872298.267502 
665 	 33.865859 	 40.208985 	 1804.732590 	 4126539.672507 
666 	 6.412201 	 43.262408 	 1979.323894 	 4537864.064273 
667 	 42.246656 	 44.474658 	 2085.673524 	 4977072.126000 
668 	 44.676429 	 44.683867 	 2093.035567 	 4982921.280145 
669 	 44.367943 	 45.131427 	 2151.893156 	 5305104.688860 
670 	 45.081560 	 45.081560 	 2098.300997 	 4888520.243168 
671 	 45.041946 	 45.041946 	 2086.351685 	 4784165.428495 
672 	 44.368149 	 44.384628 	 2066.973946 	 4848807.510787 
673 	 45.923934 	 45.923934 	 2181.593000 	 5292522.254971 
674 	 44.839836 	 44.839836 	 2106.477274 	 5016501.575342 
675 	 44.594852 	 44.594852 	 2064.109316 	 4814455.420977 
676 	 43.241157 	 43.241157 	 1947.845255 	 4318247.741036 
677 	 45.055315 	 45.055315 	 2108.331905 	 5001545.402757 
678 	 44.409763 	 44.410315 	 2068.135345 	 4872768.188425 
679 	 45.264416 	 45.264416 	 2111.264908 	 4909498.093419 
680 	 45.025691 	 45.025691 	 2096.519487 	 4886429.411929 
681 	 11.587012 	 43.738851 	 2015.043334 	 4681551.653426 
682 	 -45.073832 	 45.073832 	 2110.279630 	 4994038.562123 
683 	 -45.724921 	 45.724921 	 2158.521834 	 5135938.954553 
684 	 38.783318 	 44.053398 	 2053.333747 	 4824298.517352 
685 	 45.045652 	 45.052884 	 2114.811010 	 4992688.435675 
686 	 44.044121 	 44.044121 	 2030.048084 	 4710296.798572 
687 	 44.182509 	 44.182509 	 2036.153264 	 4672522.415362 
688 	 39.949807 	 40.166798 	 1781.444279 	 3924214.129056 
689 	 -41.865484 	 42.230917 	 1914.913412 	 4339307.977849 
690 	 -44.777383 	 44.777383 	 2080.063530 	 4852288.615753 
691 	 20.241457 	 44.305631 	 2048.414909 	 4736677.337853 
692 	 46.099972 	 46.099972 	 2204.818895 	 5409217.565376 
693 	 45.932485 	 45.932485 	 2172.108220 	 5183845.442939 
694 	 42.835414 	 42.843693 	 1934.357616 	 4308907.877254 
695 	 44.548029 	 44.548029 	 2060.852918 	 4791989.484817 
696 	 41.196943 	 41.835899 	 1900.280252 	 4337119.399771 
697 	 46.053872 	 46.062210 	 2201.032006 	 5345688.897985 
698 	 44.518295 	 44.543037 	 2094.438490 	 5007008.038151 
699 	 42.236343 	 42.296340 	 1926.479601 	 4351607.102356 
700 	 43.437067 	 43.437067 	 1976.846697 	 4473901.585729 

%ACCRATE = 0.882640

%%%%%%%%%%%%%%%%%%%%%%%%%%%%%%%%%%%%%%%%%%%%%%%%%%%%%%%%%%%%%%%%%%%%%%%%%%%
%KAPPA = 0.220000
%%%%%%%%%%%%%%%%%%%%%%%%%%%%%%%%%%%%%%%%%%%%%%%%%%%%%%%%%%%%%%%%%%%%%%%%%%%

701 	 -48.797207 	 48.993075 	 2478.223148 	 6651514.904128 
702 	 -50.398354 	 50.398354 	 2578.001884 	 7013244.397045 
703 	 -49.993563 	 49.993563 	 2541.227019 	 6847435.396526 
704 	 -50.694309 	 50.694309 	 2610.148825 	 7186137.483188 
705 	 -50.468440 	 50.468440 	 2585.636869 	 7053965.998848 
706 	 -50.510265 	 50.510265 	 2595.345645 	 7134244.930503 
707 	 -49.054641 	 49.054641 	 2461.012730 	 6498556.411466 
708 	 -49.980067 	 49.980067 	 2538.108993 	 6821597.744307 
709 	 -49.474910 	 49.474910 	 2506.728040 	 6755066.760624 
710 	 -50.352465 	 50.352465 	 2572.397327 	 6977563.555070 
711 	 -49.175573 	 49.175573 	 2480.362283 	 6644255.712752 
712 	 -49.560610 	 49.560610 	 2502.255651 	 6666845.856884 
713 	 -49.229068 	 49.229068 	 2469.454541 	 6508965.340619 
714 	 -49.740224 	 49.767263 	 2536.163286 	 6896674.829976 
715 	 47.052801 	 49.526584 	 2522.700931 	 6892895.585728 
716 	 49.082513 	 49.257501 	 2515.680962 	 6871504.663071 
717 	 49.970710 	 49.970710 	 2550.941847 	 6969485.523725 
718 	 49.981580 	 49.986036 	 2554.355973 	 6965511.464025 
719 	 48.526386 	 48.526386 	 2427.687336 	 6445522.391614 
720 	 48.702333 	 48.702333 	 2437.835938 	 6472055.676268 
721 	 50.423432 	 50.423432 	 2587.439872 	 7093890.121018 
722 	 50.182774 	 50.182774 	 2577.817323 	 7106170.684063 
723 	 49.268562 	 49.268562 	 2503.029271 	 6820102.868131 
724 	 50.158034 	 50.158538 	 2592.003660 	 7221055.544077 
725 	 49.697355 	 49.697355 	 2509.859423 	 6668903.970736 
726 	 49.110912 	 49.110912 	 2458.370279 	 6449733.372660 
727 	 48.849760 	 48.849760 	 2453.739744 	 6546721.590706 
728 	 50.589625 	 50.589625 	 2594.020707 	 7068865.078716 
729 	 50.063348 	 50.063348 	 2550.914040 	 6922505.950689 
730 	 48.744667 	 48.755887 	 2448.549600 	 6534186.358108 
731 	 49.474471 	 49.474471 	 2494.100417 	 6634494.307649 
732 	 49.970893 	 49.970893 	 2538.258776 	 6832246.384374 
733 	 51.021308 	 51.021308 	 2631.904518 	 7215252.008569 
734 	 49.422052 	 49.422052 	 2484.956484 	 6557831.087706 
735 	 50.457287 	 50.457287 	 2588.045022 	 7094124.773782 
736 	 49.701148 	 49.701148 	 2524.972682 	 6851069.654086 
737 	 50.474703 	 50.474703 	 2600.307530 	 7219383.485411 
738 	 47.726034 	 47.726034 	 2354.487752 	 6104110.336813 
739 	 50.060052 	 50.060052 	 2550.759720 	 6926255.211292 
740 	 47.545814 	 47.545814 	 2324.200158 	 5921715.066160 
741 	 49.815129 	 49.815129 	 2526.589214 	 6801847.652966 
742 	 49.963706 	 49.963706 	 2541.561036 	 6861000.562999 
743 	 50.374146 	 50.374146 	 2586.374828 	 7114881.571514 
744 	 50.103786 	 50.103786 	 2549.434915 	 6862423.927094 
745 	 50.064128 	 50.064128 	 2551.611977 	 6925270.548886 
746 	 49.272082 	 49.272082 	 2477.998991 	 6578353.066365 
747 	 47.581714 	 47.870216 	 2379.836690 	 6229531.271664 
748 	 49.191542 	 49.191542 	 2476.322725 	 6618596.284935 
749 	 50.760039 	 50.760039 	 2614.075412 	 7190716.522001 
750 	 49.598850 	 49.598850 	 2504.871634 	 6696391.095986 
751 	 48.921896 	 48.921896 	 2459.029215 	 6598675.954549 
752 	 49.683823 	 49.683823 	 2523.574654 	 6844256.879753 
753 	 49.572879 	 49.572879 	 2516.514462 	 6793012.162250 
754 	 49.602522 	 49.602522 	 2506.556287 	 6684988.418761 
755 	 49.785462 	 49.785462 	 2527.355956 	 6818245.549744 
756 	 48.571518 	 48.592895 	 2428.106786 	 6401790.969438 
757 	 48.976440 	 48.976440 	 2457.987984 	 6530409.081540 
758 	 49.119991 	 49.119991 	 2472.182208 	 6572557.852331 
759 	 49.265455 	 49.265455 	 2483.145263 	 6649628.179238 
760 	 -6.852996 	 46.994619 	 2321.814591 	 6086546.955676 
761 	 -49.476715 	 49.476715 	 2487.497578 	 6546818.363658 
762 	 -49.143532 	 49.143532 	 2479.500229 	 6689552.690180 
763 	 -49.529699 	 49.529699 	 2508.665316 	 6754281.674601 
764 	 -47.541609 	 47.546542 	 2359.652066 	 6244588.686192 
765 	 -48.738081 	 48.746524 	 2444.255441 	 6485523.034127 
766 	 -50.173575 	 50.173575 	 2556.420748 	 6914645.501230 
767 	 -49.829189 	 49.829189 	 2536.307670 	 6900675.499515 
768 	 -47.749888 	 47.749888 	 2341.963069 	 5990898.435621 
769 	 -50.037704 	 50.037704 	 2547.482417 	 6884920.503027 
770 	 43.404136 	 48.903824 	 2461.813845 	 6560386.188941 
771 	 49.742311 	 49.742311 	 2525.640689 	 6813407.062035 
772 	 47.741599 	 47.741599 	 2359.523732 	 6135006.435474 
773 	 50.792675 	 50.792675 	 2616.858341 	 7207354.336983 
774 	 48.721062 	 48.721062 	 2431.992725 	 6403521.026430 
775 	 49.638044 	 49.638044 	 2510.627004 	 6717319.876033 
776 	 50.127686 	 50.127686 	 2564.304534 	 7027521.857694 
777 	 -8.068802 	 48.617598 	 2473.867987 	 6793156.919919 
778 	 -50.114713 	 50.114713 	 2552.580619 	 6888382.540918 
779 	 -49.604728 	 49.604728 	 2511.081431 	 6734553.685948 
780 	 -49.913316 	 49.913316 	 2532.640422 	 6791456.547570 
781 	 -49.845476 	 49.845476 	 2537.888518 	 6911250.438944 
782 	 -49.945753 	 49.945753 	 2549.289388 	 6980885.012440 
783 	 -49.828927 	 49.828927 	 2539.172723 	 6943903.048975 
784 	 -48.465962 	 48.465962 	 2412.226200 	 6326686.621197 
785 	 -48.225646 	 48.261801 	 2443.776622 	 6656076.991729 
786 	 -49.577353 	 49.577353 	 2506.286913 	 6692597.936051 
787 	 -48.047407 	 48.047407 	 2367.709545 	 6091897.522978 
788 	 -49.571826 	 49.571826 	 2515.325389 	 6820402.769622 
789 	 -48.869387 	 48.869387 	 2447.587588 	 6477218.211340 
790 	 -50.436978 	 50.436978 	 2589.266383 	 7123608.099758 
791 	 26.330266 	 47.980526 	 2409.360549 	 6414021.666481 
792 	 49.940002 	 49.940002 	 2536.676751 	 6835343.837264 
793 	 48.144203 	 48.144203 	 2369.434260 	 6050225.787946 
794 	 51.035862 	 51.035862 	 2643.529792 	 7367880.975002 
795 	 50.606539 	 50.606539 	 2599.111777 	 7125165.984816 
796 	 50.549986 	 50.549986 	 2597.980995 	 7145212.637236 
797 	 50.551489 	 50.551489 	 2609.720776 	 7293463.140185 
798 	 48.808068 	 48.808068 	 2442.266512 	 6462036.496650 
799 	 -21.686535 	 49.181281 	 2494.198739 	 6738305.936881 
800 	 -50.031234 	 50.031234 	 2552.653858 	 6944902.861289 

%ACCRATE = 0.875790

%%%%%%%%%%%%%%%%%%%%%%%%%%%%%%%%%%%%%%%%%%%%%%%%%%%%%%%%%%%%%%%%%%%%%%%%%%%
%KAPPA = 0.230000
%%%%%%%%%%%%%%%%%%%%%%%%%%%%%%%%%%%%%%%%%%%%%%%%%%%%%%%%%%%%%%%%%%%%%%%%%%%

801 	 -52.601345 	 52.601345 	 2810.747398 	 8293933.067489 
802 	 -53.197869 	 53.197869 	 2862.673497 	 8545082.293643 
803 	 -53.519305 	 53.519305 	 2894.133396 	 8701481.206967 
804 	 -52.972130 	 52.972130 	 2837.735161 	 8396063.263994 
805 	 -53.774054 	 53.774054 	 2922.066948 	 8870123.467056 
806 	 -52.314479 	 52.314479 	 2780.728372 	 8166264.369573 
807 	 -52.949731 	 52.949731 	 2857.660813 	 8601136.142801 
808 	 -53.870941 	 53.870941 	 2931.436840 	 8916733.287400 
809 	 -51.360368 	 51.360368 	 2696.229621 	 7803523.969646 
810 	 -52.279155 	 52.279155 	 2773.330176 	 8094375.174002 
811 	 -53.766898 	 53.766898 	 2925.117346 	 8921304.010148 
812 	 -52.932457 	 52.932457 	 2833.033360 	 8359198.936674 
813 	 -51.909230 	 51.909230 	 2734.552924 	 7875172.899928 
814 	 -52.778273 	 52.778273 	 2833.459949 	 8473084.792380 
815 	 -53.467641 	 53.467641 	 2888.857687 	 8671985.484261 
816 	 -53.700242 	 53.700242 	 2917.096201 	 8864043.142532 
817 	 -53.536298 	 53.536298 	 2897.901937 	 8739590.799071 
818 	 -52.840180 	 52.840180 	 2834.125689 	 8466394.111107 
819 	 5.975678 	 52.242064 	 2793.214940 	 8295788.104336 
820 	 53.045165 	 53.045165 	 2853.003386 	 8539688.073972 
821 	 53.493345 	 53.493345 	 2892.989903 	 8714034.897519 
822 	 52.338521 	 52.338521 	 2781.402113 	 8143267.164244 
823 	 53.686546 	 53.686546 	 2916.795760 	 8873770.792578 
824 	 53.217529 	 53.217529 	 2869.740870 	 8619375.803259 
825 	 52.939190 	 52.939190 	 2839.596415 	 8442762.075934 
826 	 52.947901 	 52.947901 	 2835.279541 	 8381651.909195 
827 	 52.400735 	 52.400735 	 2791.806182 	 8214612.931729 
828 	 54.035039 	 54.035039 	 2946.674925 	 8983153.628060 
829 	 53.461981 	 53.461981 	 2889.183912 	 8683269.285889 
830 	 52.270657 	 52.270657 	 2787.206846 	 8260515.490853 
831 	 53.343677 	 53.343677 	 2874.118006 	 8577303.008835 
832 	 52.640734 	 52.640734 	 2808.420898 	 8246029.483996 
833 	 53.839928 	 53.839928 	 2930.029496 	 8919526.893208 
834 	 53.333416 	 53.333416 	 2875.950033 	 8610202.117320 
835 	 52.769323 	 52.769323 	 2838.680657 	 8528731.859224 
836 	 53.089800 	 53.089800 	 2863.916134 	 8644570.594841 
837 	 53.473431 	 53.473431 	 2892.137131 	 8716116.607138 
838 	 52.940080 	 52.940080 	 2840.077159 	 8464921.470535 
839 	 53.080079 	 53.080079 	 2852.658981 	 8501393.296066 
840 	 53.280630 	 53.280630 	 2870.040020 	 8581759.566064 
841 	 54.512960 	 54.512960 	 2998.160918 	 9290861.636861 
842 	 53.719998 	 53.719998 	 2925.825772 	 8953221.758021 
843 	 53.653642 	 53.653642 	 2905.580084 	 8741234.016149 
844 	 53.315875 	 53.315875 	 2880.778979 	 8689829.935485 
845 	 52.977371 	 52.977371 	 2846.277770 	 8502436.798791 
846 	 52.946185 	 52.946185 	 2836.643338 	 8400432.992602 
847 	 52.915017 	 52.915017 	 2837.576480 	 8429773.725573 
848 	 51.568730 	 51.649440 	 2743.955796 	 8072596.004389 
849 	 -50.825479 	 51.468847 	 2736.764631 	 8076070.554102 
850 	 -52.857822 	 52.857822 	 2826.912457 	 8340334.981472 
851 	 -52.905310 	 52.905310 	 2838.573762 	 8469467.576426 
852 	 -53.871146 	 53.871146 	 2934.366535 	 8955598.523461 
853 	 -53.799267 	 53.799267 	 2922.830553 	 8856060.641595 
854 	 -52.919256 	 52.919256 	 2836.112976 	 8401214.549055 
855 	 -53.506963 	 53.506963 	 2893.168413 	 8698541.587627 
856 	 -53.596430 	 53.596430 	 2903.466582 	 8763331.058219 
857 	 -52.984623 	 52.984623 	 2839.505024 	 8405730.334913 
858 	 -53.845865 	 53.845865 	 2926.724177 	 8866172.898971 
859 	 -52.235659 	 52.235659 	 2769.898427 	 8077714.860987 
860 	 -54.189098 	 54.189098 	 2961.825088 	 9058140.188841 
861 	 -53.665272 	 53.665272 	 2907.532739 	 8757726.427315 
862 	 -53.479542 	 53.479542 	 2893.845426 	 8729241.191843 
863 	 -52.837002 	 52.837002 	 2826.914534 	 8352763.721528 
864 	 -52.385144 	 52.385144 	 2795.311675 	 8298688.919665 
865 	 -50.586872 	 50.728239 	 2676.371822 	 7828150.745383 
866 	 -53.630139 	 53.630139 	 2906.326283 	 8785243.284022 
867 	 -54.260380 	 54.260380 	 2971.536751 	 9142441.760360 
868 	 -53.289239 	 53.289239 	 2871.738455 	 8591368.477432 
869 	 -52.209371 	 52.209371 	 2766.831524 	 8069806.406002 
870 	 -52.610488 	 52.610488 	 2809.962755 	 8309222.028160 
871 	 -52.872826 	 52.872826 	 2832.272439 	 8409089.104614 
872 	 9.716548 	 52.318449 	 2799.804665 	 8331610.549092 
873 	 51.525999 	 51.525999 	 2705.263957 	 7785582.689136 
874 	 52.904736 	 52.904736 	 2830.573318 	 8346602.695870 
875 	 52.150427 	 52.150427 	 2760.874081 	 8035570.034331 
876 	 52.232083 	 52.232083 	 2768.520969 	 8066490.320109 
877 	 53.406294 	 53.406294 	 2882.510589 	 8626766.686167 
878 	 53.564816 	 53.564816 	 2899.780917 	 8737123.566891 
879 	 53.847520 	 53.847520 	 2925.873617 	 8851300.186267 
880 	 53.606860 	 53.606860 	 2901.318243 	 8721658.671561 
881 	 52.273693 	 52.273693 	 2766.855225 	 8006942.987889 
882 	 53.380953 	 53.380953 	 2877.795130 	 8591163.842581 
883 	 53.543528 	 53.543528 	 2896.949924 	 8723637.812187 
884 	 53.566698 	 53.566698 	 2900.537515 	 8751693.316973 
885 	 52.941005 	 52.941005 	 2845.426326 	 8487389.415438 
886 	 52.936082 	 52.936082 	 2837.341576 	 8407181.072873 
887 	 53.853470 	 53.853470 	 2929.341405 	 8899805.523211 
888 	 53.256128 	 53.256128 	 2872.538404 	 8639325.540929 
889 	 53.542847 	 53.542847 	 2898.008293 	 8735736.436136 
890 	 52.849027 	 52.849027 	 2830.689319 	 8405822.833228 
891 	 53.171521 	 53.171521 	 2865.974458 	 8603149.134864 
892 	 53.419891 	 53.419891 	 2884.679568 	 8653912.594710 
893 	 53.267959 	 53.267959 	 2868.209328 	 8553779.135137 
894 	 52.992279 	 52.992279 	 2841.322521 	 8428122.510761 
895 	 52.906965 	 52.906965 	 2831.922334 	 8362343.641409 
896 	 53.869111 	 53.869111 	 2930.765412 	 8911604.218701 
897 	 53.511289 	 53.511289 	 2894.650607 	 8710827.322490 
898 	 54.070587 	 54.070587 	 2952.278531 	 9032832.703362 
899 	 53.499205 	 53.499205 	 2899.365624 	 8789217.116974 
900 	 53.540064 	 53.540064 	 2902.648661 	 8801541.814312 

%ACCRATE = 0.871240
