%%%%%%%%%%%%%%%%%%%%%%%%%%%%%%%%%%%%%%%%%%%%%%%%%%%%%%%%%%%%%%%%%%%%%%%%%%%
%SIMULAZIONE D = 3, L = 6, V = 216
%NUMERO DI MISURE PER OGNI KAPPA: T = 100
%%%%%%%%%%%%%%%%%%%%%%%%%%%%%%%%%%%%%%%%%%%%%%%%%%%%%%%%%%%%%%%%%%%%%%%%%%%

%%%%%%%%%%%%%%%%%%%%%%%%%%%%%%%%%%%%%%%%%%%%%%%%%%%%%%%%%%%%%%%%%%%%%%%%%%%
%KAPPA = 0.150000
%%%%%%%%%%%%%%%%%%%%%%%%%%%%%%%%%%%%%%%%%%%%%%%%%%%%%%%%%%%%%%%%%%%%%%%%%%%

1 	 -1.801169 	 21.208912 	 697.887814 	 1645693.816595 
2 	 -7.985811 	 26.477382 	 1058.845768 	 3032052.639041 
3 	 2.165867 	 23.371469 	 807.022381 	 1581811.300818 
4 	 -0.024545 	 25.887124 	 980.225012 	 2342760.536100 
5 	 5.112536 	 21.157710 	 695.978147 	 1371691.107525 
6 	 -5.053693 	 25.040337 	 926.360316 	 2116093.598624 
7 	 -3.412785 	 24.014922 	 869.559967 	 2069137.028186 
8 	 -0.847452 	 23.655635 	 887.374882 	 2353197.681279 
9 	 1.057672 	 24.907108 	 895.514310 	 1833904.122043 
10 	 7.904824 	 22.992569 	 820.091211 	 1880079.016741 
11 	 -4.927816 	 21.312153 	 746.668316 	 1707215.855739 
12 	 2.625984 	 25.472258 	 969.735371 	 2615804.506551 
13 	 0.975166 	 24.584123 	 864.909368 	 1781906.294681 
14 	 3.673062 	 22.690147 	 811.904686 	 1809654.392707 
15 	 -5.583159 	 22.629495 	 775.753744 	 1600688.606472 
16 	 5.092267 	 21.992947 	 721.829357 	 1343229.574587 
17 	 1.362756 	 26.103123 	 1051.829292 	 3240137.601776 
18 	 2.575532 	 23.303883 	 798.416380 	 1561532.649856 
19 	 -9.479930 	 24.156397 	 878.666589 	 1953833.962724 
20 	 -2.085616 	 22.338733 	 777.619277 	 1839385.399102 
21 	 5.363781 	 23.594458 	 812.863528 	 1537795.159703 
22 	 2.842374 	 18.987543 	 576.408016 	 989836.963097 
23 	 4.347172 	 22.519077 	 783.949502 	 1592562.394288 
24 	 11.390034 	 26.557257 	 1030.363247 	 2537987.066990 
25 	 -3.182342 	 25.063956 	 956.086194 	 2450562.157996 
26 	 2.956675 	 24.748807 	 904.004785 	 2015699.030658 
27 	 -1.227837 	 18.943887 	 556.727650 	 853616.152148 
28 	 -5.177250 	 22.669141 	 791.891702 	 1756696.488618 
29 	 -0.537913 	 24.351781 	 911.597710 	 2246384.744551 
30 	 0.291176 	 26.715682 	 1125.118188 	 3467545.039718 
31 	 -5.183615 	 25.410334 	 1002.423194 	 2826187.829941 
32 	 -8.457090 	 20.650923 	 648.361183 	 1122031.313227 
33 	 9.529111 	 25.101751 	 926.240609 	 2119447.991517 
34 	 6.031189 	 23.751861 	 926.601781 	 2564215.460514 
35 	 5.424352 	 23.639947 	 887.585572 	 2377954.749014 
36 	 4.393509 	 21.552029 	 731.780049 	 1540567.865492 
37 	 2.358316 	 20.685175 	 686.768581 	 1377786.255265 
38 	 -7.031440 	 24.004744 	 856.818431 	 1891212.791187 
39 	 0.291922 	 24.508225 	 880.728991 	 1865884.720315 
40 	 7.027262 	 24.510233 	 943.495297 	 2640495.558059 
41 	 -0.797543 	 23.277088 	 831.112532 	 1854198.699956 
42 	 -4.959348 	 26.532051 	 1033.095721 	 2580785.344328 
43 	 5.150920 	 20.300766 	 664.216704 	 1605439.801930 
44 	 -0.308658 	 24.322548 	 889.671137 	 1939989.455986 
45 	 -10.321195 	 24.072143 	 888.611588 	 2129604.144638 
46 	 -8.738077 	 23.207137 	 838.556008 	 1981790.872667 
47 	 -2.557778 	 18.790207 	 583.110294 	 1169412.809170 
48 	 3.982272 	 22.861867 	 778.723737 	 1479673.914105 
49 	 5.831985 	 21.328970 	 741.292995 	 1619397.330666 
50 	 -3.539491 	 23.471117 	 864.991559 	 1998680.704725 
51 	 -1.331957 	 20.524188 	 637.160612 	 1085918.615407 
52 	 2.689851 	 21.960814 	 735.663548 	 1441853.490968 
53 	 0.702090 	 24.350744 	 897.772821 	 2159920.861227 
54 	 -7.443740 	 23.150970 	 800.515468 	 1641178.089281 
55 	 14.223994 	 26.494087 	 1136.359304 	 3803185.576094 
56 	 7.549419 	 27.296665 	 1119.918944 	 3096844.790720 
57 	 -2.739975 	 20.555537 	 674.499028 	 1312066.366075 
58 	 -7.026580 	 25.090696 	 925.500202 	 2120453.544470 
59 	 -8.197541 	 24.505136 	 920.386561 	 2391650.779601 
60 	 -1.587907 	 23.452631 	 836.294277 	 2001240.333203 
61 	 2.587058 	 20.689109 	 673.658395 	 1267892.322891 
62 	 3.695266 	 26.594330 	 1010.982863 	 2461189.868048 
63 	 1.163862 	 20.901942 	 720.460633 	 1635630.769850 
64 	 1.875122 	 23.027361 	 836.561216 	 2023866.546577 
65 	 -5.542583 	 26.792664 	 1073.145096 	 2957528.616349 
66 	 -0.564004 	 21.140504 	 683.562370 	 1276093.442494 
67 	 -2.489932 	 22.562163 	 808.899518 	 1893654.303113 
68 	 4.381081 	 22.027745 	 745.996458 	 1669111.516090 
69 	 6.507280 	 24.670726 	 957.585902 	 2421919.687929 
70 	 -3.334027 	 26.936846 	 1074.523778 	 2898497.104385 
71 	 7.764340 	 21.596307 	 741.146779 	 1688660.113873 
72 	 -0.584035 	 21.827550 	 769.169645 	 1828361.129557 
73 	 -4.626067 	 24.452467 	 973.719308 	 3332100.145805 
74 	 1.590926 	 22.308558 	 825.135811 	 2258708.228463 
75 	 6.114884 	 23.799280 	 846.706643 	 1808458.689691 
76 	 -1.838815 	 22.809443 	 823.201672 	 1992341.712107 
77 	 1.179377 	 23.442848 	 868.446817 	 2204909.356316 
78 	 8.640390 	 19.904543 	 629.483296 	 1219501.554226 
79 	 1.298104 	 23.545523 	 806.821413 	 1567069.165885 
80 	 2.234395 	 24.588211 	 884.300432 	 1910182.803819 
81 	 -5.461224 	 23.088346 	 820.966051 	 1869677.685848 
82 	 1.522640 	 24.621739 	 930.632581 	 2306343.463642 
83 	 12.318466 	 24.522255 	 940.312158 	 2671363.877996 
84 	 2.905478 	 21.109794 	 673.074578 	 1203029.705268 
85 	 0.216136 	 18.177375 	 512.211497 	 728361.938294 
86 	 1.975793 	 21.586848 	 696.834324 	 1282663.321191 
87 	 -1.091828 	 24.181284 	 891.059070 	 2171116.998383 
88 	 -3.057415 	 24.018352 	 880.856033 	 2025332.468576 
89 	 0.067598 	 22.559642 	 801.869735 	 1860654.850979 
90 	 0.137521 	 19.432584 	 630.830325 	 1346205.422501 
91 	 3.249849 	 24.062950 	 892.700484 	 2298242.616028 
92 	 6.658661 	 23.283660 	 853.846351 	 2030625.968357 
93 	 -15.304820 	 24.348165 	 895.597749 	 1993454.836143 
94 	 4.486715 	 21.438393 	 705.343042 	 1367181.914047 
95 	 3.946465 	 25.092575 	 973.304449 	 2618845.107617 
96 	 -8.628630 	 24.245901 	 892.360092 	 2210677.404428 
97 	 7.499263 	 21.031694 	 687.754564 	 1362199.743156 
98 	 2.499405 	 22.444453 	 768.835095 	 1569923.631998 
99 	 1.913153 	 21.801764 	 727.002088 	 1365823.722915 
100 	 -6.067742 	 22.729180 	 819.465160 	 1925944.439794 

%ACCRATE = 0.897310

%%%%%%%%%%%%%%%%%%%%%%%%%%%%%%%%%%%%%%%%%%%%%%%%%%%%%%%%%%%%%%%%%%%%%%%%%%%
%KAPPA = 0.160000
%%%%%%%%%%%%%%%%%%%%%%%%%%%%%%%%%%%%%%%%%%%%%%%%%%%%%%%%%%%%%%%%%%%%%%%%%%%

101 	 -2.052751 	 26.039217 	 1021.761740 	 2738789.746618 
102 	 -0.257790 	 28.840171 	 1366.340444 	 5859100.296789 
103 	 -0.282646 	 34.253417 	 1648.368952 	 5670017.431923 
104 	 4.665705 	 25.809656 	 990.833381 	 2565101.261742 
105 	 -4.917204 	 26.817629 	 1096.777631 	 3232667.487627 
106 	 0.663820 	 25.483914 	 1017.461282 	 2887821.515789 
107 	 3.139143 	 24.177436 	 927.358255 	 2505230.991759 
108 	 5.780048 	 28.780305 	 1269.725896 	 4678681.903477 
109 	 -4.198789 	 22.810268 	 793.070158 	 1708891.144902 
110 	 7.614999 	 22.251226 	 819.992325 	 2446128.404897 
111 	 -10.815199 	 30.638939 	 1387.355036 	 4643857.355148 
112 	 4.010356 	 26.169611 	 1068.969693 	 3365555.534196 
113 	 5.983067 	 33.844065 	 1651.015384 	 6091221.419289 
114 	 -3.472849 	 30.921871 	 1396.516465 	 4716773.222778 
115 	 -5.568276 	 29.116530 	 1252.887968 	 3759219.975492 
116 	 -0.237165 	 23.715714 	 854.913065 	 1978489.252958 
117 	 4.164491 	 26.912061 	 1193.158006 	 4606706.893256 
118 	 5.499085 	 27.216207 	 1148.163332 	 3916698.180958 
119 	 3.316688 	 31.835059 	 1517.723925 	 5562541.137082 
120 	 -5.907841 	 23.614923 	 905.623817 	 2551957.381680 
121 	 -15.954883 	 33.448719 	 1577.355416 	 5423586.987085 
122 	 -5.045615 	 31.817664 	 1461.622046 	 4795865.391882 
123 	 -5.651542 	 24.892138 	 936.219934 	 2445402.186011 
124 	 10.366517 	 27.316724 	 1132.542420 	 3419547.442059 
125 	 5.069653 	 26.157963 	 1035.771542 	 2705434.400611 
126 	 -1.127335 	 24.471978 	 879.841860 	 1881402.317254 
127 	 -4.027924 	 27.866322 	 1081.618758 	 2449659.309703 
128 	 7.962170 	 27.955515 	 1304.972518 	 5399208.249060 
129 	 -3.798084 	 25.581710 	 992.463658 	 2546876.484034 
130 	 -0.055188 	 28.576778 	 1310.586233 	 5069642.142313 
131 	 -4.557701 	 23.325830 	 857.230966 	 2141018.066981 
132 	 -10.111030 	 25.727006 	 1055.502078 	 3361032.750582 
133 	 -3.523743 	 24.444075 	 903.029574 	 2241261.891701 
134 	 -8.967221 	 26.292527 	 1089.876108 	 3646608.599261 
135 	 2.319462 	 27.142754 	 1111.901115 	 3140314.296457 
136 	 -0.594039 	 29.612732 	 1326.183861 	 4781470.469721 
137 	 5.154571 	 28.325289 	 1131.435065 	 2842431.694682 
138 	 -3.327287 	 23.402784 	 823.962142 	 1724699.507300 
139 	 -0.654411 	 28.248326 	 1217.935622 	 3894572.288164 
140 	 2.704256 	 26.631457 	 1078.871006 	 3004936.112415 
141 	 -15.287247 	 30.040812 	 1320.951300 	 4245676.770371 
142 	 -0.066089 	 26.369101 	 1067.092481 	 2951147.417511 
143 	 10.418845 	 27.742349 	 1238.567303 	 4843868.705120 
144 	 2.875180 	 31.842166 	 1464.287719 	 4988693.711736 
145 	 7.253812 	 32.879993 	 1527.585651 	 5195552.852018 
146 	 9.172937 	 31.080867 	 1453.783292 	 5301444.995153 
147 	 7.801128 	 33.296876 	 1768.521127 	 8332954.160910 
148 	 -7.211745 	 24.364136 	 931.199357 	 2472504.906519 
149 	 12.304367 	 29.099275 	 1347.649716 	 5782865.699162 
150 	 -4.288690 	 27.218620 	 1153.302927 	 3623636.467599 
151 	 -1.906184 	 26.234071 	 974.778929 	 2096971.217354 
152 	 -16.127660 	 30.680908 	 1430.418340 	 5160566.422093 
153 	 4.796346 	 29.790955 	 1350.613734 	 5154771.603701 
154 	 15.156290 	 32.914928 	 1573.295017 	 5680338.601218 
155 	 4.260550 	 25.428678 	 1004.308026 	 2781627.828664 
156 	 3.451112 	 24.304594 	 875.563535 	 1883955.558347 
157 	 1.934228 	 24.649103 	 916.233446 	 2184970.833637 
158 	 -0.500176 	 27.715793 	 1216.412935 	 4465877.959815 
159 	 -3.077133 	 23.813633 	 877.082099 	 2162194.770964 
160 	 -4.051164 	 32.249274 	 1505.729428 	 5377407.229501 
161 	 1.720729 	 28.085515 	 1199.048117 	 3838471.157544 
162 	 -2.428913 	 26.638151 	 1034.962198 	 2622043.614380 
163 	 1.110817 	 29.352436 	 1309.527487 	 4115063.031664 
164 	 -6.156373 	 29.444856 	 1331.248828 	 4532599.999212 
165 	 14.561736 	 27.634075 	 1165.767133 	 3514373.669506 
166 	 -10.293470 	 27.232106 	 1116.408707 	 3380427.725694 
167 	 7.458395 	 29.157013 	 1224.849840 	 3446805.223935 
168 	 -7.282850 	 25.646868 	 981.220988 	 2394341.865737 
169 	 2.215065 	 28.153931 	 1160.593960 	 3122337.612114 
170 	 -2.773706 	 29.767941 	 1377.188683 	 5381351.619891 
171 	 12.961161 	 31.557995 	 1493.917779 	 5703926.421608 
172 	 -7.449183 	 30.567607 	 1286.540513 	 3575974.082827 
173 	 -14.683551 	 31.906304 	 1460.546973 	 5153301.830634 
174 	 0.661969 	 25.132942 	 970.176212 	 2555007.597913 
175 	 3.221800 	 24.721400 	 997.611058 	 3364347.437450 
176 	 4.140981 	 28.140548 	 1205.331332 	 3697770.317595 
177 	 7.603742 	 26.510214 	 1055.302606 	 2839441.799993 
178 	 -15.039054 	 25.917116 	 1082.272900 	 3757788.506040 
179 	 13.880708 	 27.422342 	 1215.032434 	 4604720.764002 
180 	 -1.031230 	 28.201104 	 1172.415554 	 3823976.008797 
181 	 10.599794 	 26.762406 	 1108.004811 	 3317654.170709 
182 	 12.791829 	 28.848381 	 1237.018782 	 3847401.433147 
183 	 -7.530669 	 25.735277 	 1000.524370 	 2798089.103181 
184 	 -6.660398 	 32.054000 	 1523.824166 	 5420303.942424 
185 	 -3.692968 	 22.675953 	 833.160334 	 2527409.802018 
186 	 3.877469 	 25.959777 	 1039.291963 	 3083411.090585 
187 	 -4.544131 	 25.078440 	 989.803224 	 2793923.297867 
188 	 -3.627918 	 24.782535 	 931.695708 	 2196531.403305 
189 	 -4.500013 	 20.991299 	 695.556387 	 1546040.118935 
190 	 3.918414 	 30.118545 	 1340.258564 	 4885711.069926 
191 	 9.628652 	 25.500496 	 986.175004 	 2594282.026868 
192 	 -13.311316 	 29.798086 	 1274.513004 	 3844048.735969 
193 	 -0.206792 	 27.819367 	 1155.540347 	 3293555.182491 
194 	 8.713046 	 29.273821 	 1310.232118 	 4575090.215259 
195 	 -2.499978 	 25.826212 	 1014.192148 	 2901383.727280 
196 	 1.518699 	 25.246747 	 921.815304 	 2071801.980901 
197 	 7.361942 	 24.936078 	 967.460324 	 2740050.478174 
198 	 -5.665798 	 29.782897 	 1322.395706 	 4374041.707873 
199 	 -9.859156 	 30.220264 	 1336.693595 	 4461753.765415 
200 	 6.061473 	 29.544519 	 1325.248009 	 4470375.049388 

%ACCRATE = 0.895520

%%%%%%%%%%%%%%%%%%%%%%%%%%%%%%%%%%%%%%%%%%%%%%%%%%%%%%%%%%%%%%%%%%%%%%%%%%%
%KAPPA = 0.170000
%%%%%%%%%%%%%%%%%%%%%%%%%%%%%%%%%%%%%%%%%%%%%%%%%%%%%%%%%%%%%%%%%%%%%%%%%%%

201 	 4.003246 	 40.524266 	 2295.075894 	 10874217.215754 
202 	 -7.450261 	 40.141843 	 2268.956996 	 10604874.232170 
203 	 -7.183253 	 42.695320 	 2534.121473 	 13151259.421396 
204 	 -10.523546 	 42.505340 	 2486.661120 	 12657596.541144 
205 	 -3.142794 	 42.222799 	 2411.982042 	 11433015.462203 
206 	 9.005076 	 45.966607 	 2877.669926 	 16701489.867011 
207 	 15.829952 	 40.415775 	 2411.258325 	 13741637.531534 
208 	 -13.232397 	 32.950176 	 1738.669741 	 10412462.670457 
209 	 -7.226347 	 36.827689 	 1989.809123 	 9001598.355077 
210 	 4.064498 	 36.802166 	 1997.619042 	 10321167.702075 
211 	 23.151740 	 41.113438 	 2326.091177 	 11174381.500720 
212 	 -6.255913 	 32.980333 	 1688.923646 	 7793954.712294 
213 	 -11.895175 	 32.387494 	 1740.033350 	 9914546.062428 
214 	 -3.532440 	 29.833783 	 1348.280915 	 5389825.091974 
215 	 1.096102 	 41.063453 	 2346.861038 	 12503935.002182 
216 	 -7.991323 	 35.775599 	 1858.208541 	 7953128.858426 
217 	 21.050470 	 40.993723 	 2396.686659 	 12643957.240524 
218 	 -1.122068 	 32.384077 	 1512.506558 	 5574683.211040 
219 	 6.646382 	 32.838983 	 1589.021273 	 6162339.483639 
220 	 0.758489 	 35.407080 	 1813.537137 	 7869995.377334 
221 	 -15.918088 	 30.782733 	 1515.362283 	 6623868.475415 
222 	 -3.242201 	 38.186627 	 2162.097176 	 10879504.465362 
223 	 24.642668 	 34.359548 	 1792.802427 	 8457862.203853 
224 	 -3.347730 	 31.159111 	 1485.202467 	 6057287.573225 
225 	 -9.916656 	 27.294470 	 1213.233060 	 4939955.025864 
226 	 -0.451551 	 34.599041 	 1879.227738 	 9369095.602171 
227 	 -6.263044 	 31.797867 	 1503.212387 	 5882627.346785 
228 	 0.752590 	 43.014115 	 2695.379082 	 15546474.489271 
229 	 8.588680 	 32.066141 	 1566.728832 	 6281781.051531 
230 	 -4.480769 	 38.419720 	 2158.530069 	 11065750.663118 
231 	 -9.636864 	 39.157866 	 2389.121508 	 15241486.230556 
232 	 -11.130969 	 43.250482 	 2517.750017 	 13152679.019123 
233 	 3.173050 	 34.225285 	 1839.491496 	 8661256.659638 
234 	 -9.511429 	 40.783509 	 2343.579289 	 11952370.030437 
235 	 6.060122 	 38.028791 	 2015.130453 	 8748192.565753 
236 	 5.132330 	 37.670456 	 2101.777559 	 10711441.778154 
237 	 5.980627 	 38.843654 	 2114.032683 	 10150579.769431 
238 	 6.435462 	 39.889868 	 2205.582519 	 9951302.248802 
239 	 -4.585521 	 34.542409 	 1758.469182 	 7875098.048660 
240 	 4.976020 	 31.595875 	 1460.023466 	 5693763.978541 
241 	 21.183301 	 35.983085 	 1908.298877 	 8660558.604001 
242 	 -0.205701 	 34.644550 	 1707.967142 	 6812149.354603 
243 	 3.821325 	 34.873407 	 1810.314263 	 8255182.013803 
244 	 7.091079 	 32.577369 	 1653.270213 	 7662453.224205 
245 	 -1.466788 	 36.116700 	 1976.182209 	 10712459.091467 
246 	 0.993826 	 38.067731 	 2183.189355 	 11934377.974710 
247 	 0.810533 	 33.777956 	 1708.882328 	 8221811.244577 
248 	 5.522688 	 31.646120 	 1613.071445 	 7040059.638447 
249 	 9.631419 	 31.457650 	 1514.312253 	 6203657.184042 
250 	 10.200112 	 37.647076 	 1961.742594 	 8233447.157001 
251 	 -28.764596 	 41.160149 	 2458.931996 	 14217304.066493 
252 	 -5.230503 	 42.060539 	 2385.945246 	 11234590.400023 
253 	 2.319406 	 39.403055 	 2360.603980 	 14388148.390952 
254 	 -7.259874 	 39.248873 	 2180.024646 	 10048408.000563 
255 	 -7.815049 	 31.414949 	 1421.058454 	 4600993.635790 
256 	 -2.361368 	 37.653786 	 2032.699493 	 9607129.615010 
257 	 2.918494 	 34.904500 	 1819.465882 	 8451593.060337 
258 	 -13.765891 	 40.150327 	 2237.818812 	 10582144.581499 
259 	 -6.524740 	 34.950332 	 1796.765380 	 7409949.136403 
260 	 21.764397 	 39.093036 	 2182.066489 	 10797108.845952 
261 	 -18.635273 	 40.962933 	 2392.732761 	 13475106.306389 
262 	 28.471717 	 35.540303 	 1896.490363 	 9433859.468991 
263 	 14.084281 	 28.760366 	 1259.118745 	 4303864.007587 
264 	 -13.745707 	 36.762049 	 2017.821036 	 10069472.253525 
265 	 -7.458978 	 32.227684 	 1516.923258 	 5645885.888365 
266 	 -7.952779 	 34.666913 	 1689.062166 	 5920053.159319 
267 	 8.350242 	 34.868899 	 1855.799251 	 8355875.848054 
268 	 4.280753 	 40.420909 	 2317.046188 	 11534201.451142 
269 	 25.400347 	 35.019920 	 1793.943113 	 8575544.476401 
270 	 -5.452703 	 35.149297 	 1746.011061 	 7296856.131849 
271 	 -28.630068 	 40.523290 	 2344.529401 	 12222865.653755 
272 	 -7.934359 	 37.289166 	 2124.475341 	 11538418.348180 
273 	 22.996192 	 41.750349 	 2312.168267 	 10170817.665764 
274 	 17.400388 	 32.121091 	 1671.133405 	 8610761.494561 
275 	 -9.870930 	 37.272739 	 1999.164869 	 9172435.429355 
276 	 9.394050 	 35.128875 	 1840.863919 	 8796100.052067 
277 	 9.336301 	 36.427114 	 2050.186816 	 10891337.265187 
278 	 13.674496 	 31.319882 	 1562.624598 	 7183656.770437 
279 	 8.064075 	 36.655717 	 2048.720509 	 11120397.723033 
280 	 -6.162290 	 37.639514 	 2086.453729 	 10563474.568455 
281 	 -5.267626 	 30.993880 	 1501.767163 	 6688144.473728 
282 	 18.589753 	 39.499886 	 2446.900598 	 15366412.974286 
283 	 31.480094 	 41.097827 	 2395.122816 	 12136694.782697 
284 	 -7.931855 	 36.821337 	 2043.303428 	 9771080.534397 
285 	 -13.580707 	 40.185463 	 2144.041350 	 8725383.646741 
286 	 -6.257737 	 29.535723 	 1339.716449 	 4885345.974408 
287 	 6.876158 	 33.977442 	 1804.644196 	 9385045.924604 
288 	 -5.577153 	 35.257337 	 1764.962083 	 7152277.504544 
289 	 5.085131 	 31.103012 	 1452.781346 	 5735544.958126 
290 	 -4.735329 	 37.660068 	 2214.234571 	 12615046.930755 
291 	 -13.679295 	 33.819716 	 1891.864750 	 11695099.842435 
292 	 11.896424 	 37.927551 	 2152.514922 	 11541551.215533 
293 	 -18.736130 	 41.167140 	 2395.395152 	 11873052.849710 
294 	 -14.081166 	 41.837897 	 2473.981733 	 13461947.815865 
295 	 -13.805061 	 35.075018 	 1864.072679 	 8852737.216916 
296 	 3.187972 	 30.251636 	 1273.575380 	 3497934.412484 
297 	 19.123328 	 37.140454 	 2072.993336 	 10641368.634301 
298 	 19.448942 	 35.313371 	 1981.036039 	 11269539.204428 
299 	 12.792481 	 34.195257 	 1750.284236 	 8081082.767636 
300 	 14.820352 	 36.974682 	 1957.967111 	 8911974.034999 

%ACCRATE = 0.892790

%%%%%%%%%%%%%%%%%%%%%%%%%%%%%%%%%%%%%%%%%%%%%%%%%%%%%%%%%%%%%%%%%%%%%%%%%%%
%KAPPA = 0.180000
%%%%%%%%%%%%%%%%%%%%%%%%%%%%%%%%%%%%%%%%%%%%%%%%%%%%%%%%%%%%%%%%%%%%%%%%%%%

301 	 51.399594 	 62.615965 	 5004.782043 	 44728918.057907 
302 	 8.139662 	 61.654227 	 5049.201850 	 48097545.216588 
303 	 -21.174989 	 46.088190 	 2903.503213 	 17063884.689977 
304 	 14.704314 	 35.516379 	 1934.596467 	 9887544.610395 
305 	 -52.378494 	 67.418809 	 5517.964932 	 48477460.788030 
306 	 0.773284 	 51.887035 	 3410.017689 	 20937975.321301 
307 	 17.595013 	 42.158846 	 2415.498945 	 11933417.818370 
308 	 -4.521958 	 42.698493 	 2646.154341 	 15212082.403306 
309 	 -40.903050 	 51.967965 	 3843.389436 	 31124158.834742 
310 	 -6.622626 	 47.541863 	 3486.629401 	 29458996.643595 
311 	 27.644404 	 52.939749 	 3801.661899 	 28093020.420406 
312 	 9.884730 	 60.195511 	 4728.185162 	 40510081.671329 
313 	 -4.672670 	 66.551342 	 5686.669291 	 53954328.602873 
314 	 7.906284 	 51.523219 	 3566.509345 	 25226804.246609 
315 	 32.189337 	 49.069200 	 3447.877847 	 26402693.050901 
316 	 36.842281 	 55.605003 	 4204.452125 	 33546329.263106 
317 	 27.864724 	 57.178052 	 4575.385569 	 43892403.842332 
318 	 -21.332516 	 53.993531 	 3977.984296 	 30470215.966259 
319 	 -45.572711 	 67.602613 	 5706.202694 	 54216294.971550 
320 	 -19.476552 	 52.979956 	 3944.653663 	 31787826.463701 
321 	 9.502846 	 54.918885 	 4126.335083 	 35012195.133463 
322 	 -5.918622 	 52.113623 	 3927.498941 	 32968074.544679 
323 	 -15.713486 	 55.114556 	 4020.738087 	 29385718.578518 
324 	 23.309230 	 55.731770 	 4189.607176 	 34845247.283901 
325 	 9.832328 	 63.610606 	 5038.990739 	 42611667.905683 
326 	 -26.426966 	 58.876255 	 4751.870382 	 43059310.278778 
327 	 -10.504964 	 50.365058 	 3395.834908 	 21675918.239798 
328 	 15.057761 	 54.524174 	 4188.686458 	 35304910.078040 
329 	 22.616627 	 55.180350 	 4250.049092 	 36156456.870223 
330 	 60.083725 	 67.602608 	 5675.405202 	 54792844.713949 
331 	 -0.558761 	 49.338946 	 3417.803874 	 27133935.345242 
332 	 28.861291 	 52.346950 	 3704.325813 	 27421138.895237 
333 	 -29.722198 	 55.036245 	 3992.515088 	 30179093.831867 
334 	 9.558589 	 43.784398 	 2755.041246 	 16380906.020502 
335 	 6.782581 	 45.797136 	 3120.136416 	 22676196.151521 
336 	 44.487540 	 56.832181 	 4563.181548 	 41775139.318558 
337 	 13.214523 	 59.721321 	 4590.555949 	 38419824.932515 
338 	 -1.360355 	 42.866430 	 2682.850340 	 16980092.110958 
339 	 -4.973479 	 62.390466 	 4917.315653 	 41098675.578026 
340 	 -10.082004 	 47.856186 	 3174.188488 	 21045119.221927 
341 	 -4.068617 	 59.087646 	 4840.088590 	 46467146.800670 
342 	 1.569291 	 40.357422 	 2348.440408 	 12755150.565609 
343 	 -30.735711 	 48.189911 	 3412.564859 	 26599059.722308 
344 	 -5.854078 	 45.063167 	 2805.411957 	 16390836.747729 
345 	 -27.220023 	 61.909750 	 4710.256386 	 36772269.083309 
346 	 4.353316 	 49.114100 	 3382.497681 	 23685810.743999 
347 	 -29.560290 	 70.204312 	 5654.852231 	 45723307.582895 
348 	 -11.419219 	 55.802701 	 4204.375019 	 33863266.919507 
349 	 -16.361668 	 45.342329 	 3019.241661 	 21287065.852810 
350 	 -59.805121 	 64.487976 	 5059.119658 	 41122759.120133 
351 	 18.017555 	 57.163418 	 4366.453046 	 35339861.835082 
352 	 -3.942891 	 53.252980 	 4227.516106 	 40276970.166418 
353 	 8.690370 	 57.214774 	 4457.463079 	 36987201.638211 
354 	 6.225541 	 47.452105 	 3419.605959 	 28893529.917519 
355 	 4.946474 	 56.718755 	 4236.962024 	 33669205.297837 
356 	 13.771949 	 50.863824 	 3837.851634 	 34436527.373181 
357 	 -9.140351 	 61.501588 	 4781.220851 	 40475400.304187 
358 	 -5.068326 	 40.051227 	 2261.260399 	 10765664.199726 
359 	 -12.915805 	 53.496877 	 3945.532909 	 31463505.567997 
360 	 -12.141968 	 49.803283 	 3307.230356 	 22997190.824086 
361 	 -22.247818 	 58.656853 	 4451.995249 	 35068729.345489 
362 	 -6.477378 	 50.600510 	 3475.966277 	 26139662.804161 
363 	 18.649857 	 43.048596 	 2757.294137 	 18914057.849909 
364 	 9.523002 	 49.488946 	 3319.400908 	 21977128.060296 
365 	 -34.383528 	 50.515508 	 3458.644948 	 25626590.807782 
366 	 -21.075570 	 62.209136 	 5052.704651 	 44327014.342032 
367 	 -43.757283 	 61.610169 	 4739.482440 	 38523656.276244 
368 	 18.961374 	 58.152861 	 4551.288193 	 39964247.780133 
369 	 29.584456 	 61.976780 	 4730.772260 	 38702819.753907 
370 	 -5.223378 	 40.366010 	 2388.604972 	 13681153.590536 
371 	 4.459099 	 55.886055 	 4261.195585 	 35957113.680823 
372 	 38.193903 	 72.831285 	 6334.708872 	 60706801.145177 
373 	 30.164829 	 46.345871 	 3135.738633 	 24207721.586133 
374 	 8.667817 	 53.585902 	 3941.942744 	 31501084.443615 
375 	 -29.970818 	 48.580753 	 3425.799416 	 25777238.653159 
376 	 -8.442227 	 55.557536 	 4102.033236 	 33262322.154838 
377 	 -7.783290 	 52.177055 	 3724.865788 	 27662314.660698 
378 	 35.200278 	 53.113175 	 3773.971445 	 27281075.858974 
379 	 47.362938 	 60.317107 	 4694.120014 	 39397818.198127 
380 	 13.888337 	 57.985788 	 4701.179138 	 44419162.642572 
381 	 -8.299920 	 52.142447 	 3925.738451 	 34569261.831611 
382 	 -15.223090 	 60.448393 	 4776.459901 	 42045877.366539 
383 	 -24.870077 	 47.097222 	 3336.699017 	 26762595.406870 
384 	 -29.341189 	 58.557213 	 4605.369603 	 39398324.881523 
385 	 -62.039518 	 63.172775 	 5145.272954 	 46819856.612305 
386 	 -34.918356 	 60.789743 	 4739.471446 	 39242228.002673 
387 	 18.209321 	 61.980600 	 4924.314403 	 42516648.605354 
388 	 -15.866989 	 73.263461 	 6390.441744 	 60973635.776143 
389 	 -22.037528 	 57.422905 	 4352.907910 	 35271562.140543 
390 	 34.409320 	 56.447561 	 4054.499334 	 28513612.939689 
391 	 12.289169 	 46.992510 	 3023.558445 	 19918277.417829 
392 	 -25.422138 	 52.771213 	 3985.252811 	 32809605.519217 
393 	 -42.687173 	 50.618243 	 3602.943713 	 27300937.380812 
394 	 -8.950394 	 65.136099 	 5467.326602 	 53259410.401925 
395 	 38.377483 	 55.038458 	 3997.131620 	 30388327.713713 
396 	 -12.840933 	 55.096283 	 4076.781449 	 31223871.451073 
397 	 27.026181 	 57.162631 	 4458.533319 	 39516582.870523 
398 	 10.474830 	 57.983186 	 4632.130933 	 43192557.448046 
399 	 -43.436166 	 58.309581 	 4602.221301 	 39296853.274894 
400 	 17.579305 	 58.741615 	 4404.785131 	 33825694.141827 

%ACCRATE = 0.888880

%%%%%%%%%%%%%%%%%%%%%%%%%%%%%%%%%%%%%%%%%%%%%%%%%%%%%%%%%%%%%%%%%%%%%%%%%%%
%KAPPA = 0.190000
%%%%%%%%%%%%%%%%%%%%%%%%%%%%%%%%%%%%%%%%%%%%%%%%%%%%%%%%%%%%%%%%%%%%%%%%%%%

401 	 87.651972 	 91.376612 	 10117.071353 	 150979120.672576 
402 	 102.900231 	 102.900231 	 11433.008716 	 162107426.904846 
403 	 87.374464 	 94.156436 	 10329.474910 	 149023394.461919 
404 	 -107.285534 	 107.285534 	 12302.774352 	 181114946.014325 
405 	 -3.433568 	 80.936299 	 8109.233198 	 104699556.615331 
406 	 -100.834113 	 100.834113 	 11099.309474 	 159481135.982657 
407 	 15.398510 	 93.881112 	 9880.328856 	 128611362.467200 
408 	 -53.180686 	 91.773330 	 9785.554848 	 136446634.565960 
409 	 -50.786785 	 84.297175 	 8222.224848 	 96017568.812755 
410 	 78.360416 	 79.751660 	 7970.256123 	 100924124.832764 
411 	 31.257829 	 83.274766 	 8499.219720 	 115359573.105674 
412 	 -84.140762 	 84.350592 	 8626.672245 	 117827835.146718 
413 	 -68.734802 	 87.860998 	 8956.083304 	 115249851.116618 
414 	 84.266708 	 85.068913 	 8341.285233 	 95673907.364993 
415 	 42.150306 	 79.263883 	 7569.070886 	 88362436.239813 
416 	 -24.903819 	 94.774286 	 10015.844710 	 131005745.000464 
417 	 -15.968953 	 86.132350 	 8442.918145 	 95362535.996374 
418 	 79.549284 	 80.641975 	 8004.263534 	 101049069.054023 
419 	 81.327733 	 83.144819 	 8002.093873 	 90914078.565049 
420 	 108.280600 	 108.280600 	 12305.453800 	 177211383.706178 
421 	 31.432668 	 83.654224 	 8140.385287 	 98430562.128561 
422 	 -76.170566 	 94.584531 	 9854.973921 	 126310077.510065 
423 	 -79.453940 	 81.767452 	 8349.894020 	 111686564.006703 
424 	 72.651195 	 92.144310 	 9797.392019 	 132562772.089287 
425 	 -96.042691 	 96.949485 	 10498.573512 	 145151449.690164 
426 	 -71.534569 	 99.193546 	 10853.514036 	 150461992.339028 
427 	 -90.344007 	 102.400254 	 11543.054241 	 170547223.695010 
428 	 -39.933808 	 83.642333 	 8184.143399 	 97061308.260452 
429 	 90.534938 	 90.875943 	 9486.312807 	 124406276.885125 
430 	 73.211467 	 90.619936 	 9491.850540 	 121057550.108852 
431 	 102.293898 	 102.298284 	 11160.888894 	 148506189.715761 
432 	 91.552805 	 96.495509 	 10658.745029 	 152397828.222364 
433 	 -91.843989 	 91.988260 	 9629.140263 	 127806790.956139 
434 	 -30.655630 	 59.396018 	 4824.642378 	 47316272.911102 
435 	 39.107121 	 99.953677 	 11243.433655 	 165194774.991194 
436 	 8.525853 	 90.087184 	 9596.370343 	 132034196.169051 
437 	 -92.469994 	 94.504456 	 9910.360870 	 128093518.441122 
438 	 59.967025 	 82.957954 	 8264.552914 	 102423908.321421 
439 	 -49.461429 	 86.155061 	 9225.146468 	 135650152.048585 
440 	 -100.221157 	 105.213128 	 11961.239576 	 173543223.012672 
441 	 -28.829545 	 65.559066 	 5914.486766 	 69336525.538609 
442 	 -40.375355 	 83.710651 	 8485.014640 	 110222167.473477 
443 	 97.095325 	 97.095325 	 10390.151369 	 142845172.572393 
444 	 -8.253891 	 90.776457 	 9402.428186 	 120246454.256496 
445 	 -20.437875 	 97.593766 	 10777.818857 	 153872286.244642 
446 	 90.368798 	 90.376499 	 9127.671386 	 113054525.431882 
447 	 90.117265 	 90.517627 	 9373.710732 	 120059949.349224 
448 	 58.175562 	 73.354993 	 7390.266574 	 97403776.703010 
449 	 100.716049 	 100.726319 	 10809.074076 	 139773049.648419 
450 	 -64.218730 	 91.316556 	 9181.484351 	 107365693.229217 
451 	 -92.643131 	 92.867586 	 9689.650258 	 126977547.869834 
452 	 -61.211141 	 74.779834 	 7430.657007 	 96554403.222306 
453 	 86.295920 	 104.941626 	 12486.655471 	 202879405.034956 
454 	 -95.752658 	 99.778190 	 11066.006906 	 159430719.381208 
455 	 -49.814921 	 83.229941 	 9105.494715 	 140742682.502240 
456 	 -42.881453 	 86.052785 	 8606.690207 	 105061615.196379 
457 	 -84.778060 	 87.396823 	 9200.628070 	 127827461.239102 
458 	 50.260130 	 92.132426 	 9554.848074 	 120954191.549907 
459 	 16.502527 	 93.368220 	 9709.560580 	 126773137.437368 
460 	 73.507949 	 75.527334 	 7207.945416 	 87348453.125209 
461 	 -44.968214 	 86.303877 	 8829.859715 	 109783943.878691 
462 	 86.596962 	 87.755531 	 9070.595080 	 117784493.569391 
463 	 92.535091 	 96.100385 	 10452.481339 	 143228390.487092 
464 	 96.258186 	 96.459660 	 10594.106722 	 148082607.254795 
465 	 92.563729 	 92.563729 	 9397.507407 	 114885818.815920 
466 	 -55.118302 	 78.195279 	 7934.972996 	 104218874.769788 
467 	 -106.444234 	 106.444234 	 11939.953970 	 166806703.189225 
468 	 -82.256676 	 84.508958 	 8893.288629 	 120065179.099945 
469 	 26.847039 	 87.975206 	 9154.737328 	 119450774.675401 
470 	 42.262280 	 96.327474 	 10649.772066 	 157289399.010985 
471 	 22.920520 	 96.743729 	 10471.166872 	 144479793.933419 
472 	 -23.193849 	 65.901683 	 5725.889826 	 62347143.032862 
473 	 92.869051 	 93.184208 	 9963.485070 	 135315091.126621 
474 	 18.846832 	 98.001857 	 10844.241819 	 153637314.840638 
475 	 -101.353520 	 101.353520 	 11147.861487 	 157231343.188244 
476 	 -31.971517 	 78.980174 	 7655.342603 	 88603746.806543 
477 	 -66.201183 	 105.876137 	 11997.870837 	 173559157.927483 
478 	 -77.752576 	 94.856711 	 10985.390480 	 173788337.814008 
479 	 79.249390 	 94.783663 	 10116.938539 	 136139573.799882 
480 	 -37.616697 	 97.799741 	 10518.913110 	 141735856.945667 
481 	 -96.740684 	 96.740684 	 10193.077100 	 132827487.282175 
482 	 -55.760235 	 92.132147 	 9553.263398 	 119475565.285088 
483 	 97.676959 	 97.756766 	 10457.283967 	 139862175.870066 
484 	 24.257711 	 94.932240 	 9838.486408 	 125237364.157071 
485 	 -105.186947 	 105.186947 	 11693.489381 	 163905394.574349 
486 	 -100.492936 	 100.492936 	 10907.135614 	 147862939.176069 
487 	 92.925213 	 97.131328 	 10760.133039 	 152950087.097036 
488 	 89.158706 	 90.745947 	 9435.899096 	 122910985.334713 
489 	 -11.350404 	 90.705039 	 9452.173937 	 120689809.136202 
490 	 -89.590355 	 89.590355 	 8849.762626 	 102317405.869523 
491 	 18.497768 	 87.760195 	 8818.486334 	 108332827.243900 
492 	 17.849002 	 90.754994 	 10173.587858 	 154452667.388010 
493 	 -9.816370 	 76.767629 	 7489.594151 	 94012021.364814 
494 	 47.070218 	 103.180903 	 11799.588263 	 175935949.878825 
495 	 -94.056088 	 94.164554 	 10121.000704 	 139265518.646946 
496 	 -98.965851 	 98.968885 	 10790.764901 	 149965366.704157 
497 	 -78.000951 	 79.905446 	 8050.521796 	 105508117.549048 
498 	 76.577832 	 91.382083 	 9645.228418 	 128086924.062760 
499 	 -8.090080 	 93.668342 	 10138.780507 	 139266421.344685 
500 	 -76.564302 	 100.080377 	 11131.064812 	 161211465.443801 

%ACCRATE = 0.881200

%%%%%%%%%%%%%%%%%%%%%%%%%%%%%%%%%%%%%%%%%%%%%%%%%%%%%%%%%%%%%%%%%%%%%%%%%%%
%KAPPA = 0.200000
%%%%%%%%%%%%%%%%%%%%%%%%%%%%%%%%%%%%%%%%%%%%%%%%%%%%%%%%%%%%%%%%%%%%%%%%%%%

501 	 129.831748 	 129.831748 	 17455.642566 	 340106317.159096 
502 	 127.122724 	 127.122724 	 16626.882083 	 304978039.715784 
503 	 133.192758 	 133.192758 	 18155.506495 	 356004733.363310 
504 	 135.130476 	 135.130476 	 18591.995013 	 367986947.533265 
505 	 134.347079 	 134.347079 	 18430.744354 	 364703279.395692 
506 	 135.957608 	 135.957608 	 18922.091013 	 387769230.556962 
507 	 132.771353 	 132.771353 	 18181.333529 	 365605147.573149 
508 	 131.123064 	 131.123064 	 17613.661658 	 337266606.676486 
509 	 64.566344 	 115.473792 	 15064.918452 	 289304426.525841 
510 	 -127.234353 	 127.234353 	 16853.478945 	 320638340.942922 
511 	 -135.910244 	 135.910244 	 18913.425223 	 383407495.088556 
512 	 -132.659845 	 132.659845 	 18017.166342 	 350699757.618541 
513 	 -130.560777 	 130.560777 	 17519.758472 	 337559325.385289 
514 	 78.990625 	 120.597266 	 15897.570179 	 305655872.778346 
515 	 -129.548578 	 129.548578 	 17292.073485 	 328518595.468479 
516 	 -130.447245 	 130.447245 	 17606.165974 	 344585380.863820 
517 	 -133.319117 	 133.319117 	 18169.847091 	 356198836.422580 
518 	 -127.791463 	 127.815698 	 17118.566697 	 330112606.422050 
519 	 -121.849290 	 121.976120 	 16067.729206 	 307499414.795073 
520 	 -131.059944 	 131.059944 	 17631.333932 	 337952495.664158 
521 	 -122.888587 	 122.888587 	 15963.505172 	 296311496.979487 
522 	 -127.426734 	 127.426734 	 16807.429719 	 316663416.175751 
523 	 -137.994893 	 137.994893 	 19353.162422 	 396721023.434389 
524 	 -131.658349 	 131.658349 	 17841.656383 	 352268456.144047 
525 	 -132.106542 	 132.106542 	 17889.837269 	 347719108.974598 
526 	 -131.089287 	 131.089287 	 17575.168167 	 334768055.122877 
527 	 -128.030655 	 128.031841 	 17109.169109 	 326059641.730315 
528 	 -124.255038 	 124.500762 	 16313.945480 	 302777827.946002 
529 	 -136.454090 	 136.454090 	 18991.339242 	 386365471.580574 
530 	 -120.290884 	 121.339184 	 16045.983716 	 307250396.468918 
531 	 -134.154192 	 134.154192 	 18398.828035 	 365257079.791391 
532 	 -137.262795 	 137.262795 	 19157.419007 	 389572667.193242 
533 	 -135.078699 	 135.078699 	 18703.235790 	 381449367.901120 
534 	 -125.212047 	 125.212047 	 16241.215461 	 296923913.014175 
535 	 -130.194579 	 130.194579 	 17424.988637 	 332784196.514888 
536 	 -124.685112 	 124.693851 	 16502.950392 	 316511540.419954 
537 	 -128.242534 	 128.242534 	 17184.805851 	 331600067.464703 
538 	 -130.978086 	 130.978086 	 17590.115512 	 336165667.186460 
539 	 -127.540215 	 127.542288 	 17321.332108 	 347463696.464588 
540 	 -129.318559 	 129.318559 	 17297.160071 	 331678807.552091 
541 	 -128.105335 	 128.105335 	 16909.164150 	 315267404.092963 
542 	 -126.917712 	 126.917712 	 16789.486826 	 318906862.798015 
543 	 -101.542856 	 122.943979 	 16204.913141 	 308992039.152521 
544 	 117.544650 	 117.776836 	 14865.580630 	 263323478.698967 
545 	 131.494813 	 131.494813 	 17638.592620 	 334347624.529513 
546 	 131.101492 	 131.101492 	 17768.739911 	 350170496.625212 
547 	 129.743127 	 129.743127 	 17284.339516 	 327234841.437313 
548 	 133.025126 	 133.025126 	 18069.457844 	 351459802.442906 
549 	 129.287143 	 129.287143 	 17240.943865 	 328179957.674989 
550 	 131.260251 	 131.260251 	 17695.902170 	 342320082.811137 
551 	 133.586571 	 133.586571 	 18169.458740 	 352058726.299115 
552 	 132.605153 	 132.605153 	 18066.456242 	 357246738.578166 
553 	 125.970070 	 125.970070 	 16387.285519 	 298860105.428743 
554 	 128.522313 	 128.522313 	 17076.999247 	 322985408.712678 
555 	 15.417031 	 128.190230 	 17294.750184 	 340689897.598176 
556 	 94.201249 	 126.201095 	 16644.286220 	 311678709.009210 
557 	 132.115320 	 132.115320 	 17899.620324 	 345966440.173684 
558 	 126.934099 	 127.208037 	 17007.076942 	 328160917.443897 
559 	 -5.098965 	 126.159474 	 16881.849190 	 328546370.398536 
560 	 -133.721134 	 133.721134 	 18219.811977 	 354762639.501988 
561 	 -134.648729 	 134.648729 	 18576.878887 	 374364253.494378 
562 	 -75.359669 	 121.684090 	 15964.232540 	 300412057.007978 
563 	 130.084541 	 130.084541 	 17383.202955 	 331368572.091642 
564 	 135.262028 	 135.262028 	 18757.942051 	 382180510.928473 
565 	 126.489279 	 126.489279 	 16425.030978 	 295583721.624393 
566 	 137.182672 	 137.182672 	 19318.994210 	 404338500.356161 
567 	 133.366395 	 133.366395 	 18166.748262 	 356122234.824152 
568 	 131.517369 	 131.517369 	 17730.517336 	 341480732.803404 
569 	 70.848686 	 128.693681 	 17508.696952 	 346711140.844090 
570 	 -87.152229 	 122.481594 	 16034.971185 	 302364506.999444 
571 	 130.740715 	 130.740715 	 17575.169338 	 338101675.218172 
572 	 123.947206 	 123.947206 	 15932.248996 	 283607336.837577 
573 	 132.007080 	 132.007080 	 17846.482943 	 345388357.245255 
574 	 122.114848 	 122.114848 	 15804.935178 	 293188204.131671 
575 	 125.603847 	 125.643425 	 16829.773150 	 328369225.897293 
576 	 121.533717 	 121.533717 	 15475.334215 	 276033179.097814 
577 	 133.262282 	 133.262282 	 18130.089757 	 353654733.305059 
578 	 137.834413 	 137.834413 	 19329.733373 	 398074420.655335 
579 	 128.751879 	 128.751879 	 17004.637639 	 314876955.364746 
580 	 128.933533 	 128.933533 	 17108.237856 	 322336160.018651 
581 	 134.552609 	 134.552609 	 18538.057605 	 371542913.605698 
582 	 133.015753 	 133.015753 	 18094.415417 	 354054305.328817 
583 	 131.148771 	 131.148771 	 17614.638998 	 337728922.030772 
584 	 133.764644 	 133.764644 	 18398.626738 	 371366371.832572 
585 	 125.002187 	 125.024457 	 16354.610865 	 303579568.436360 
586 	 132.141380 	 132.141380 	 17861.530536 	 345498987.822809 
587 	 132.806658 	 132.806658 	 18053.732945 	 353147005.047754 
588 	 131.821400 	 131.821400 	 17793.834471 	 343492796.717722 
589 	 130.993621 	 130.993621 	 17592.423155 	 334894756.235845 
590 	 137.960471 	 137.960471 	 19345.226638 	 396664451.998205 
591 	 129.238577 	 129.238577 	 17276.971529 	 332866821.778362 
592 	 129.297882 	 129.297882 	 17215.895808 	 328804530.473970 
593 	 130.194835 	 130.194835 	 17387.703068 	 329501543.554358 
594 	 119.653646 	 119.657768 	 15400.646796 	 283341467.337369 
595 	 131.870149 	 131.870149 	 17876.354308 	 351611253.899933 
596 	 138.487907 	 138.487907 	 19593.408043 	 411693186.850434 
597 	 121.812005 	 121.812005 	 15731.199698 	 291382269.490361 
598 	 130.579253 	 130.579253 	 17432.702010 	 328579690.173301 
599 	 125.402343 	 125.402343 	 16350.542881 	 302030567.651299 
600 	 130.458220 	 130.458220 	 17746.010940 	 355231307.272628 

%ACCRATE = 0.873080

%%%%%%%%%%%%%%%%%%%%%%%%%%%%%%%%%%%%%%%%%%%%%%%%%%%%%%%%%%%%%%%%%%%%%%%%%%%
%KAPPA = 0.210000
%%%%%%%%%%%%%%%%%%%%%%%%%%%%%%%%%%%%%%%%%%%%%%%%%%%%%%%%%%%%%%%%%%%%%%%%%%%

601 	 -150.802357 	 150.802357 	 23069.924823 	 558559000.357898 
602 	 -155.745439 	 155.745439 	 24469.181075 	 618601757.482154 
603 	 -154.669382 	 154.669382 	 24119.924564 	 600305907.043698 
604 	 -154.790975 	 154.790975 	 24179.965128 	 604913569.911605 
605 	 -152.631487 	 152.631487 	 23559.836000 	 577633185.463560 
606 	 -153.544311 	 153.544311 	 23834.072144 	 589249537.972880 
607 	 -155.313415 	 155.313415 	 24352.783602 	 614529514.763633 
608 	 -154.249050 	 154.249050 	 24021.730023 	 597909479.613207 
609 	 -152.361928 	 152.361928 	 23511.855747 	 579112770.737454 
610 	 -151.752187 	 151.752187 	 23270.863628 	 563059874.052297 
611 	 -153.384207 	 153.384207 	 23761.238337 	 585361797.977759 
612 	 -156.789728 	 156.789728 	 24793.619213 	 634664021.895284 
613 	 -149.863947 	 149.863947 	 22764.410670 	 543682816.912652 
614 	 -154.545401 	 154.545401 	 24072.490912 	 597100047.467544 
615 	 -150.222872 	 150.222872 	 22934.076510 	 553177903.917221 
616 	 -150.416918 	 150.416918 	 22894.832875 	 546859451.110270 
617 	 -150.203770 	 150.203770 	 22852.852062 	 547101718.416772 
618 	 -155.075281 	 155.075281 	 24305.923333 	 613630851.115947 
619 	 -153.289582 	 153.289582 	 23718.168941 	 582971399.446970 
620 	 -155.649387 	 155.649387 	 24420.815788 	 614368942.667868 
621 	 -152.735814 	 152.735814 	 23582.955212 	 578492735.827573 
622 	 -154.460349 	 154.460349 	 24071.750318 	 598964258.263688 
623 	 -155.689438 	 155.689438 	 24447.005181 	 617036690.945932 
624 	 -153.100761 	 153.100761 	 23654.668989 	 579066060.344436 
625 	 -156.353589 	 156.353589 	 24629.636534 	 623831382.968149 
626 	 -151.316783 	 151.316783 	 23223.570437 	 567942210.482940 
627 	 -155.110565 	 155.110565 	 24278.691575 	 609586402.599570 
628 	 -151.732798 	 151.732798 	 23262.165216 	 562638586.444583 
629 	 -151.378369 	 151.378369 	 23139.901617 	 555102765.158472 
630 	 -150.119477 	 150.119477 	 22753.252291 	 536799174.864699 
631 	 -154.204669 	 154.204669 	 24034.958549 	 600945545.054907 
632 	 -153.484398 	 153.484398 	 23772.850356 	 584708727.905769 
633 	 -156.104403 	 156.104403 	 24600.058427 	 626764687.121964 
634 	 -150.528155 	 150.528155 	 22938.090324 	 548980120.599316 
635 	 -153.251577 	 153.251577 	 23785.761234 	 591758507.166086 
636 	 -154.394448 	 154.394448 	 24088.125526 	 602294124.638870 
637 	 -153.535258 	 153.535258 	 23828.096431 	 590453355.528091 
638 	 -157.391900 	 157.391900 	 25033.507000 	 650520721.059490 
639 	 -154.258291 	 154.258291 	 24027.677821 	 598766356.048293 
640 	 -152.248910 	 152.248910 	 23466.735782 	 575035815.271943 
641 	 -151.107437 	 151.107437 	 23039.242765 	 548903113.326300 
642 	 -152.629961 	 152.629961 	 23586.323083 	 580883511.900087 
643 	 -152.294487 	 152.294487 	 23396.805534 	 565828985.034440 
644 	 -154.439276 	 154.439276 	 24041.657574 	 595869401.417236 
645 	 -153.208754 	 153.208754 	 23661.760460 	 577169105.389806 
646 	 -150.593017 	 150.593017 	 22976.203962 	 553112996.840344 
647 	 -154.766850 	 154.766850 	 24201.312099 	 607996442.018123 
648 	 -152.365175 	 152.365175 	 23494.309793 	 576396150.963950 
649 	 -154.409780 	 154.409780 	 24027.287609 	 594586477.179470 
650 	 -155.669497 	 155.669497 	 24487.637806 	 623079538.985942 
651 	 -152.133871 	 152.133871 	 23402.011393 	 570059539.379392 
652 	 -151.678244 	 151.678244 	 23247.410515 	 562040870.349596 
653 	 -154.230101 	 154.230101 	 24000.300421 	 595602104.245574 
654 	 -152.837554 	 152.837554 	 23594.107533 	 577202150.743195 
655 	 -153.302427 	 153.302427 	 23753.530317 	 586631344.118745 
656 	 -152.213690 	 152.213690 	 23448.685929 	 573476354.258242 
657 	 -149.884700 	 149.884700 	 22735.064856 	 539508533.841786 
658 	 -155.043317 	 155.043317 	 24258.059268 	 608937787.427967 
659 	 -152.714925 	 152.714925 	 23553.899784 	 575551615.807545 
660 	 -155.275177 	 155.275177 	 24358.572689 	 616286579.781356 
661 	 -153.540261 	 153.540261 	 23842.818454 	 591817161.549731 
662 	 -153.673313 	 153.673313 	 23863.838768 	 591520376.341448 
663 	 -151.670009 	 151.670009 	 23226.449027 	 559487091.860926 
664 	 -152.104280 	 152.104280 	 23436.048659 	 574706195.855980 
665 	 -153.379663 	 153.379663 	 23761.933475 	 586143584.243194 
666 	 -150.576566 	 150.576566 	 23017.063195 	 557762017.028462 
667 	 -149.453210 	 149.453210 	 22675.775663 	 541361932.356064 
668 	 -153.346828 	 153.346828 	 23710.584905 	 580009208.157181 
669 	 -153.886889 	 153.886889 	 23894.924491 	 590252494.298811 
670 	 -150.618903 	 150.618903 	 22979.590505 	 553232961.209091 
671 	 -152.401471 	 152.401471 	 23474.318104 	 572614032.515857 
672 	 -152.145588 	 152.145588 	 23459.499433 	 576899461.733312 
673 	 -150.469098 	 150.469098 	 23025.157912 	 561323154.493942 
674 	 -154.295339 	 154.295339 	 24097.056815 	 605897750.732278 
675 	 -152.954805 	 152.954805 	 23603.749418 	 575980840.101720 
676 	 -150.348809 	 150.348809 	 23053.857810 	 563753008.099714 
677 	 -153.326662 	 153.326662 	 23721.072324 	 582265831.209618 
678 	 -149.881706 	 149.881706 	 22727.615551 	 538330882.346938 
679 	 -151.420032 	 151.420032 	 23232.721264 	 566510777.942751 
680 	 -154.069586 	 154.069586 	 23979.383655 	 596518525.433689 
681 	 -157.265372 	 157.265372 	 24972.639751 	 645534690.625961 
682 	 -152.843918 	 152.843918 	 23649.250896 	 584266295.108143 
683 	 -155.060988 	 155.060988 	 24314.429311 	 615278374.282900 
684 	 -151.229299 	 151.229299 	 23199.727056 	 566139585.276524 
685 	 -155.798428 	 155.798428 	 24520.436626 	 624317371.276455 
686 	 -153.031683 	 153.031683 	 23625.781631 	 576558421.607192 
687 	 -154.067359 	 154.067359 	 23937.065220 	 591645186.679263 
688 	 -150.376179 	 150.376179 	 23086.549539 	 570130652.974869 
689 	 -154.620634 	 154.620634 	 24111.124689 	 599610582.965642 
690 	 -153.934940 	 153.934940 	 23983.216804 	 599593215.528423 
691 	 -154.200399 	 154.200399 	 24002.405873 	 597071382.925857 
692 	 -152.051522 	 152.051522 	 23376.194887 	 569249806.644993 
693 	 -154.004944 	 154.004944 	 23995.888789 	 600280186.486984 
694 	 -154.209887 	 154.209887 	 24041.360664 	 601809863.963899 
695 	 -154.814925 	 154.814925 	 24262.970597 	 612532443.793996 
696 	 -150.116282 	 150.116282 	 22830.993303 	 546557507.338038 
697 	 -154.270559 	 154.270559 	 24080.078609 	 603823599.582633 
698 	 -149.121963 	 149.121963 	 22586.818731 	 538980739.825649 
699 	 -152.455805 	 152.455805 	 23531.794302 	 579033534.412889 
700 	 -155.339426 	 155.339426 	 24357.011974 	 614108068.831331 

%ACCRATE = 0.862970

%%%%%%%%%%%%%%%%%%%%%%%%%%%%%%%%%%%%%%%%%%%%%%%%%%%%%%%%%%%%%%%%%%%%%%%%%%%
%KAPPA = 0.220000
%%%%%%%%%%%%%%%%%%%%%%%%%%%%%%%%%%%%%%%%%%%%%%%%%%%%%%%%%%%%%%%%%%%%%%%%%%%

701 	 -167.148492 	 167.148492 	 28136.392958 	 812740493.858293 
702 	 -168.459547 	 168.459547 	 28540.867966 	 832539302.888478 
703 	 -169.066888 	 169.066888 	 28730.193538 	 841455733.526741 
704 	 -169.033119 	 169.033119 	 28728.160412 	 842726719.690085 
705 	 -166.585092 	 166.585092 	 27941.441840 	 800705954.894262 
706 	 -166.127987 	 166.127987 	 27760.399765 	 788069764.606129 
707 	 -166.972831 	 166.972831 	 28033.980225 	 802813069.228643 
708 	 -168.329239 	 168.329239 	 28490.681078 	 828750950.624814 
709 	 -171.531066 	 171.531066 	 29563.645090 	 890332241.839753 
710 	 -168.952127 	 168.952127 	 28702.771077 	 841106034.416026 
711 	 -165.492190 	 165.492190 	 27605.393794 	 784520001.238513 
712 	 -167.354889 	 167.354889 	 28135.769273 	 805788218.753031 
713 	 -169.136950 	 169.136950 	 28784.441577 	 847862643.157064 
714 	 -170.542489 	 170.542489 	 29196.042189 	 865106280.466830 
715 	 -169.203692 	 169.203692 	 28769.457475 	 843370099.106900 
716 	 -169.181817 	 169.181817 	 28763.884073 	 842949163.300431 
717 	 -169.249076 	 169.249076 	 28841.050351 	 852763955.629016 
718 	 -169.098353 	 169.098353 	 28766.841540 	 846570802.431139 
719 	 -170.792308 	 170.792308 	 29306.537273 	 874318152.155630 
720 	 -169.533665 	 169.533665 	 28878.665291 	 849325296.404460 
721 	 -167.779013 	 167.779013 	 28366.484402 	 827491741.952870 
722 	 -168.217830 	 168.217830 	 28478.784147 	 830355747.004293 
723 	 -167.999856 	 167.999856 	 28426.382834 	 829377162.084437 
724 	 -168.766716 	 168.766716 	 28643.578518 	 838248309.673971 
725 	 -169.909915 	 169.909915 	 29063.308255 	 866292120.364842 
726 	 -167.991571 	 167.991571 	 28384.868907 	 823787429.884312 
727 	 -167.130579 	 167.130579 	 28132.385875 	 812156340.568321 
728 	 -167.809573 	 167.809573 	 28315.966170 	 818970452.825671 
729 	 -168.478548 	 168.478548 	 28549.714978 	 833378879.237377 
730 	 -169.253432 	 169.253432 	 28772.443826 	 841958958.342623 
731 	 -168.278901 	 168.278901 	 28489.738953 	 830471828.669065 
732 	 -168.204477 	 168.204477 	 28433.392468 	 823997022.276823 
733 	 -168.633811 	 168.633811 	 28598.837187 	 835598506.421096 
734 	 -168.128361 	 168.128361 	 28422.761379 	 825035120.130364 
735 	 -167.057663 	 167.057663 	 28130.285582 	 814524552.122520 
736 	 -167.482940 	 167.482940 	 28246.342240 	 818721549.173434 
737 	 -170.889756 	 170.889756 	 29326.384574 	 873958371.135392 
738 	 -166.908745 	 166.908745 	 28020.653220 	 802783549.061092 
739 	 -167.276366 	 167.276366 	 28181.644684 	 815725924.339974 
740 	 -169.655378 	 169.655378 	 28914.559512 	 850872609.729335 
741 	 -168.923053 	 168.923053 	 28735.968248 	 847269487.149946 
742 	 -166.256458 	 166.256458 	 27812.506748 	 791978237.945582 
743 	 -171.350391 	 171.350391 	 29492.044860 	 884736055.565622 
744 	 -169.765380 	 169.765380 	 28976.315901 	 856877706.698537 
745 	 -170.394188 	 170.394188 	 29170.981932 	 866565602.509564 
746 	 -170.325231 	 170.325231 	 29137.273113 	 862874698.788502 
747 	 -169.240931 	 169.240931 	 28817.742825 	 848915663.384079 
748 	 -170.333684 	 170.333684 	 29150.130743 	 864953708.561537 
749 	 -167.133749 	 167.133749 	 28117.976846 	 810400066.196834 
750 	 -168.827915 	 168.827915 	 28647.422921 	 836774902.691352 
751 	 -167.895596 	 167.895596 	 28362.309563 	 823101384.431553 
752 	 -169.232340 	 169.232340 	 28781.906915 	 844496802.200219 
753 	 -167.448083 	 167.448083 	 28210.880242 	 814491978.814955 
754 	 -168.696407 	 168.696407 	 28603.534737 	 834160555.002408 
755 	 -167.706267 	 167.706267 	 28285.412201 	 817546703.533749 
756 	 -168.109392 	 168.109392 	 28448.988892 	 829435859.536212 
757 	 -167.805722 	 167.805722 	 28313.015095 	 818608142.431803 
758 	 -168.467823 	 168.467823 	 28549.284067 	 833744261.407439 
759 	 -168.518675 	 168.518675 	 28576.093427 	 835583221.502523 
760 	 -168.552902 	 168.552902 	 28564.196101 	 832901962.309811 
761 	 -167.797517 	 167.797517 	 28316.118627 	 819462218.055537 
762 	 -168.888491 	 168.888491 	 28679.788644 	 839320659.217315 
763 	 -169.770214 	 169.770214 	 28978.200042 	 857293980.282970 
764 	 -167.964807 	 167.964807 	 28386.451953 	 824582866.960675 
765 	 -167.695668 	 167.695668 	 28300.745578 	 820433586.591806 
766 	 -169.719453 	 169.719453 	 28934.832036 	 852051497.469299 
767 	 -165.986444 	 165.986444 	 27703.214956 	 783814576.781172 
768 	 -167.251010 	 167.251010 	 28164.520667 	 813568421.585042 
769 	 -168.912719 	 168.912719 	 28680.277240 	 838958383.631786 
770 	 -170.589245 	 170.589245 	 29259.635611 	 873958287.846442 
771 	 -168.181387 	 168.181387 	 28469.381520 	 830327935.485783 
772 	 -164.365892 	 164.365892 	 27212.854687 	 761545530.525368 
773 	 -166.623591 	 166.623591 	 27969.531014 	 803943946.468830 
774 	 -169.043250 	 169.043250 	 28726.728049 	 842048050.117975 
775 	 -167.569342 	 167.569342 	 28254.035906 	 816446387.844951 
776 	 -168.044527 	 168.044527 	 28437.756597 	 829841138.693066 
777 	 -170.422264 	 170.422264 	 29187.104712 	 867769617.083779 
778 	 -169.643496 	 169.643496 	 28934.939276 	 854709850.064095 
779 	 -168.768246 	 168.768246 	 28646.348396 	 838520391.476864 
780 	 -170.952863 	 170.952863 	 29376.511719 	 880266434.428495 
781 	 -168.357435 	 168.357435 	 28486.819885 	 827045761.239258 
782 	 -171.444077 	 171.444077 	 29546.461913 	 890230541.300956 
783 	 -168.946250 	 168.946250 	 28713.869448 	 843043445.890652 
784 	 -169.224199 	 169.224199 	 28788.277865 	 845565087.091622 
785 	 -169.660976 	 169.660976 	 28946.846476 	 856227100.738717 
786 	 -168.939067 	 168.939067 	 28703.596997 	 841829818.604503 
787 	 -168.499384 	 168.499384 	 28532.810134 	 829725165.584438 
788 	 -170.832600 	 170.832600 	 29313.652893 	 874158937.571306 
789 	 -168.882681 	 168.882681 	 28671.870671 	 838623103.413182 
790 	 -167.407286 	 167.407286 	 28204.462266 	 814725347.511903 
791 	 -169.561755 	 169.561755 	 28899.819074 	 852043775.537792 
792 	 -169.117069 	 169.117069 	 28750.047507 	 843201056.604900 
793 	 -169.707273 	 169.707273 	 28954.425583 	 855477500.375586 
794 	 -167.225808 	 167.225808 	 28123.440568 	 807843211.773736 
795 	 -168.340998 	 168.340998 	 28487.576333 	 827858640.516635 
796 	 -167.883085 	 167.883085 	 28328.905396 	 818340838.563733 
797 	 -167.367280 	 167.367280 	 28175.872725 	 811719803.569258 
798 	 -168.495879 	 168.495879 	 28529.437278 	 829351017.016296 
799 	 -167.219931 	 167.219931 	 28130.476678 	 809329120.879082 
800 	 -168.917802 	 168.917802 	 28692.067955 	 840694653.840827 

%ACCRATE = 0.853460

%%%%%%%%%%%%%%%%%%%%%%%%%%%%%%%%%%%%%%%%%%%%%%%%%%%%%%%%%%%%%%%%%%%%%%%%%%%
%KAPPA = 0.230000
%%%%%%%%%%%%%%%%%%%%%%%%%%%%%%%%%%%%%%%%%%%%%%%%%%%%%%%%%%%%%%%%%%%%%%%%%%%

801 	 -181.546510 	 181.546510 	 33067.853202 	 1107467798.307190 
802 	 -178.492124 	 178.492124 	 31974.337277 	 1036578860.356877 
803 	 -178.877137 	 178.877137 	 32112.226119 	 1045574693.250035 
804 	 -181.400111 	 181.400111 	 32998.610180 	 1101087707.845875 
805 	 -179.178534 	 179.178534 	 32242.972896 	 1056642932.790267 
806 	 -179.658348 	 179.658348 	 32386.727728 	 1062851265.783915 
807 	 -180.191132 	 180.191132 	 32569.429529 	 1073480945.594436 
808 	 -179.536911 	 179.536911 	 32366.338746 	 1064383744.176070 
809 	 -179.790560 	 179.790560 	 32428.698444 	 1064723201.683846 
810 	 -179.896514 	 179.896514 	 32477.673499 	 1069454169.114254 
811 	 -179.833425 	 179.833425 	 32448.596410 	 1066832519.827114 
812 	 -179.583807 	 179.583807 	 32367.106140 	 1062166500.628868 
813 	 -179.541400 	 179.541400 	 32353.682337 	 1061531931.565500 
814 	 -178.533053 	 178.533053 	 32020.835190 	 1043467757.923847 
815 	 -180.827900 	 180.827900 	 32811.479202 	 1091220694.204593 
816 	 -179.301492 	 179.301492 	 32260.952834 	 1054993300.326387 
817 	 -180.070622 	 180.070622 	 32545.403802 	 1074565675.146119 
818 	 -179.738900 	 179.738900 	 32417.404753 	 1064985716.662423 
819 	 -181.377641 	 181.377641 	 33013.284176 	 1104579443.799721 
820 	 -178.997001 	 178.997001 	 32169.343908 	 1051105999.623031 
821 	 -179.012890 	 179.012890 	 32161.408887 	 1048903330.973131 
822 	 -179.183500 	 179.183500 	 32218.635874 	 1051949381.888190 
823 	 -178.727328 	 178.727328 	 32077.157356 	 1045457422.640044 
824 	 -179.685239 	 179.685239 	 32387.284044 	 1061820532.838084 
825 	 -179.614770 	 179.614770 	 32388.123983 	 1064764143.365927 
826 	 -180.137576 	 180.137576 	 32553.127097 	 1072938095.946051 
827 	 -179.818110 	 179.818110 	 32442.023064 	 1066258898.383923 
828 	 -180.135210 	 180.135210 	 32555.452789 	 1073559253.305926 
829 	 -180.054266 	 180.054266 	 32517.971239 	 1070034699.962528 
830 	 -181.153791 	 181.153791 	 32922.990523 	 1097469163.897792 
831 	 -180.101080 	 180.101080 	 32552.733283 	 1074498946.076198 
832 	 -179.288649 	 179.288649 	 32264.937957 	 1056127923.409932 
833 	 -179.108032 	 179.108032 	 32202.957904 	 1052275842.938710 
834 	 -180.926927 	 180.926927 	 32843.210591 	 1092529371.350106 
835 	 -179.343130 	 179.343130 	 32275.963315 	 1055903756.567101 
836 	 -180.583906 	 180.583906 	 32715.957624 	 1083725485.828872 
837 	 -181.072646 	 181.072646 	 32894.994866 	 1095789824.863790 
838 	 -178.182102 	 178.182102 	 31871.589168 	 1030997567.403405 
839 	 -180.496314 	 180.496314 	 32692.656743 	 1083292022.316335 
840 	 -179.284543 	 179.284543 	 32268.401100 	 1057041414.357031 
841 	 -180.807729 	 180.807729 	 32803.393419 	 1090422660.819315 
842 	 -179.589596 	 179.589596 	 32360.461531 	 1060738436.541900 
843 	 -177.770870 	 177.770870 	 31743.153150 	 1024970876.107936 
844 	 -179.883183 	 179.883183 	 32474.191582 	 1069281691.861614 
845 	 -179.340476 	 179.340476 	 32282.605507 	 1056984861.237633 
846 	 -178.991733 	 178.991733 	 32137.301631 	 1045412895.287334 
847 	 -179.631272 	 179.631272 	 32377.634467 	 1062270079.058370 
848 	 -179.393468 	 179.393468 	 32291.242623 	 1056536607.317790 
849 	 -177.998310 	 177.998310 	 31799.369487 	 1025542377.026034 
850 	 -178.641544 	 178.641544 	 32024.348098 	 1039567893.502455 
851 	 -178.876439 	 178.876439 	 32107.931511 	 1044839690.532455 
852 	 -179.285912 	 179.285912 	 32254.268840 	 1054534849.015909 
853 	 -179.642975 	 179.642975 	 32387.189700 	 1063464473.496732 
854 	 -181.922329 	 181.922329 	 33188.859839 	 1113629063.266585 
855 	 -180.204062 	 180.204062 	 32593.755891 	 1077637991.969768 
856 	 -179.254897 	 179.254897 	 32238.766606 	 1052755678.688979 
857 	 -178.599152 	 178.599152 	 32010.227626 	 1038824125.824919 
858 	 -180.172103 	 180.172103 	 32581.003261 	 1076607492.166600 
859 	 -181.413764 	 181.413764 	 33013.213329 	 1103226074.472544 
860 	 -178.828263 	 178.828263 	 32098.047569 	 1045223421.579296 
861 	 -179.215670 	 179.215670 	 32242.113965 	 1055178337.205462 
862 	 -179.362717 	 179.362717 	 32298.986466 	 1059253511.241006 
863 	 -180.283776 	 180.283776 	 32618.384583 	 1078657208.376759 
864 	 -178.147395 	 178.147395 	 31889.592084 	 1035387396.308225 
865 	 -180.597697 	 180.597697 	 32736.246299 	 1086986442.315237 
866 	 -180.187099 	 180.187099 	 32577.383659 	 1075314710.538622 
867 	 -179.098402 	 179.098402 	 32196.794460 	 1051664430.604176 
868 	 -180.232186 	 180.232186 	 32595.576755 	 1076810631.021564 
869 	 -178.822106 	 178.822106 	 32099.727896 	 1045692605.914145 
870 	 -179.569163 	 179.569163 	 32358.921858 	 1061620243.142909 
871 	 -179.247448 	 179.247448 	 32233.356791 	 1052104069.336763 
872 	 -178.216687 	 178.216687 	 31888.189682 	 1032508704.218574 
873 	 -180.372138 	 180.372138 	 32629.883864 	 1077139405.455210 
874 	 -178.943931 	 178.943931 	 32148.086193 	 1049409410.894782 
875 	 -179.211810 	 179.211810 	 32240.936682 	 1055205311.693271 
876 	 -179.183388 	 179.183388 	 32242.849333 	 1056470380.271332 
877 	 -181.227165 	 181.227165 	 32955.052326 	 1100263575.933498 
878 	 -179.944908 	 179.944908 	 32493.174101 	 1070153668.029029 
879 	 -180.122864 	 180.122864 	 32537.949378 	 1070765371.760099 
880 	 -181.224195 	 181.224195 	 32931.859786 	 1096196565.285646 
881 	 -179.144095 	 179.144095 	 32201.172609 	 1050573442.660105 
882 	 -180.311112 	 180.311112 	 32617.787237 	 1077485667.256893 
883 	 -180.949253 	 180.949253 	 32847.514385 	 1092537771.753302 
884 	 -180.697175 	 180.697175 	 32764.316201 	 1087993434.893667 
885 	 -180.475402 	 180.475402 	 32676.381856 	 1081206093.451387 
886 	 -180.271965 	 180.271965 	 32631.010256 	 1081427913.974168 
887 	 -180.689499 	 180.689499 	 32752.087551 	 1086041721.164380 
888 	 -180.308897 	 180.308897 	 32618.415152 	 1077646635.181143 
889 	 -179.434746 	 179.434746 	 32319.951945 	 1059985461.530135 
890 	 -180.677747 	 180.677747 	 32746.665343 	 1085531056.887973 
891 	 -180.626560 	 180.626560 	 32722.455510 	 1083232918.038013 
892 	 -181.630767 	 181.630767 	 33083.138537 	 1106693014.383191 
893 	 -179.514787 	 179.514787 	 32355.392149 	 1062770596.629849 
894 	 -179.926933 	 179.926933 	 32483.063536 	 1068912901.365174 
895 	 -179.404766 	 179.404766 	 32293.770105 	 1056508404.285565 
896 	 -180.375502 	 180.375502 	 32645.237306 	 1079692874.482439 
897 	 -180.115106 	 180.115106 	 32545.959423 	 1072688702.793629 
898 	 -181.517117 	 181.517117 	 33059.748725 	 1107289701.606309 
899 	 -180.642461 	 180.642461 	 32728.913539 	 1083707197.111838 
900 	 -179.566571 	 179.566571 	 32354.394201 	 1060904096.283765 

%ACCRATE = 0.849320
