%%%%%%%%%%%%%%%%%%%%%%%%%%%%%%%%%%%%%%%%%%%%%%%%%%%%%%%%%%%%%%%%%%%%%%%%%%%
%SIMULAZIONE D = 3, L = 12, V = 1728
%NUMERO DI MISURE PER OGNI KAPPA: T = 100
%%%%%%%%%%%%%%%%%%%%%%%%%%%%%%%%%%%%%%%%%%%%%%%%%%%%%%%%%%%%%%%%%%%%%%%%%%%

%%%%%%%%%%%%%%%%%%%%%%%%%%%%%%%%%%%%%%%%%%%%%%%%%%%%%%%%%%%%%%%%%%%%%%%%%%%
%KAPPA = 0.150000
%%%%%%%%%%%%%%%%%%%%%%%%%%%%%%%%%%%%%%%%%%%%%%%%%%%%%%%%%%%%%%%%%%%%%%%%%%%

1 	 9.865401 	 66.539778 	 6800.322314 	 132534663.098868 
2 	 -26.283252 	 58.387320 	 5350.893800 	 86889249.719655 
3 	 -0.074515 	 63.276382 	 6292.067756 	 109297073.770837 
4 	 -9.255901 	 66.293698 	 6842.893816 	 143581408.186724 
5 	 16.002297 	 64.321538 	 6339.277051 	 111214761.236527 
6 	 5.366825 	 67.880777 	 7292.107792 	 158001678.513014 
7 	 -2.505601 	 60.021593 	 5427.710791 	 79247130.667118 
8 	 30.389056 	 82.679768 	 9453.923982 	 191076139.794191 
9 	 -4.411720 	 65.332367 	 6653.287459 	 130657392.405617 
10 	 -3.470446 	 58.642390 	 5289.379517 	 75502202.472921 
11 	 5.959589 	 55.549385 	 4773.171853 	 62698317.066119 
12 	 5.045439 	 60.572174 	 5749.952361 	 92610405.075475 
13 	 17.960647 	 60.404556 	 5725.892435 	 97002999.601190 
14 	 4.172409 	 61.929491 	 5983.133534 	 102024381.782185 
15 	 -15.917265 	 60.990239 	 5832.027942 	 99322969.353467 
16 	 -7.479378 	 56.820894 	 4998.693178 	 67339779.132251 
17 	 -15.881044 	 69.486324 	 7020.367936 	 116487700.701512 
18 	 -9.875276 	 74.535362 	 8442.093106 	 187423638.434864 
19 	 0.044000 	 61.290599 	 5795.272175 	 88963869.145778 
20 	 -9.205917 	 64.294730 	 6109.873943 	 91245863.775195 
21 	 1.448943 	 57.889933 	 5462.898394 	 91176106.749440 
22 	 21.852607 	 61.241653 	 5989.699557 	 120673379.726970 
23 	 19.606369 	 57.428174 	 5090.962904 	 69916103.223116 
24 	 3.315642 	 63.809805 	 6015.609231 	 100893449.649128 
25 	 -20.574048 	 68.298257 	 7295.591640 	 148079259.320333 
26 	 -14.637546 	 60.114620 	 5550.261797 	 80738575.045560 
27 	 4.340444 	 57.705825 	 5326.896341 	 91476994.256015 
28 	 -10.138316 	 64.183252 	 6232.586269 	 110917329.529823 
29 	 -30.149692 	 72.933998 	 8009.293688 	 165496525.029770 
30 	 1.743640 	 65.530197 	 6305.736544 	 101738737.643109 
31 	 10.392264 	 65.617653 	 6457.797487 	 101790561.956437 
32 	 20.382115 	 67.217746 	 7884.844362 	 266444630.826249 
33 	 -8.094352 	 67.139796 	 6962.557150 	 141376912.175133 
34 	 -1.640884 	 53.368615 	 4367.866865 	 52289337.484385 
35 	 8.779611 	 74.623500 	 8547.360383 	 215583804.084543 
36 	 -7.473582 	 69.390022 	 7028.816871 	 115648421.576453 
37 	 8.630825 	 62.231065 	 5759.610545 	 83122631.934242 
38 	 -5.339695 	 59.329198 	 5574.352596 	 91333154.365067 
39 	 0.065976 	 53.355455 	 4574.394286 	 79517565.177013 
40 	 4.817159 	 73.223243 	 8111.032740 	 174908168.022620 
41 	 -0.172336 	 66.228878 	 6870.600406 	 137944675.020053 
42 	 9.697770 	 77.765405 	 9271.226977 	 228437464.180634 
43 	 -7.430117 	 68.640402 	 7194.158033 	 137597678.992162 
44 	 15.995713 	 54.270248 	 4770.300713 	 69749798.898461 
45 	 0.980573 	 57.687613 	 5080.628981 	 69599258.454367 
46 	 10.944422 	 66.386137 	 6606.439271 	 109943774.790731 
47 	 2.409279 	 64.883905 	 6620.185998 	 143216778.927507 
48 	 -18.877994 	 71.787737 	 7753.902263 	 158997705.896724 
49 	 -9.114075 	 66.028871 	 6961.600092 	 151451901.486058 
50 	 -7.765660 	 68.565890 	 7237.150643 	 141278780.250816 
51 	 -1.089152 	 59.628338 	 5621.274543 	 106453605.071496 
52 	 9.498424 	 55.534129 	 4830.202949 	 66923642.761961 
53 	 17.813855 	 60.717184 	 6097.881937 	 128706612.104337 
54 	 -16.105792 	 68.972118 	 7108.319648 	 123989654.187624 
55 	 1.131713 	 62.998665 	 6555.500518 	 128669389.795241 
56 	 26.584458 	 64.774778 	 6562.614303 	 122144918.517014 
57 	 -12.652141 	 69.379874 	 7584.997977 	 162546184.428733 
58 	 -2.224602 	 58.274788 	 5666.640522 	 112967687.300631 
59 	 16.196171 	 60.397028 	 5532.187537 	 81007937.335785 
60 	 -8.186188 	 65.639383 	 6999.907913 	 158847456.918004 
61 	 -12.648105 	 64.310005 	 6192.697960 	 97729163.505411 
62 	 -13.010091 	 60.643416 	 5836.456699 	 104025779.710208 
63 	 0.321982 	 64.933390 	 6745.749138 	 137174696.424560 
64 	 -18.153486 	 80.596785 	 10123.606336 	 287836660.950494 
65 	 9.617253 	 65.654379 	 6911.427118 	 137423433.259552 
66 	 -10.076175 	 74.002410 	 8333.384520 	 186498061.205855 
67 	 4.399706 	 60.211501 	 5691.796352 	 87853654.408981 
68 	 -21.630320 	 71.185176 	 8136.935977 	 212717397.642624 
69 	 5.347390 	 64.938727 	 6502.255226 	 121265920.809162 
70 	 -4.948694 	 61.504182 	 5970.729436 	 103799911.800595 
71 	 -15.296322 	 68.487611 	 7542.526429 	 203137417.516785 
72 	 -5.526628 	 71.397275 	 7439.461239 	 141156043.688910 
73 	 -2.619068 	 61.444283 	 5810.254267 	 89555520.919971 
74 	 -6.314487 	 68.249907 	 7276.019553 	 152610785.186543 
75 	 -6.785447 	 63.130418 	 6406.229593 	 123603014.751712 
76 	 -3.107962 	 60.826605 	 5506.245113 	 75981027.340920 
77 	 10.653578 	 73.528636 	 8189.029534 	 187230960.406461 
78 	 -15.113649 	 58.170711 	 5470.256101 	 99100240.839062 
79 	 -3.593457 	 63.901567 	 6293.383620 	 109926949.015089 
80 	 5.244689 	 60.640208 	 5649.092458 	 87760609.788260 
81 	 -3.348450 	 68.850367 	 7370.586730 	 148961487.196605 
82 	 2.567165 	 59.334617 	 5386.273584 	 85041833.754681 
83 	 -16.525838 	 69.087368 	 7359.796298 	 145521623.552211 
84 	 -5.807730 	 61.191010 	 5931.569476 	 113009415.923009 
85 	 5.841433 	 55.920552 	 4853.323567 	 66129681.751481 
86 	 -4.425813 	 66.632047 	 7040.981082 	 139187401.469991 
87 	 32.878294 	 71.848099 	 8308.937361 	 217297980.355228 
88 	 10.971903 	 74.596994 	 7907.884523 	 144436933.325543 
89 	 -7.822134 	 69.130371 	 6888.801774 	 113231315.983427 
90 	 -27.865601 	 62.153503 	 6239.923944 	 119365750.722420 
91 	 4.838099 	 66.665784 	 6898.839940 	 139229451.127455 
92 	 4.710841 	 66.363592 	 6579.956540 	 114862517.580614 
93 	 -12.164657 	 57.830962 	 5523.661562 	 100068876.665388 
94 	 -11.093907 	 62.967279 	 6094.627135 	 105790141.793444 
95 	 13.450683 	 60.931982 	 5798.694329 	 96596073.645169 
96 	 -25.092863 	 73.570620 	 8332.129707 	 179903101.330243 
97 	 6.404514 	 58.614548 	 5424.800737 	 80689797.399828 
98 	 -1.378725 	 64.756403 	 6685.456705 	 130649488.668953 
99 	 17.348080 	 63.091036 	 6166.531866 	 107209841.640233 
100 	 -4.267156 	 69.858975 	 7138.579009 	 122599742.893442 

%ACCRATE = 0.912060

%%%%%%%%%%%%%%%%%%%%%%%%%%%%%%%%%%%%%%%%%%%%%%%%%%%%%%%%%%%%%%%%%%%%%%%%%%%
%KAPPA = 0.160000
%%%%%%%%%%%%%%%%%%%%%%%%%%%%%%%%%%%%%%%%%%%%%%%%%%%%%%%%%%%%%%%%%%%%%%%%%%%

101 	 14.904020 	 84.617503 	 11081.458649 	 327913083.377304 
102 	 -33.462244 	 75.030258 	 9013.507305 	 271117332.604268 
103 	 14.576593 	 78.917682 	 10079.963616 	 320634373.099784 
104 	 -35.731051 	 85.376957 	 10901.989726 	 315212580.336227 
105 	 -20.575481 	 70.571234 	 7635.105152 	 161062036.555183 
106 	 16.840469 	 74.975256 	 8620.974683 	 194888043.342846 
107 	 0.139960 	 70.335882 	 7357.589460 	 133775503.078157 
108 	 7.097538 	 89.411967 	 12522.922868 	 529126303.970363 
109 	 -17.574289 	 65.765644 	 6843.477775 	 138451678.498540 
110 	 18.599179 	 70.925276 	 8277.376449 	 215862956.972350 
111 	 3.816286 	 67.552609 	 6609.246985 	 101856537.428965 
112 	 0.628953 	 75.549456 	 8562.754805 	 184873723.022894 
113 	 20.706058 	 70.254065 	 7662.374020 	 172179099.690932 
114 	 -10.571113 	 61.701982 	 6307.051651 	 135224022.512602 
115 	 -10.425581 	 82.180046 	 9949.884653 	 232018221.986166 
116 	 21.354668 	 79.305623 	 9085.119558 	 188667078.084105 
117 	 -6.247886 	 76.555623 	 9560.143790 	 300230433.943958 
118 	 -15.741719 	 73.116479 	 8232.492610 	 204468175.014494 
119 	 -1.104190 	 75.238205 	 8225.958908 	 168694035.548133 
120 	 -1.480019 	 81.153687 	 9785.753981 	 239141407.493477 
121 	 -37.000203 	 86.076366 	 10567.479477 	 274969750.951002 
122 	 -8.655130 	 77.973143 	 9468.163584 	 256042290.493523 
123 	 4.681637 	 70.403424 	 8012.770994 	 203827395.626730 
124 	 32.123998 	 75.256133 	 8944.099240 	 260473302.922939 
125 	 27.687492 	 76.874552 	 9564.140829 	 350729889.053176 
126 	 -31.833950 	 72.652428 	 8291.727790 	 210164949.141835 
127 	 -29.270417 	 92.976259 	 12188.198094 	 332322996.506159 
128 	 -18.657949 	 76.362846 	 9238.229803 	 240839553.954169 
129 	 10.026276 	 76.033979 	 9601.838929 	 355647446.167443 
130 	 -29.724231 	 74.259993 	 8325.197712 	 173877481.769162 
131 	 -9.198848 	 83.446652 	 10313.669086 	 250544786.599799 
132 	 -14.550191 	 78.169791 	 9427.807631 	 253977648.211073 
133 	 33.129910 	 86.696448 	 11770.722896 	 429689353.596146 
134 	 -4.978990 	 78.606780 	 9342.324280 	 230978465.066228 
135 	 -5.189276 	 86.046064 	 10479.765462 	 251642304.828180 
136 	 11.281423 	 76.360029 	 8964.508930 	 209257070.481312 
137 	 -22.225060 	 89.842079 	 13498.543881 	 629449971.997401 
138 	 5.977040 	 74.783648 	 8699.929802 	 209627177.151940 
139 	 -36.488547 	 76.182640 	 8864.421154 	 206460113.373282 
140 	 -38.256629 	 86.750604 	 11818.146159 	 384678984.614175 
141 	 35.003445 	 77.651499 	 9073.354617 	 233146671.133301 
142 	 2.507849 	 73.651929 	 8244.077240 	 164937324.726524 
143 	 -10.351897 	 60.853891 	 6189.512619 	 147816901.278731 
144 	 -8.400888 	 64.652395 	 7174.878237 	 160242586.046857 
145 	 11.817084 	 77.712991 	 8947.609957 	 195818307.893527 
146 	 -26.459219 	 74.590005 	 8168.459290 	 180256185.550846 
147 	 -45.609885 	 81.899972 	 10067.456060 	 276748814.599818 
148 	 5.825646 	 100.570277 	 15156.129394 	 660663869.768163 
149 	 -35.881844 	 82.492000 	 10975.209448 	 362992392.644202 
150 	 11.257984 	 74.972953 	 8681.432337 	 201182638.219610 
151 	 20.588456 	 86.638484 	 11296.242488 	 317987567.359977 
152 	 -20.348574 	 88.499811 	 12782.426417 	 553086854.549796 
153 	 13.049619 	 70.261721 	 8036.740199 	 208656861.750378 
154 	 -19.108839 	 71.824693 	 7938.121388 	 182195162.407383 
155 	 28.907606 	 88.934467 	 12495.358494 	 509548232.630019 
156 	 -1.401651 	 71.808898 	 8071.857457 	 181288672.912622 
157 	 -10.621684 	 85.178621 	 11967.708590 	 640008222.954503 
158 	 5.853934 	 69.120379 	 7462.926341 	 169224373.491453 
159 	 -18.916152 	 94.006454 	 12722.354414 	 370981373.561191 
160 	 -1.197973 	 74.569469 	 8783.566164 	 241135026.137672 
161 	 -17.090185 	 80.890689 	 10026.272632 	 278365212.972809 
162 	 -7.301125 	 66.483238 	 6691.250947 	 124905357.108864 
163 	 10.520867 	 74.687240 	 8918.969666 	 248263528.903772 
164 	 -43.396528 	 80.744235 	 9830.890558 	 241087746.131571 
165 	 9.032648 	 84.409479 	 10073.580330 	 229893756.174062 
166 	 -13.591204 	 74.069268 	 7719.417562 	 134572361.765744 
167 	 10.321636 	 73.843377 	 8734.333711 	 223126065.570066 
168 	 0.707792 	 79.908589 	 10402.873048 	 341267903.568188 
169 	 -14.096516 	 77.198282 	 10818.596247 	 621177564.861282 
170 	 -63.366813 	 97.891761 	 13654.215752 	 438589550.858961 
171 	 -21.097705 	 65.708179 	 7052.032139 	 156552946.131628 
172 	 -39.536843 	 80.699935 	 10438.474796 	 324896937.681419 
173 	 2.007452 	 71.957015 	 7927.046294 	 188046204.699089 
174 	 5.807066 	 68.808081 	 6994.489912 	 117267934.593266 
175 	 -38.771173 	 80.023493 	 10277.163824 	 346993879.284503 
176 	 -32.244991 	 79.919905 	 9956.673288 	 280649646.701175 
177 	 11.206259 	 78.794631 	 9870.094961 	 301774807.858167 
178 	 12.075365 	 70.954920 	 7868.091831 	 182119797.683713 
179 	 10.571110 	 62.697947 	 6675.485590 	 158461804.351923 
180 	 44.522868 	 79.821865 	 9494.682576 	 247651423.498377 
181 	 -2.941862 	 90.999382 	 12882.891723 	 493292661.176953 
182 	 -34.819735 	 97.563755 	 14340.083120 	 573606905.402212 
183 	 -4.528227 	 76.400383 	 9016.151055 	 222735849.809960 
184 	 -21.522770 	 72.178478 	 7876.917894 	 183117972.965148 
185 	 3.144717 	 86.536594 	 11325.862159 	 361942216.220537 
186 	 -50.877958 	 88.537689 	 11190.624411 	 298069400.820816 
187 	 -48.297902 	 100.872720 	 15265.271528 	 574133138.940458 
188 	 13.969883 	 81.810529 	 10555.652898 	 340304743.960495 
189 	 29.678232 	 80.108770 	 10704.616821 	 393769214.390475 
190 	 -14.802255 	 73.498156 	 7653.827553 	 131891107.403430 
191 	 8.544535 	 78.648749 	 10036.240935 	 322044545.659246 
192 	 18.077015 	 70.947451 	 8062.433862 	 182892095.135367 
193 	 23.467414 	 88.753503 	 12670.144691 	 443153419.661904 
194 	 -35.755701 	 83.117873 	 10040.454882 	 233604632.003471 
195 	 18.146598 	 80.155969 	 9942.013062 	 283523375.838090 
196 	 -13.563977 	 79.924418 	 9776.086247 	 250089714.541482 
197 	 -25.762672 	 74.658240 	 8549.091551 	 199485326.937060 
198 	 13.972386 	 85.841661 	 10686.779495 	 263338788.034414 
199 	 -28.269254 	 93.525253 	 12132.614448 	 318803309.161848 
200 	 7.911822 	 76.151311 	 9374.698973 	 255421414.766948 

%ACCRATE = 0.909400

%%%%%%%%%%%%%%%%%%%%%%%%%%%%%%%%%%%%%%%%%%%%%%%%%%%%%%%%%%%%%%%%%%%%%%%%%%%
%KAPPA = 0.170000
%%%%%%%%%%%%%%%%%%%%%%%%%%%%%%%%%%%%%%%%%%%%%%%%%%%%%%%%%%%%%%%%%%%%%%%%%%%

201 	 58.234166 	 97.019149 	 14836.741684 	 631544915.258892 
202 	 -10.345672 	 99.486657 	 15224.072915 	 602442684.683434 
203 	 -22.904278 	 83.984942 	 10865.963941 	 314148980.216508 
204 	 -13.372806 	 85.173235 	 11241.660267 	 373294133.805608 
205 	 2.004935 	 80.140584 	 10662.282702 	 397857861.133461 
206 	 12.154132 	 113.805637 	 20946.867866 	 1270775140.282922 
207 	 82.220382 	 103.765991 	 17143.959867 	 837404106.450602 
208 	 -21.827596 	 96.042492 	 15414.301514 	 858496244.760384 
209 	 -36.741531 	 123.125914 	 23318.590991 	 1388959783.644678 
210 	 15.943260 	 89.599548 	 11934.760006 	 355548504.091123 
211 	 -87.018821 	 120.961192 	 21855.570281 	 1246506365.351406 
212 	 1.064086 	 135.606788 	 26609.395289 	 1800160188.674921 
213 	 -32.451932 	 103.304891 	 15626.234781 	 608568915.157670 
214 	 -78.008570 	 123.745799 	 22389.652781 	 1223255326.600006 
215 	 26.881462 	 84.605868 	 11645.135806 	 415709979.121815 
216 	 42.105183 	 96.592242 	 14478.269326 	 572454115.904218 
217 	 30.281973 	 84.967702 	 12530.736261 	 556502029.593385 
218 	 8.665314 	 107.124870 	 17496.741764 	 775486387.885463 
219 	 3.879328 	 91.275888 	 14868.157933 	 1119392212.529230 
220 	 -22.075110 	 110.456997 	 18752.915898 	 914779322.885944 
221 	 2.109049 	 74.628318 	 8615.438088 	 222504937.083924 
222 	 -8.816482 	 110.353365 	 19640.534286 	 1021447560.928121 
223 	 -36.804170 	 83.014041 	 10468.925643 	 278087353.855018 
224 	 -25.874499 	 95.278442 	 14772.721951 	 791308970.967777 
225 	 -13.255182 	 75.497354 	 8815.631697 	 234602078.621194 
226 	 0.670259 	 100.997876 	 14727.203230 	 570509465.289322 
227 	 24.539487 	 128.408755 	 25572.428183 	 1893588371.088149 
228 	 8.203220 	 94.410842 	 14231.729598 	 584900627.259693 
229 	 -41.746611 	 87.190765 	 11830.356773 	 394529479.911559 
230 	 63.593984 	 113.708601 	 18403.993131 	 760613351.258586 
231 	 32.779549 	 99.938979 	 14813.224726 	 560339310.150783 
232 	 -47.023849 	 109.575116 	 18680.435147 	 1001410189.690526 
233 	 -46.620996 	 104.940214 	 16840.614908 	 693433591.916915 
234 	 34.613997 	 96.324760 	 14807.373089 	 648089752.838457 
235 	 36.284994 	 97.328277 	 14638.697586 	 606048289.435473 
236 	 -38.941435 	 125.856851 	 21623.736148 	 940467200.544480 
237 	 -56.677727 	 103.546639 	 16510.308673 	 650337731.731531 
238 	 -18.747146 	 104.163301 	 15850.552480 	 613803507.148394 
239 	 1.293269 	 132.448233 	 24894.876020 	 1365386979.395833 
240 	 -26.956617 	 96.564387 	 15918.651822 	 825200038.558030 
241 	 -15.244372 	 91.908051 	 12531.788424 	 431008492.538896 
242 	 -37.927356 	 102.362091 	 16569.330463 	 769038748.022256 
243 	 4.075367 	 115.359576 	 18622.176486 	 758368214.752305 
244 	 -20.932758 	 129.826797 	 25893.569618 	 1767687638.117899 
245 	 -35.038723 	 125.809035 	 23690.658912 	 1354676263.441705 
246 	 43.636794 	 124.474398 	 23055.435803 	 1379924612.572389 
247 	 21.791129 	 109.567613 	 18247.530425 	 934909647.513082 
248 	 -17.285311 	 99.529884 	 19540.351554 	 2218531906.738601 
249 	 -10.957586 	 103.374887 	 16750.755599 	 805057750.811610 
250 	 -16.417269 	 85.387389 	 10680.910961 	 277370708.525481 
251 	 -74.270137 	 147.386339 	 35973.348751 	 3866696899.565855 
252 	 22.772472 	 99.886009 	 16252.839693 	 781728381.279411 
253 	 -42.043267 	 108.037869 	 18014.092517 	 891690779.534324 
254 	 -5.615823 	 106.908887 	 17634.728648 	 836438940.901549 
255 	 -59.792227 	 140.625182 	 29313.376348 	 2140818106.273131 
256 	 11.312085 	 113.058603 	 18957.338479 	 869268557.505714 
257 	 19.598629 	 120.314180 	 21977.908701 	 1217666957.729567 
258 	 8.047069 	 88.183548 	 13380.146287 	 626435978.666815 
259 	 -37.429177 	 123.362083 	 23189.313693 	 1424375897.427148 
260 	 -16.117544 	 84.054318 	 11028.130907 	 332941995.893596 
261 	 39.096839 	 99.154776 	 15243.554101 	 614652141.465272 
262 	 10.501280 	 84.479519 	 10976.528477 	 311263185.532595 
263 	 9.906230 	 93.826112 	 12741.308187 	 380700026.564636 
264 	 -2.636960 	 73.787068 	 9106.978835 	 262106794.196430 
265 	 -3.066410 	 88.746561 	 11833.429185 	 347929478.238677 
266 	 -27.954958 	 83.626328 	 11349.905875 	 374981153.568780 
267 	 -0.754944 	 87.178278 	 11423.692166 	 332656133.956907 
268 	 -30.463568 	 116.178137 	 19600.346609 	 953510949.882242 
269 	 -21.604069 	 123.699666 	 22438.084866 	 1180252421.390689 
270 	 13.020813 	 82.112051 	 10643.735685 	 358648592.578893 
271 	 -56.494512 	 105.000315 	 17295.888388 	 766918159.845667 
272 	 35.168009 	 113.937297 	 20160.213928 	 1033216327.578403 
273 	 -2.170041 	 116.107866 	 20427.383241 	 1193975921.768558 
274 	 -9.537118 	 82.511059 	 10532.222731 	 322629477.157617 
275 	 -11.769898 	 86.376759 	 12043.978960 	 474948675.089600 
276 	 -4.370232 	 91.873236 	 12868.354680 	 425282139.623547 
277 	 27.096721 	 107.894942 	 17817.332905 	 851108512.668338 
278 	 -48.412303 	 87.618934 	 11938.366601 	 387038447.744134 
279 	 -5.174869 	 83.903049 	 10710.216453 	 294236861.907702 
280 	 7.087953 	 88.807156 	 11859.895971 	 373133656.579287 
281 	 -44.243988 	 126.776308 	 24018.748811 	 1393270226.621495 
282 	 -12.342166 	 96.378698 	 13559.725396 	 433637666.748750 
283 	 -45.831946 	 110.364329 	 17316.607622 	 690677178.638950 
284 	 -5.383362 	 73.892177 	 8218.375566 	 166759353.393072 
285 	 33.135396 	 103.824061 	 15852.994197 	 658602720.489160 
286 	 7.780071 	 92.923724 	 12561.293375 	 375884531.835598 
287 	 -9.045044 	 93.133178 	 14625.526781 	 671900074.079071 
288 	 12.027770 	 142.293035 	 29913.303920 	 2145144242.535149 
289 	 -47.705217 	 107.913119 	 19533.062780 	 1152957138.629720 
290 	 -24.668207 	 120.493225 	 19353.415228 	 725885705.754061 
291 	 30.519577 	 80.024058 	 9428.204493 	 224088919.425779 
292 	 27.653388 	 110.179747 	 18952.920252 	 933299648.359300 
293 	 -42.007336 	 134.013575 	 26109.276306 	 1569604198.573585 
294 	 33.383438 	 109.529628 	 16854.414099 	 611112151.560730 
295 	 44.508845 	 111.016528 	 18882.040773 	 1037133241.456403 
296 	 -5.261217 	 94.518284 	 13523.051897 	 522280718.190713 
297 	 20.035720 	 109.707474 	 16885.383267 	 603292323.560305 
298 	 0.803310 	 80.773870 	 11467.702625 	 496657204.393295 
299 	 -23.646853 	 117.106468 	 22084.750789 	 1348975523.437307 
300 	 15.176382 	 89.808950 	 13822.526963 	 642154277.614581 

%ACCRATE = 0.908160

%%%%%%%%%%%%%%%%%%%%%%%%%%%%%%%%%%%%%%%%%%%%%%%%%%%%%%%%%%%%%%%%%%%%%%%%%%%
%KAPPA = 0.180000
%%%%%%%%%%%%%%%%%%%%%%%%%%%%%%%%%%%%%%%%%%%%%%%%%%%%%%%%%%%%%%%%%%%%%%%%%%%

301 	 -14.909929 	 197.092937 	 59703.986581 	 9575685025.569592 
302 	 160.582382 	 218.795359 	 72061.136071 	 12959153242.650526 
303 	 -83.834842 	 145.229141 	 36711.938477 	 4621723079.424820 
304 	 90.052950 	 178.338886 	 51128.106015 	 7433187417.088573 
305 	 -95.113479 	 137.594527 	 28085.913997 	 2005102240.976258 
306 	 -146.338699 	 178.657660 	 44579.530947 	 4326420657.470352 
307 	 64.914469 	 226.168957 	 61861.471504 	 6740096447.360382 
308 	 -136.507320 	 162.886368 	 34252.764044 	 2253327786.493216 
309 	 26.301216 	 144.260782 	 31241.011499 	 2407308166.732289 
310 	 138.822053 	 175.726010 	 45690.920695 	 5101389247.411822 
311 	 153.071499 	 229.279851 	 71803.205979 	 10323841602.020676 
312 	 154.561025 	 177.801078 	 53600.055949 	 9393046578.934738 
313 	 146.092733 	 163.300214 	 39632.225770 	 3634755197.856022 
314 	 135.460904 	 202.506799 	 58077.233605 	 7976802882.128924 
315 	 -0.395840 	 153.606397 	 35161.018696 	 3186826894.746786 
316 	 -86.668094 	 210.727319 	 58099.400894 	 6051646477.289423 
317 	 45.038344 	 114.536147 	 20107.105654 	 1084248740.544757 
318 	 118.240161 	 234.080360 	 73392.554169 	 11190891845.966566 
319 	 -132.693609 	 189.131350 	 52449.547514 	 6130779246.030019 
320 	 27.078687 	 190.077860 	 50416.964265 	 5253458967.284131 
321 	 -104.905085 	 171.058209 	 40726.199146 	 3337945841.759558 
322 	 15.042267 	 172.967141 	 43163.887003 	 4324135687.183462 
323 	 1.826459 	 113.356868 	 19647.138854 	 1004087625.795018 
324 	 -132.683907 	 177.845828 	 44729.858998 	 4247276507.859767 
325 	 -149.433804 	 167.162407 	 50572.251702 	 8200016738.290232 
326 	 221.915460 	 270.021672 	 100874.543114 	 20987457461.776054 
327 	 -82.739759 	 159.454263 	 42612.275214 	 5457378682.933241 
328 	 -85.723177 	 165.388322 	 40970.818880 	 4102063947.130182 
329 	 -95.011182 	 180.811441 	 49833.812102 	 5793372438.270814 
330 	 -94.668714 	 278.637219 	 99563.164712 	 17029936969.893087 
331 	 188.084207 	 196.954476 	 53198.894399 	 5840697490.167143 
332 	 19.444124 	 151.769376 	 34605.626340 	 3399166319.434700 
333 	 100.517881 	 218.840820 	 66293.641964 	 9052379015.075874 
334 	 -155.903197 	 221.803132 	 72314.272994 	 13402954643.884676 
335 	 -84.785091 	 168.400416 	 43244.811067 	 4162226237.414879 
336 	 -19.476266 	 142.731143 	 30368.805646 	 2327068295.365732 
337 	 -54.446296 	 166.797912 	 45889.274389 	 6726677378.099276 
338 	 26.601918 	 186.391859 	 54498.665327 	 8143969997.087938 
339 	 -124.033383 	 220.955965 	 65192.122233 	 8120932316.106733 
340 	 40.016920 	 162.799094 	 38459.965659 	 3486260480.664601 
341 	 -160.224651 	 178.916998 	 46415.777396 	 4692386161.035315 
342 	 55.401554 	 248.643928 	 79341.949480 	 10876958764.904373 
343 	 116.414619 	 189.302628 	 59965.006799 	 10024637981.979462 
344 	 -36.496331 	 163.897359 	 36558.458650 	 2778597749.572754 
345 	 -11.923710 	 231.779508 	 73215.434348 	 10224181384.691963 
346 	 59.801319 	 217.627896 	 67329.977866 	 10602569402.419281 
347 	 -71.778007 	 224.278374 	 67412.749942 	 8613083433.885410 
348 	 -17.420929 	 212.472649 	 58101.468115 	 6639714122.379821 
349 	 108.296242 	 262.542341 	 92746.795938 	 17050395257.841621 
350 	 -60.838843 	 180.423772 	 46687.311002 	 4653850943.800879 
351 	 -48.510355 	 180.581106 	 51493.767372 	 6190358458.271250 
352 	 -11.896803 	 170.207030 	 40384.481973 	 3376997059.833582 
353 	 -200.343894 	 220.802223 	 66898.191996 	 8884816902.464037 
354 	 -23.732905 	 143.553181 	 32478.802423 	 2926608693.638116 
355 	 190.424587 	 202.387752 	 55189.234927 	 6223528860.202047 
356 	 175.475415 	 210.777900 	 65220.098861 	 9358872457.349098 
357 	 -34.760209 	 133.950631 	 24388.977964 	 1263481506.295742 
358 	 62.924362 	 172.170021 	 41399.006261 	 3471882139.789714 
359 	 -99.552613 	 143.498324 	 31008.070944 	 2354825675.178557 
360 	 -192.609810 	 197.245660 	 58326.555621 	 9606087778.960794 
361 	 44.885390 	 147.684567 	 33109.717321 	 2910514692.421025 
362 	 171.736196 	 192.050671 	 55139.557309 	 7063479293.172103 
363 	 56.410851 	 237.111636 	 71640.752374 	 9837782856.998499 
364 	 99.791131 	 128.960158 	 25275.071923 	 1802552782.558733 
365 	 151.748055 	 241.026130 	 81109.761033 	 13015121756.441015 
366 	 24.991530 	 175.032752 	 41791.444404 	 3427258055.097888 
367 	 94.244042 	 184.581732 	 51706.944618 	 6915543276.928555 
368 	 12.596067 	 115.289939 	 25095.976943 	 2401069827.417761 
369 	 96.654244 	 168.720424 	 41957.157770 	 4314108373.483792 
370 	 26.259932 	 130.243089 	 27509.683485 	 2637254281.728766 
371 	 11.337086 	 224.536810 	 66126.357494 	 8224601673.519938 
372 	 29.240486 	 249.762215 	 86733.993594 	 15749266568.100504 
373 	 -12.947389 	 182.720701 	 46710.046119 	 4644818969.915597 
374 	 -101.734421 	 198.091460 	 50471.176002 	 4864989823.200979 
375 	 142.424840 	 168.161580 	 41334.933494 	 3778229101.209451 
376 	 25.236702 	 158.685269 	 34269.177515 	 2524757324.636676 
377 	 210.823825 	 227.157819 	 72807.697895 	 10991433305.384642 
378 	 92.181946 	 187.540135 	 47906.570193 	 4952859357.035718 
379 	 -240.577266 	 276.123299 	 91182.610573 	 13193890891.311470 
380 	 -92.625930 	 191.714966 	 52762.989489 	 6313537539.358048 
381 	 68.626972 	 224.231314 	 69457.608994 	 9943577223.371506 
382 	 73.217685 	 147.667178 	 32859.047623 	 2857989700.287243 
383 	 109.824741 	 176.207662 	 48929.359097 	 6189055467.842897 
384 	 19.046496 	 133.677929 	 30787.929333 	 3400587307.057270 
385 	 -167.560939 	 268.577137 	 98103.299562 	 19181836196.394695 
386 	 243.963512 	 253.103852 	 86932.077411 	 14565861249.425539 
387 	 82.192314 	 187.514333 	 48019.079015 	 4564103874.679869 
388 	 -148.479694 	 222.078709 	 63626.253901 	 7434962213.522776 
389 	 48.520591 	 231.565452 	 70666.904386 	 9037900407.828646 
390 	 51.260074 	 201.970076 	 60669.236631 	 8177379589.748817 
391 	 -25.839056 	 157.349142 	 39094.605044 	 4088658411.815649 
392 	 82.930540 	 149.412954 	 32403.813980 	 2399565121.101091 
393 	 108.260416 	 180.335925 	 50112.452990 	 6983435394.385456 
394 	 78.718411 	 128.183150 	 26301.984557 	 1987424083.546797 
395 	 -117.324828 	 162.279176 	 36457.608260 	 2931847802.853416 
396 	 103.491862 	 214.094528 	 62819.672172 	 8487991763.293012 
397 	 -56.324783 	 196.618938 	 48547.861575 	 3996556524.509326 
398 	 230.163530 	 255.516103 	 85191.087517 	 14108121616.292305 
399 	 -85.457457 	 175.875474 	 48463.394511 	 6035383585.522479 
400 	 -97.423135 	 227.322505 	 79318.822934 	 16323607704.059679 

%ACCRATE = 0.904850

%%%%%%%%%%%%%%%%%%%%%%%%%%%%%%%%%%%%%%%%%%%%%%%%%%%%%%%%%%%%%%%%%%%%%%%%%%%
%KAPPA = 0.190000
%%%%%%%%%%%%%%%%%%%%%%%%%%%%%%%%%%%%%%%%%%%%%%%%%%%%%%%%%%%%%%%%%%%%%%%%%%%

401 	 755.713000 	 755.713000 	 582741.507450 	 365598418890.333313 
402 	 712.190147 	 712.190147 	 523093.074271 	 304435380722.626038 
403 	 656.667010 	 656.667010 	 459003.410170 	 253614026030.203094 
404 	 703.193751 	 703.193751 	 521155.400716 	 308547136986.012390 
405 	 704.413081 	 704.413081 	 506916.031093 	 278824491893.655945 
406 	 688.108674 	 688.108674 	 493814.397678 	 276852339643.839478 
407 	 561.908114 	 562.108121 	 355710.527626 	 170270507390.299591 
408 	 712.850028 	 712.850028 	 520806.733284 	 294158858911.436340 
409 	 711.342948 	 711.342948 	 520831.667737 	 299288815987.337952 
410 	 765.951037 	 765.951037 	 595864.882712 	 376252622527.695496 
411 	 748.766690 	 748.766690 	 570785.117585 	 347437561785.138977 
412 	 722.694293 	 722.694293 	 534013.435408 	 307700667542.198486 
413 	 713.749987 	 713.749987 	 527285.753424 	 313500754199.078125 
414 	 630.917320 	 630.917320 	 420593.742053 	 206763917057.973541 
415 	 730.945318 	 730.945318 	 549765.503896 	 331536682417.229248 
416 	 733.003878 	 733.003878 	 549541.201245 	 328849290669.618958 
417 	 629.852448 	 629.852448 	 420205.077911 	 213451940703.806946 
418 	 662.467813 	 662.467813 	 461062.351161 	 246877831252.348175 
419 	 705.679369 	 705.679369 	 519538.148799 	 307043182225.512817 
420 	 677.249176 	 677.249176 	 491402.100436 	 289169775357.517883 
421 	 684.403287 	 684.403287 	 485990.783785 	 267397020863.952209 
422 	 752.669433 	 752.669433 	 573972.155419 	 345528320994.435730 
423 	 811.406702 	 811.406702 	 669724.492248 	 476237182691.490173 
424 	 560.029080 	 560.029080 	 342078.180568 	 153217072157.200623 
425 	 705.308579 	 705.308579 	 516848.262515 	 301562995876.170410 
426 	 179.691011 	 569.210752 	 385249.338440 	 220689787245.322632 
427 	 -679.706811 	 679.706811 	 484566.749730 	 276537818316.168579 
428 	 -666.711867 	 666.711867 	 465560.538500 	 250592966443.972717 
429 	 -740.454193 	 740.454193 	 558520.111878 	 333482381958.825684 
430 	 -671.366476 	 671.366476 	 465580.926972 	 242837099743.465576 
431 	 -673.959485 	 673.959485 	 473533.427329 	 258734401359.539215 
432 	 -671.945064 	 671.945064 	 477424.226688 	 268124504023.488983 
433 	 -787.927634 	 787.927634 	 633005.621045 	 427567852425.594849 
434 	 -681.802851 	 681.802851 	 500496.435175 	 304570186536.901855 
435 	 -666.974261 	 666.974261 	 462029.578638 	 238202225698.700714 
436 	 -655.711023 	 655.711023 	 446555.915935 	 227614439394.023651 
437 	 -493.945340 	 516.922676 	 343529.647178 	 188756996889.982697 
438 	 611.118602 	 611.118602 	 408266.995153 	 217209313354.275818 
439 	 660.145722 	 660.145722 	 450687.998922 	 229181140801.564941 
440 	 643.393915 	 643.393915 	 434146.175162 	 222744223019.905212 
441 	 648.583131 	 648.583131 	 457218.146381 	 266278864118.266724 
442 	 681.207414 	 681.207414 	 492257.448701 	 283142935963.923950 
443 	 264.498418 	 296.343779 	 137961.281504 	 52106970896.641968 
444 	 678.197742 	 678.197742 	 468761.132739 	 234815369201.779633 
445 	 706.061086 	 706.061086 	 512411.071989 	 287937068298.200806 
446 	 758.633876 	 758.633876 	 587010.122934 	 369803724788.944580 
447 	 633.224719 	 633.224719 	 434947.736542 	 239626172181.454834 
448 	 720.328986 	 720.328986 	 539163.687679 	 328590262872.069519 
449 	 718.438051 	 718.438051 	 533188.351153 	 317908826398.295776 
450 	 756.676888 	 756.676888 	 584316.290971 	 366362321865.188904 
451 	 750.979283 	 750.979283 	 580871.825005 	 374506414903.187073 
452 	 266.393894 	 535.135964 	 346213.448377 	 177595170251.820801 
453 	 -640.060353 	 640.060353 	 435742.509395 	 223494227309.954590 
454 	 -702.807989 	 702.807989 	 511287.490861 	 294934365843.065308 
455 	 -779.488684 	 779.488684 	 616785.096264 	 401190023302.701538 
456 	 -616.235537 	 616.235537 	 429938.053534 	 253888083525.568329 
457 	 -632.881073 	 632.881073 	 412334.141002 	 188384447344.542267 
458 	 -705.801211 	 705.801211 	 514387.896169 	 297230408574.156677 
459 	 -682.185280 	 682.185280 	 475754.049528 	 245365911194.963379 
460 	 -740.451898 	 740.451898 	 558727.169649 	 335858153549.082214 
461 	 -561.993505 	 563.750964 	 388392.425624 	 211405086675.177185 
462 	 -695.649680 	 695.649680 	 507337.889978 	 294685470650.610718 
463 	 -695.134930 	 695.134930 	 501548.886426 	 284991770434.608337 
464 	 -378.944916 	 498.166361 	 294149.336198 	 130988817012.173050 
465 	 -679.699320 	 679.699320 	 478722.361327 	 257675945281.740479 
466 	 -644.863921 	 644.863921 	 435460.764626 	 221707881003.601532 
467 	 -655.363167 	 655.363167 	 453218.758243 	 245303287888.274689 
468 	 -608.662598 	 608.662598 	 409494.632416 	 214016794288.858246 
469 	 -656.001258 	 656.001258 	 450874.339469 	 238380965756.428009 
470 	 -688.254114 	 688.254114 	 486180.081581 	 258483152405.615875 
471 	 -735.327117 	 735.327117 	 549666.955067 	 320497330613.355957 
472 	 -790.175919 	 790.175919 	 630061.959907 	 411452952089.688721 
473 	 -704.579141 	 704.579141 	 518033.958799 	 309908704339.159546 
474 	 -716.411798 	 716.411798 	 532642.844414 	 314983332082.561401 
475 	 632.436615 	 653.155835 	 459153.694730 	 244629781565.113800 
476 	 662.144180 	 662.144180 	 455060.663861 	 230337584387.096466 
477 	 713.919277 	 713.919277 	 529868.559990 	 318557516409.669861 
478 	 685.321682 	 685.321682 	 491909.309549 	 280053811290.021240 
479 	 659.470217 	 659.470217 	 465875.853474 	 268145332838.353729 
480 	 709.731537 	 709.731537 	 512777.295993 	 282368637469.085388 
481 	 789.362239 	 789.362239 	 630939.827116 	 417094532825.575806 
482 	 683.493964 	 683.493964 	 480569.610547 	 255917763519.999817 
483 	 724.526516 	 724.526516 	 535942.550463 	 310601676730.242065 
484 	 729.749877 	 729.749877 	 552235.638611 	 342568718339.120605 
485 	 666.454026 	 666.454026 	 469810.280558 	 259738301235.334229 
486 	 702.615409 	 702.615409 	 509157.651922 	 287954860448.591187 
487 	 730.987321 	 730.987321 	 542647.973384 	 313076571881.926758 
488 	 803.022540 	 803.022540 	 652547.507926 	 445288365443.422485 
489 	 714.979555 	 714.979555 	 527834.569891 	 309711195247.459045 
490 	 678.484264 	 678.484264 	 478997.880059 	 262370191103.894501 
491 	 606.363673 	 614.070777 	 439434.234551 	 255186775891.547424 
492 	 750.334436 	 750.334436 	 572843.216696 	 350544276105.334595 
493 	 669.277136 	 669.277136 	 463579.833036 	 240360173042.665558 
494 	 777.929952 	 777.929952 	 611089.927979 	 386892690086.839722 
495 	 633.205570 	 633.369561 	 432173.258320 	 221981394100.164001 
496 	 720.688471 	 720.688471 	 538658.725944 	 324899178482.838318 
497 	 -27.871183 	 492.613198 	 309378.481530 	 149982440184.415344 
498 	 -751.598194 	 751.598194 	 578438.543188 	 362822833720.127563 
499 	 -710.899723 	 710.899723 	 522181.122720 	 304449186835.450684 
500 	 -776.809293 	 776.809293 	 611911.857599 	 394867713122.308716 

%ACCRATE = 0.898330

%%%%%%%%%%%%%%%%%%%%%%%%%%%%%%%%%%%%%%%%%%%%%%%%%%%%%%%%%%%%%%%%%%%%%%%%%%%
%KAPPA = 0.200000
%%%%%%%%%%%%%%%%%%%%%%%%%%%%%%%%%%%%%%%%%%%%%%%%%%%%%%%%%%%%%%%%%%%%%%%%%%%

501 	 -1068.008822 	 1068.008822 	 1143753.945823 	 1322220622095.161621 
502 	 -1038.547734 	 1038.547734 	 1083156.874030 	 1192822444397.580811 
503 	 -1051.971857 	 1051.971857 	 1111019.494186 	 1253277827619.175049 
504 	 -1020.572179 	 1020.572179 	 1047263.914804 	 1120145134406.050781 
505 	 -1024.796917 	 1024.796917 	 1056244.194780 	 1140085686283.195801 
506 	 -1056.468873 	 1056.468873 	 1119935.586175 	 1271181205283.909668 
507 	 -1045.952031 	 1045.952031 	 1097426.594925 	 1219105842554.173828 
508 	 -1049.173192 	 1049.173192 	 1105082.642869 	 1239950037341.668701 
509 	 -1016.863202 	 1016.863202 	 1038624.906765 	 1097605238012.660889 
510 	 -1053.251205 	 1053.251205 	 1112133.710970 	 1249227362352.600586 
511 	 -1021.447565 	 1021.447565 	 1048655.138292 	 1121238753486.358643 
512 	 -1055.209797 	 1055.209797 	 1117223.429530 	 1264177169772.736816 
513 	 -1065.382472 	 1065.382472 	 1138209.584669 	 1309592048206.763916 
514 	 -1026.671790 	 1026.671790 	 1058605.590968 	 1138942450646.864990 
515 	 -1045.042168 	 1045.042168 	 1098379.071581 	 1232231791719.633057 
516 	 -1056.606871 	 1056.606871 	 1120827.727665 	 1275682054388.740967 
517 	 -1034.002241 	 1034.002241 	 1074773.714837 	 1178456930380.804688 
518 	 -1037.941165 	 1037.941165 	 1082117.583036 	 1190941791119.491943 
519 	 -1044.500661 	 1044.500661 	 1095789.251540 	 1221386998839.539551 
520 	 -1057.180037 	 1057.180037 	 1121213.919602 	 1272858509255.866699 
521 	 -1032.233639 	 1032.233639 	 1069495.087861 	 1160234378332.551025 
522 	 -1049.167693 	 1049.167693 	 1104668.235070 	 1237226152479.127441 
523 	 -1057.170280 	 1057.170280 	 1121224.837272 	 1273195483129.289307 
524 	 -1065.997055 	 1065.997055 	 1139379.632031 	 1311766930835.630859 
525 	 -1081.363155 	 1081.363155 	 1171832.624315 	 1384860220566.160889 
526 	 -1058.945086 	 1058.945086 	 1125450.742356 	 1285030681781.299561 
527 	 -1018.532648 	 1018.532648 	 1042463.548603 	 1107657167015.133057 
528 	 -1052.889531 	 1052.889531 	 1112929.143693 	 1257150415821.736816 
529 	 -1043.095277 	 1043.095277 	 1092697.372850 	 1213686331348.431641 
530 	 -1029.942029 	 1029.942029 	 1064095.799237 	 1146153085933.883301 
531 	 -1045.572562 	 1045.572562 	 1097727.916108 	 1224215339366.464844 
532 	 -1035.940948 	 1035.940948 	 1076621.268441 	 1173796032184.339355 
533 	 -1051.836087 	 1051.836087 	 1109932.201661 	 1247441151215.372559 
534 	 -1023.173413 	 1023.173413 	 1050630.106077 	 1119323316700.950928 
535 	 -1058.761790 	 1058.761790 	 1125061.956567 	 1283699255500.793457 
536 	 -1046.853765 	 1046.853765 	 1099570.933176 	 1224955623825.864746 
537 	 -1057.038723 	 1057.038723 	 1121628.299924 	 1277136742258.025146 
538 	 -1039.844740 	 1039.844740 	 1084809.730126 	 1191938155732.787109 
539 	 -1028.796759 	 1028.796759 	 1063244.151404 	 1150444049366.274658 
540 	 -1071.436365 	 1071.436365 	 1151158.560752 	 1339633535746.133545 
541 	 -1053.197988 	 1053.197988 	 1113076.727018 	 1255946087218.709961 
542 	 -1046.405510 	 1046.405510 	 1099320.598374 	 1227230615419.610352 
543 	 -1027.604374 	 1027.604374 	 1059936.811111 	 1139896311871.114014 
544 	 -1062.651532 	 1062.651532 	 1132766.513315 	 1298951287155.479492 
545 	 -1031.930755 	 1031.930755 	 1068838.107690 	 1159366155318.587158 
546 	 -1066.056718 	 1066.056718 	 1140969.693833 	 1322143148052.372559 
547 	 -1063.772751 	 1063.772751 	 1134031.977363 	 1296913528305.062012 
548 	 -1042.618302 	 1042.618302 	 1090239.940681 	 1202527280067.384766 
549 	 -1069.637002 	 1069.637002 	 1146669.072853 	 1326494017096.334473 
550 	 -1044.709164 	 1044.709164 	 1094773.926577 	 1213143379796.205078 
551 	 -1047.571943 	 1047.571943 	 1100448.801876 	 1224301071905.706787 
552 	 -1042.331939 	 1042.331939 	 1090938.712402 	 1209234607706.678955 
553 	 -1051.987320 	 1051.987320 	 1110139.164905 	 1247862728970.960693 
554 	 -1052.214385 	 1052.214385 	 1110207.168479 	 1245883259926.502686 
555 	 -1032.136350 	 1032.136350 	 1070085.956995 	 1165309871319.157959 
556 	 -1034.116601 	 1034.116601 	 1073461.091350 	 1169360006486.650391 
557 	 -1038.764465 	 1038.764465 	 1083726.269323 	 1194315945251.050537 
558 	 -1046.386778 	 1046.386778 	 1098527.872888 	 1222353506123.951660 
559 	 -1049.675898 	 1049.675898 	 1105140.447684 	 1235546064251.534424 
560 	 -1040.555642 	 1040.555642 	 1087061.044479 	 1200094487007.695068 
561 	 -1037.147348 	 1037.147348 	 1080330.891886 	 1186523224644.303467 
562 	 -1053.206135 	 1053.206135 	 1113085.307278 	 1256123381995.515381 
563 	 -1062.724039 	 1062.724039 	 1132381.753377 	 1295484251435.271240 
564 	 -1035.009809 	 1035.009809 	 1075571.946695 	 1175347362212.134277 
565 	 -1049.871755 	 1049.871755 	 1107750.844144 	 1251497103423.798828 
566 	 -1030.815225 	 1030.815225 	 1067799.900743 	 1161635474562.140137 
567 	 -1065.504790 	 1065.504790 	 1139453.392747 	 1316821031584.085938 
568 	 -1056.015084 	 1056.015084 	 1118777.002769 	 1267723848318.733643 
569 	 -1038.894509 	 1038.894509 	 1084079.145049 	 1195412770450.133057 
570 	 -1040.283242 	 1040.283242 	 1086221.026047 	 1197167062931.665527 
571 	 -1047.875391 	 1047.875391 	 1101922.921763 	 1231325549255.883057 
572 	 -1045.703994 	 1045.703994 	 1096983.596154 	 1218370479364.516602 
573 	 -1046.115128 	 1046.115128 	 1099030.741636 	 1227493928978.236328 
574 	 -1047.868028 	 1047.868028 	 1102416.942947 	 1234087359016.415039 
575 	 -1042.289971 	 1042.289971 	 1091522.785276 	 1213109034235.778809 
576 	 -1055.645076 	 1055.645076 	 1118088.698388 	 1266217409186.032471 
577 	 -1042.236362 	 1042.236362 	 1090760.242329 	 1209345725183.310547 
578 	 -1054.739138 	 1054.739138 	 1116414.207999 	 1263503890974.343018 
579 	 -1048.659595 	 1048.659595 	 1103951.991475 	 1237402719201.075928 
580 	 -1037.361216 	 1037.361216 	 1080712.387925 	 1187420937692.392334 
581 	 -1053.945416 	 1053.945416 	 1114684.382462 	 1259426795962.924805 
582 	 -1032.290537 	 1032.290537 	 1070935.324098 	 1168622057602.493896 
583 	 -1060.883038 	 1060.883038 	 1128873.268961 	 1289638370785.284424 
584 	 -1053.838088 	 1053.838088 	 1115389.218823 	 1265098299195.949707 
585 	 -1061.723843 	 1061.723843 	 1130057.307243 	 1289674674154.457275 
586 	 -1054.349414 	 1054.349414 	 1115520.862270 	 1261568527614.214844 
587 	 -1043.092507 	 1043.092507 	 1091636.475238 	 1207141591823.117432 
588 	 -1037.993030 	 1037.993030 	 1084589.444247 	 1203700695628.090332 
589 	 -1053.394286 	 1053.394286 	 1113642.488799 	 1257670236744.770996 
590 	 -1022.815298 	 1022.815298 	 1054035.184558 	 1141226625559.973633 
591 	 -1007.452631 	 1007.452631 	 1024027.425098 	 1081452922382.684570 
592 	 -1047.421251 	 1047.421251 	 1100377.947236 	 1225318976159.184082 
593 	 -1032.078326 	 1032.078326 	 1070883.103778 	 1170224242175.979248 
594 	 -1046.158403 	 1046.158403 	 1098812.921655 	 1226105240830.561523 
595 	 -1053.398693 	 1053.398693 	 1113210.427619 	 1255085026414.529297 
596 	 -1037.164404 	 1037.164404 	 1080794.715315 	 1189713547241.204102 
597 	 -1040.013483 	 1040.013483 	 1085694.719892 	 1196129273104.167969 
598 	 -1045.206678 	 1045.206678 	 1096435.740321 	 1219087391754.520264 
599 	 -1056.682706 	 1056.682706 	 1120367.339609 	 1271957158404.095947 
600 	 -1046.634772 	 1046.634772 	 1099131.687900 	 1223985934069.075928 

%ACCRATE = 0.888040

%%%%%%%%%%%%%%%%%%%%%%%%%%%%%%%%%%%%%%%%%%%%%%%%%%%%%%%%%%%%%%%%%%%%%%%%%%%
%KAPPA = 0.210000
%%%%%%%%%%%%%%%%%%%%%%%%%%%%%%%%%%%%%%%%%%%%%%%%%%%%%%%%%%%%%%%%%%%%%%%%%%%

601 	 -1219.126366 	 1219.126366 	 1488974.404502 	 2233066138545.108887 
602 	 -1234.401242 	 1234.401242 	 1525793.304908 	 2340407618307.516113 
603 	 -1220.883991 	 1220.883991 	 1492377.052863 	 2237981958920.169922 
604 	 -1226.435190 	 1226.435190 	 1505912.265547 	 2278275651560.189453 
605 	 -1223.437008 	 1223.437008 	 1498691.458511 	 2257283261407.165039 
606 	 -1214.616825 	 1214.616825 	 1477123.225046 	 2192727983054.626465 
607 	 -1228.429012 	 1228.429012 	 1511057.747065 	 2295403696875.474609 
608 	 -1218.963247 	 1218.963247 	 1488677.889856 	 2232578744163.641113 
609 	 -1231.515978 	 1231.515978 	 1518347.338258 	 2315730597136.629395 
610 	 -1217.747012 	 1217.747012 	 1484762.509620 	 2215439197685.266113 
611 	 -1227.419988 	 1227.419988 	 1508831.143384 	 2290074509633.553711 
612 	 -1226.828074 	 1226.828074 	 1506931.360033 	 2281705078230.890137 
613 	 -1233.627484 	 1233.627484 	 1523599.556121 	 2332017398300.634766 
614 	 -1222.850103 	 1222.850103 	 1497126.188830 	 2251867214741.417969 
615 	 -1224.919514 	 1224.919514 	 1502565.438339 	 2270438706420.612305 
616 	 -1232.081924 	 1232.081924 	 1519951.133339 	 2321863161591.202637 
617 	 -1231.860709 	 1231.860709 	 1519593.285636 	 2321806634073.305176 
618 	 -1225.651533 	 1225.651533 	 1504745.244341 	 2279095226881.041504 
619 	 -1225.513477 	 1225.513477 	 1504010.936407 	 2274869622658.119141 
620 	 -1224.812913 	 1224.812913 	 1502472.836418 	 2271091703987.520508 
621 	 -1221.107667 	 1221.107667 	 1493022.420464 	 2240429776379.235840 
622 	 -1229.506804 	 1229.506804 	 1513663.577385 	 2303097142057.505859 
623 	 -1231.220250 	 1231.220250 	 1517720.336677 	 2314456360095.705566 
624 	 -1230.196119 	 1230.196119 	 1515387.585009 	 2308367385533.479492 
625 	 -1213.190098 	 1213.190098 	 1474647.034231 	 2190972333886.398438 
626 	 -1223.733655 	 1223.733655 	 1499571.520596 	 2260995472088.579102 
627 	 -1224.303165 	 1224.303165 	 1501320.407715 	 2268166627569.735840 
628 	 -1215.912651 	 1215.912651 	 1480712.456363 	 2205656053702.341797 
629 	 -1229.102012 	 1229.102012 	 1512884.616646 	 2301857356304.534180 
630 	 -1228.991990 	 1228.991990 	 1512448.870059 	 2299598659230.408691 
631 	 -1234.077149 	 1234.077149 	 1524919.738919 	 2337290144689.930176 
632 	 -1217.929885 	 1217.929885 	 1485554.236609 	 2219778666918.538574 
633 	 -1219.233758 	 1219.233758 	 1488388.708630 	 2226300662256.612305 
634 	 -1225.695212 	 1225.695212 	 1504738.866797 	 2278601360213.729492 
635 	 -1217.060168 	 1217.060168 	 1483532.688592 	 2214335553727.369629 
636 	 -1222.933380 	 1222.933380 	 1497526.287963 	 2254223222541.595215 
637 	 -1222.681172 	 1222.681172 	 1497232.171398 	 2255275098364.549805 
638 	 -1218.370382 	 1218.370382 	 1486478.831054 	 2221732583170.252441 
639 	 -1226.428203 	 1226.428203 	 1506282.442145 	 2281746036636.025879 
640 	 -1229.559332 	 1229.559332 	 1513585.184481 	 2301587318888.022461 
641 	 -1222.979430 	 1222.979430 	 1497450.838733 	 2252849960144.222168 
642 	 -1226.733737 	 1226.733737 	 1506721.789533 	 2281198021431.271973 
643 	 -1225.538432 	 1225.538432 	 1503792.012063 	 2272417673903.444824 
644 	 -1231.702836 	 1231.702836 	 1519174.697410 	 2320464168501.173828 
645 	 -1230.980861 	 1230.980861 	 1517436.908134 	 2315328847758.903320 
646 	 -1238.511801 	 1238.511801 	 1535708.364048 	 2369361291870.254395 
647 	 -1229.764045 	 1229.764045 	 1514348.284264 	 2305401521774.365723 
648 	 -1241.256292 	 1241.256292 	 1542271.550977 	 2388107899702.509766 
649 	 -1223.953476 	 1223.953476 	 1500081.253145 	 2262226587333.438965 
650 	 -1235.605835 	 1235.605835 	 1528381.151440 	 2345992440784.591797 
651 	 -1214.489679 	 1214.489679 	 1477675.797936 	 2199129268300.066895 
652 	 -1217.031791 	 1217.031791 	 1483375.898976 	 2213342884749.997559 
653 	 -1213.379331 	 1213.379331 	 1474599.269975 	 2187868385665.959473 
654 	 -1226.592964 	 1226.592964 	 1506479.253317 	 2281057618351.066406 
655 	 -1224.161853 	 1224.161853 	 1500334.946341 	 2261531261717.025391 
656 	 -1220.236028 	 1220.236028 	 1491235.397130 	 2237061443258.595215 
657 	 -1216.194695 	 1216.194695 	 1480960.010994 	 2204060009635.864258 
658 	 -1224.558393 	 1224.558393 	 1501578.613127 	 2266892247006.082031 
659 	 -1224.231236 	 1224.231236 	 1501182.831243 	 2268152882538.686523 
660 	 -1220.081734 	 1220.081734 	 1490453.505889 	 2232367939883.452637 
661 	 -1221.692763 	 1221.692763 	 1494432.306499 	 2244599755997.691406 
662 	 -1228.611830 	 1228.611830 	 1511432.493273 	 2296164610929.880859 
663 	 -1221.990522 	 1221.990522 	 1495867.266263 	 2252953019209.204102 
664 	 -1221.845480 	 1221.845480 	 1495029.640677 	 2247668110410.742676 
665 	 -1223.492207 	 1223.492207 	 1499216.438684 	 2261208497357.423340 
666 	 -1224.718219 	 1224.718219 	 1501647.187414 	 2265189803744.493652 
667 	 -1219.958917 	 1219.958917 	 1490179.286526 	 2231836595322.651855 
668 	 -1226.937403 	 1226.937403 	 1507300.778254 	 2283553721969.563965 
669 	 -1224.035626 	 1224.035626 	 1500437.567668 	 2264254366853.234375 
670 	 -1222.586749 	 1222.586749 	 1496589.771536 	 2250907949737.736328 
671 	 -1228.498953 	 1228.498953 	 1511623.535982 	 2299345008079.563965 
672 	 -1232.160278 	 1232.160278 	 1520353.658930 	 2324385548175.574707 
673 	 -1229.963560 	 1229.963560 	 1514627.651366 	 2305077564652.910645 
674 	 -1221.824240 	 1221.824240 	 1495717.570980 	 2254101426943.738770 
675 	 -1220.737796 	 1220.737796 	 1491914.743785 	 2235960313106.894043 
676 	 -1226.113245 	 1226.113245 	 1505373.816213 	 2278353879133.198730 
677 	 -1228.036212 	 1228.036212 	 1510126.852541 	 2292802680560.455078 
678 	 -1219.779958 	 1219.779958 	 1490099.580828 	 2233506100467.151855 
679 	 -1225.588910 	 1225.588910 	 1504170.052133 	 2275013185070.131836 
680 	 -1221.756751 	 1221.756751 	 1494346.156638 	 2242928731355.522949 
681 	 -1229.375835 	 1229.375835 	 1513255.561298 	 2301273145040.048828 
682 	 -1215.546721 	 1215.546721 	 1479448.882797 	 2199894576345.838379 
683 	 -1216.608921 	 1216.608921 	 1482110.912060 	 2208301628172.206543 
684 	 -1230.244332 	 1230.244332 	 1515104.143483 	 2305182384576.208008 
685 	 -1228.059708 	 1228.059708 	 1509995.773491 	 2291302895529.985840 
686 	 -1230.854793 	 1230.854793 	 1516865.892449 	 2312076463671.794434 
687 	 -1207.859367 	 1207.859367 	 1461853.005550 	 2154142390966.519043 
688 	 -1208.860105 	 1208.860105 	 1463258.036254 	 2152242932848.844727 
689 	 -1234.827466 	 1234.827466 	 1526554.525984 	 2341037798283.703613 
690 	 -1226.824216 	 1226.824216 	 1507097.073400 	 2283323286071.836914 
691 	 -1233.848231 	 1233.848231 	 1524437.680680 	 2336325002403.412598 
692 	 -1216.217897 	 1216.217897 	 1481265.989345 	 2206415015931.501465 
693 	 -1221.941520 	 1221.941520 	 1495540.426527 	 2250871539241.070801 
694 	 -1222.921763 	 1222.921763 	 1497749.895024 	 2256263474308.520508 
695 	 -1222.214393 	 1222.214393 	 1495742.818167 	 2248787670862.253418 
696 	 -1219.369901 	 1219.369901 	 1489353.061664 	 2232688140654.308105 
697 	 -1216.618091 	 1216.618091 	 1482639.735127 	 2212830468697.177246 
698 	 -1211.779857 	 1211.779857 	 1470901.232339 	 2178122628744.885986 
699 	 -1220.298223 	 1220.298223 	 1490846.020111 	 2232789978541.688965 
700 	 -1225.997904 	 1225.997904 	 1505018.589153 	 2276678746191.721191 

%ACCRATE = 0.881690

%%%%%%%%%%%%%%%%%%%%%%%%%%%%%%%%%%%%%%%%%%%%%%%%%%%%%%%%%%%%%%%%%%%%%%%%%%%
%KAPPA = 0.220000
%%%%%%%%%%%%%%%%%%%%%%%%%%%%%%%%%%%%%%%%%%%%%%%%%%%%%%%%%%%%%%%%%%%%%%%%%%%

701 	 -1343.898195 	 1343.898195 	 1807596.488570 	 3278330137261.358887 
702 	 -1348.692868 	 1348.692868 	 1820024.912575 	 3320117128603.398926 
703 	 -1351.578996 	 1351.578996 	 1828120.115363 	 3351869049809.504395 
704 	 -1340.849792 	 1340.849792 	 1799164.300646 	 3246181546782.483887 
705 	 -1344.761073 	 1344.761073 	 1809805.325093 	 3285620773007.816895 
706 	 -1339.957978 	 1339.957978 	 1796946.044898 	 3239463125845.745117 
707 	 -1349.283192 	 1349.283192 	 1821722.463992 	 3327034783415.109375 
708 	 -1345.937191 	 1345.937191 	 1812827.269634 	 3295616273678.953613 
709 	 -1345.279708 	 1345.279708 	 1810996.924336 	 3288453872541.770020 
710 	 -1348.852063 	 1348.852063 	 1820459.045054 	 3321724755331.057129 
711 	 -1346.424986 	 1346.424986 	 1813948.969999 	 3298296835516.397461 
712 	 -1345.724273 	 1345.724273 	 1812396.720721 	 3295069280274.048828 
713 	 -1350.011257 	 1350.011257 	 1823629.581044 	 3333562026275.348145 
714 	 -1348.014232 	 1348.014232 	 1818469.448045 	 3316437791806.935547 
715 	 -1344.368828 	 1344.368828 	 1808648.250073 	 3280736396809.917480 
716 	 -1351.425192 	 1351.425192 	 1827492.102494 	 3348047199273.491211 
717 	 -1349.254676 	 1349.254676 	 1821599.132812 	 3326237289781.995117 
718 	 -1349.872008 	 1349.872008 	 1823636.156444 	 3336352313342.033203 
719 	 -1339.694858 	 1339.694858 	 1796088.844411 	 3235297629343.621582 
720 	 -1340.301937 	 1340.301937 	 1797570.574785 	 3239591686479.295898 
721 	 -1346.616566 	 1346.616566 	 1814589.791629 	 3301547212716.314453 
722 	 -1342.008218 	 1342.008218 	 1802482.081017 	 3259533440031.381348 
723 	 -1345.280129 	 1345.280129 	 1810991.045593 	 3288418807050.619629 
724 	 -1346.955268 	 1346.955268 	 1815559.139593 	 3305417951746.107422 
725 	 -1345.759910 	 1345.759910 	 1812256.126691 	 3292819223743.458496 
726 	 -1349.451073 	 1349.451073 	 1822345.834308 	 3330576217002.011230 
727 	 -1345.635590 	 1345.635590 	 1811992.591704 	 3292365100717.942871 
728 	 -1338.392849 	 1338.392849 	 1792609.699416 	 3222821024944.466797 
729 	 -1346.225575 	 1346.225575 	 1813881.095387 	 3301280423703.973145 
730 	 -1351.981742 	 1351.981742 	 1829231.028186 	 3356073673094.952637 
731 	 -1352.207715 	 1352.207715 	 1829662.231061 	 3356347440803.778320 
732 	 -1341.071550 	 1341.071550 	 1799909.566657 	 3249883028627.342773 
733 	 -1352.030360 	 1352.030360 	 1829041.932440 	 3353089886100.974609 
734 	 -1344.682199 	 1344.682199 	 1809237.668240 	 3281039248681.206055 
735 	 -1346.516434 	 1346.516434 	 1814465.839024 	 3302115701159.037598 
736 	 -1344.980863 	 1344.980863 	 1810067.501203 	 3284270088668.547852 
737 	 -1351.208723 	 1351.208723 	 1826863.298398 	 3345417164232.078125 
738 	 -1340.470556 	 1340.470556 	 1798017.100740 	 3241089668579.286133 
739 	 -1351.357666 	 1351.357666 	 1827341.371903 	 3347741998824.286133 
740 	 -1345.260108 	 1345.260108 	 1810948.237199 	 3288332069231.313477 
741 	 -1353.817794 	 1353.817794 	 1833966.787054 	 3371837101867.532227 
742 	 -1341.597052 	 1341.597052 	 1801347.335634 	 3255392532988.462402 
743 	 -1347.368009 	 1347.368009 	 1816625.341193 	 3309001005356.819824 
744 	 -1340.780626 	 1340.780626 	 1799086.002704 	 3246668187372.654297 
745 	 -1339.408827 	 1339.408827 	 1795650.463929 	 3236028017239.563477 
746 	 -1345.020191 	 1345.020191 	 1810491.677386 	 3288007821178.775879 
747 	 -1351.845737 	 1351.845737 	 1828551.901227 	 3351320721915.109863 
748 	 -1354.370534 	 1354.370534 	 1835583.599812 	 3378581016632.916016 
749 	 -1350.213513 	 1350.213513 	 1824408.570470 	 3338157148980.153320 
750 	 -1348.284371 	 1348.284371 	 1819238.134832 	 3319492928924.106445 
751 	 -1342.306297 	 1342.306297 	 1803085.714197 	 3260476193498.525879 
752 	 -1341.991954 	 1341.991954 	 1802242.866808 	 3257409244537.148926 
753 	 -1349.689974 	 1349.689974 	 1822957.329400 	 3332536941511.450684 
754 	 -1343.869107 	 1343.869107 	 1807292.606929 	 3275709443800.165527 
755 	 -1345.855382 	 1345.855382 	 1812644.234698 	 3295173113972.053223 
756 	 -1341.934337 	 1341.934337 	 1802373.281250 	 3259892713484.797363 
757 	 -1342.005989 	 1342.005989 	 1802377.937468 	 3258547565692.760742 
758 	 -1347.409833 	 1347.409833 	 1816769.898511 	 3309774646174.762695 
759 	 -1355.452775 	 1355.452775 	 1838411.314795 	 3388243185595.676758 
760 	 -1350.684927 	 1350.684927 	 1825842.375539 	 3344601529137.255859 
761 	 -1351.028291 	 1351.028291 	 1826328.972121 	 3343182123412.544434 
762 	 -1339.310722 	 1339.310722 	 1795037.899100 	 3231395940931.110840 
763 	 -1348.654120 	 1348.654120 	 1819929.090172 	 3319876064576.381836 
764 	 -1346.354540 	 1346.354540 	 1813860.440059 	 3298680115054.109863 
765 	 -1350.369769 	 1350.369769 	 1824672.706417 	 3337986906381.524902 
766 	 -1345.206508 	 1345.206508 	 1811108.888868 	 3291065989241.551758 
767 	 -1352.700956 	 1352.700956 	 1831010.279870 	 3361417828181.315918 
768 	 -1344.095936 	 1344.095936 	 1807702.460194 	 3275800584593.724121 
769 	 -1342.738076 	 1342.738076 	 1804433.565928 	 3266635237722.066406 
770 	 -1352.279425 	 1352.279425 	 1829645.306369 	 3354730939529.855469 
771 	 -1345.861093 	 1345.861093 	 1812784.088109 	 3296548676708.506836 
772 	 -1349.331064 	 1349.331064 	 1821766.475579 	 3326627019121.140137 
773 	 -1340.362103 	 1340.362103 	 1797831.948446 	 3241233815195.183594 
774 	 -1349.070988 	 1349.070988 	 1821282.242624 	 3326445520271.623047 
775 	 -1340.181228 	 1340.181228 	 1797270.525312 	 3238639459026.155273 
776 	 -1347.055616 	 1347.055616 	 1815804.391775 	 3306145892466.526367 
777 	 -1351.008685 	 1351.008685 	 1826505.496746 	 3345526820614.667480 
778 	 -1344.834618 	 1344.834618 	 1809909.679375 	 3285367705255.662598 
779 	 -1345.044690 	 1345.044690 	 1810665.518988 	 3289392071310.082031 
780 	 -1344.751190 	 1344.751190 	 1809563.045381 	 3283202813507.843262 
781 	 -1342.793672 	 1342.793672 	 1804570.001151 	 3267013944601.959961 
782 	 -1346.144326 	 1346.144326 	 1813267.354266 	 3296314813902.355469 
783 	 -1345.135091 	 1345.135091 	 1810499.075779 	 3285908521947.732910 
784 	 -1346.159373 	 1346.159373 	 1813259.730312 	 3295903834062.351562 
785 	 -1354.327475 	 1354.327475 	 1835351.478579 	 3376861053014.479492 
786 	 -1345.224502 	 1345.224502 	 1810840.687484 	 3287897198543.026855 
787 	 -1350.026517 	 1350.026517 	 1823921.470011 	 3336446196508.533203 
788 	 -1339.468195 	 1339.468195 	 1795643.201036 	 3234749950352.078613 
789 	 -1341.078144 	 1341.078144 	 1799709.391884 	 3247667660546.868164 
790 	 -1339.416876 	 1339.416876 	 1795297.815251 	 3232147435010.110352 
791 	 -1349.294819 	 1349.294819 	 1821587.287081 	 3325369391325.609375 
792 	 -1345.810080 	 1345.810080 	 1812532.192007 	 3294853242969.898926 
793 	 -1340.027464 	 1340.027464 	 1797153.753604 	 3240329056548.666992 
794 	 -1345.295502 	 1345.295502 	 1811112.655658 	 3289473953620.202148 
795 	 -1350.327095 	 1350.327095 	 1824666.720893 	 3338749809384.615723 
796 	 -1346.607668 	 1346.607668 	 1814590.452059 	 3301717511380.221191 
797 	 -1348.649584 	 1348.649584 	 1820070.024572 	 3321446446692.319336 
798 	 -1343.905761 	 1343.905761 	 1807252.521094 	 3274586574352.408203 
799 	 -1349.517686 	 1349.517686 	 1822406.284363 	 3329948859595.023926 
800 	 -1340.443215 	 1340.443215 	 1798204.297388 	 3243651451697.996094 

%ACCRATE = 0.876530

%%%%%%%%%%%%%%%%%%%%%%%%%%%%%%%%%%%%%%%%%%%%%%%%%%%%%%%%%%%%%%%%%%%%%%%%%%%
%KAPPA = 0.230000
%%%%%%%%%%%%%%%%%%%%%%%%%%%%%%%%%%%%%%%%%%%%%%%%%%%%%%%%%%%%%%%%%%%%%%%%%%%

801 	 -1436.237700 	 1436.237700 	 2063746.542354 	 4267015867689.875488 
802 	 -1443.926011 	 1443.926011 	 2085806.278903 	 4357951405063.559082 
803 	 -1437.548165 	 1437.548165 	 2067473.782167 	 4282104565783.098633 
804 	 -1441.834296 	 1441.834296 	 2079777.105629 	 4332872746474.147461 
805 	 -1438.287160 	 1438.287160 	 2069621.134575 	 4291176288164.931641 
806 	 -1435.170620 	 1435.170620 	 2060623.082543 	 4253642029846.625977 
807 	 -1438.289885 	 1438.289885 	 2069608.481064 	 4290938544811.456543 
808 	 -1433.952848 	 1433.952848 	 2057140.462037 	 4239369606732.810059 
809 	 -1437.291128 	 1437.291128 	 2066669.615589 	 4278223814208.118164 
810 	 -1439.068446 	 1439.068446 	 2071801.588541 	 4299674185404.828613 
811 	 -1436.732668 	 1436.732668 	 2065035.267285 	 4271262228804.533691 
812 	 -1441.049564 	 1441.049564 	 2077561.029671 	 4323997983364.682617 
813 	 -1435.071844 	 1435.071844 	 2060369.593912 	 4252813459887.730469 
814 	 -1439.517037 	 1439.517037 	 2073149.775009 	 4305702663506.800293 
815 	 -1439.171077 	 1439.171077 	 2072077.959697 	 4300649342221.935547 
816 	 -1437.172394 	 1437.172394 	 2066390.025731 	 4277571559043.550293 
817 	 -1444.907348 	 1444.907348 	 2088728.140595 	 4370875943783.361816 
818 	 -1443.686485 	 1443.686485 	 2085125.387426 	 4355208809119.187012 
819 	 -1441.523443 	 1441.523443 	 2078860.993782 	 4328883763435.901855 
820 	 -1436.197100 	 1436.197100 	 2063531.437206 	 4265313706434.257324 
821 	 -1437.480002 	 1437.480002 	 2067252.743658 	 4280989058883.095215 
822 	 -1438.217439 	 1438.217439 	 2069424.289069 	 4290416796625.209961 
823 	 -1439.887412 	 1439.887412 	 2074068.110902 	 4308333356988.070312 
824 	 -1445.558669 	 1445.558669 	 2090451.842368 	 4376750544692.125488 
825 	 -1437.893743 	 1437.893743 	 2068490.189428 	 4286480517408.394043 
826 	 -1438.247011 	 1438.247011 	 2069548.415910 	 4291201310386.086426 
827 	 -1435.590116 	 1435.590116 	 2061775.139590 	 4257963391677.933105 
828 	 -1438.775869 	 1438.775869 	 2071110.299960 	 4297993318170.293457 
829 	 -1442.661746 	 1442.661746 	 2082298.087176 	 4344487332571.919922 
830 	 -1434.889987 	 1434.889987 	 2059884.609603 	 4251102730350.187500 
831 	 -1436.533571 	 1436.533571 	 2064526.015629 	 4269659878797.673340 
832 	 -1439.362365 	 1439.362365 	 2072737.202793 	 4304259278354.945801 
833 	 -1439.486443 	 1439.486443 	 2073023.749566 	 4304873905067.204590 
834 	 -1441.664607 	 1441.664607 	 2079213.696094 	 4329896703920.255371 
835 	 -1440.879109 	 1440.879109 	 2076996.353274 	 4321050532245.314941 
836 	 -1437.688567 	 1437.688567 	 2067809.938447 	 4282944085914.826660 
837 	 -1435.538108 	 1435.538108 	 2061641.318201 	 4257505947524.793457 
838 	 -1440.144856 	 1440.144856 	 2074917.178802 	 4312720682714.969727 
839 	 -1434.389873 	 1434.389873 	 2058300.701568 	 4243378708386.029785 
840 	 -1434.138459 	 1434.138459 	 2057874.752529 	 4244044817675.152832 
841 	 -1438.722990 	 1438.722990 	 2070918.197802 	 4296881086559.078613 
842 	 -1442.151253 	 1442.151253 	 2080597.464126 	 4335504201726.690430 
843 	 -1439.406175 	 1439.406175 	 2072938.414112 	 4305710335303.175293 
844 	 -1435.492476 	 1435.492476 	 2061450.212454 	 4256271309616.356445 
845 	 -1438.215751 	 1438.215751 	 2069327.082310 	 4289213338779.226562 
846 	 -1435.463990 	 1435.463990 	 2061489.784939 	 4257435214089.806641 
847 	 -1440.348883 	 1440.348883 	 2075493.058592 	 4315002503904.783691 
848 	 -1438.337057 	 1438.337057 	 2069737.093895 	 4291434723945.206543 
849 	 -1436.803134 	 1436.803134 	 2065319.368752 	 4273120364761.867676 
850 	 -1434.713143 	 1434.713143 	 2059283.736353 	 4247920104092.729492 
851 	 -1442.459031 	 1442.459031 	 2081547.476474 	 4339988057071.433594 
852 	 -1440.015341 	 1440.015341 	 2074609.358051 	 4311974082930.003418 
853 	 -1436.192401 	 1436.192401 	 2063624.970482 	 4266582804284.318359 
854 	 -1442.270568 	 1442.270568 	 2080939.307421 	 4336911087631.582520 
855 	 -1440.539260 	 1440.539260 	 2076020.391779 	 4317025488695.310547 
856 	 -1439.148570 	 1439.148570 	 2071989.787416 	 4300111819793.842285 
857 	 -1438.966450 	 1438.966450 	 2071461.731793 	 4297891666842.111816 
858 	 -1444.323418 	 1444.323418 	 2086981.073083 	 4363062200973.424805 
859 	 -1439.912028 	 1439.912028 	 2074299.386954 	 4310565865483.252930 
860 	 -1435.217431 	 1435.217431 	 2060755.027830 	 4254167908122.703125 
861 	 -1441.766569 	 1441.766569 	 2079693.100678 	 4333442697099.173340 
862 	 -1441.030520 	 1441.030520 	 2077470.462055 	 4323332037391.852539 
863 	 -1437.312384 	 1437.312384 	 2066768.344964 	 4278932497227.183594 
864 	 -1436.827757 	 1436.827757 	 2065395.044170 	 4273438804640.353027 
865 	 -1438.900611 	 1438.900611 	 2071393.215745 	 4298573901750.139648 
866 	 -1436.722781 	 1436.722781 	 2065044.026803 	 4271576538161.198730 
867 	 -1435.452762 	 1435.452762 	 2061478.780880 	 4257515343286.544922 
868 	 -1442.329410 	 1442.329410 	 2081193.343743 	 4338648890084.780762 
869 	 -1442.853654 	 1442.853654 	 2082662.555215 	 4344436657553.858398 
870 	 -1438.679717 	 1438.679717 	 2070801.189696 	 4296499059832.941406 
871 	 -1436.312085 	 1436.312085 	 2063916.782889 	 4267384385882.982910 
872 	 -1440.727420 	 1440.727420 	 2076570.488191 	 4319384574348.233398 
873 	 -1436.686967 	 1436.686967 	 2064971.034863 	 4271549763920.930664 
874 	 -1441.318970 	 1441.318970 	 2078336.575345 	 4327236297489.475586 
875 	 -1438.146059 	 1438.146059 	 2069129.142004 	 4288438692023.033691 
876 	 -1441.733406 	 1441.733406 	 2079343.559054 	 4329896425814.296875 
877 	 -1438.445401 	 1438.445401 	 2069965.035380 	 4291723246851.482422 
878 	 -1438.176267 	 1438.176267 	 2069303.106239 	 4289880752885.413574 
879 	 -1437.155989 	 1437.155989 	 2066305.860146 	 4276924433692.298828 
880 	 -1434.720143 	 1434.720143 	 2059362.753360 	 4248707963106.442383 
881 	 -1436.718878 	 1436.718878 	 2065055.153214 	 4271803199921.125488 
882 	 -1437.958290 	 1437.958290 	 2068608.157612 	 4286422564956.286133 
883 	 -1440.037879 	 1440.037879 	 2074492.391585 	 4310010787281.849121 
884 	 -1441.763490 	 1441.763490 	 2079569.007615 	 4331917544208.879395 
885 	 -1441.148318 	 1441.148318 	 2077672.104956 	 4323044524556.327637 
886 	 -1442.546006 	 1442.546006 	 2081922.666191 	 4342559126229.098633 
887 	 -1435.580223 	 1435.580223 	 2061828.777339 	 4258871720210.660645 
888 	 -1435.632943 	 1435.632943 	 2061892.599083 	 4258368616513.914062 
889 	 -1438.504450 	 1438.504450 	 2070170.930202 	 4292858548629.883789 
890 	 -1438.230052 	 1438.230052 	 2069309.306834 	 4288681314527.647949 
891 	 -1436.755550 	 1436.755550 	 2065148.973000 	 4272144781897.111816 
892 	 -1441.397235 	 1441.397235 	 2078361.027332 	 4325666700911.285645 
893 	 -1439.986749 	 1439.986749 	 2074539.533839 	 4311795830097.349609 
894 	 -1441.946019 	 1441.946019 	 2080011.304445 	 4333121058008.214355 
895 	 -1439.102496 	 1439.102496 	 2072021.001982 	 4301580616490.644043 
896 	 -1434.423535 	 1434.423535 	 2058539.165729 	 4245505518002.370117 
897 	 -1439.636365 	 1439.636365 	 2073455.136234 	 4306686815516.797363 
898 	 -1438.384458 	 1438.384458 	 2069887.212682 	 4292194620539.384766 
899 	 -1434.384647 	 1434.384647 	 2058437.874321 	 4245174534142.294922 
900 	 -1436.921006 	 1436.921006 	 2065600.927177 	 4273804451987.551270 

%ACCRATE = 0.868870
