%%%%%%%%%%%%%%%%%%%%%%%%%%%%%%%%%%%%%%%%%%%%%%%%%%%%%%%%%%%%%%%%%%%%%%%%%%%
%SIMULAZIONE D = 3, L = 8, V = 512
%NUMERO DI MISURE PER OGNI KAPPA: T = 100
%%%%%%%%%%%%%%%%%%%%%%%%%%%%%%%%%%%%%%%%%%%%%%%%%%%%%%%%%%%%%%%%%%%%%%%%%%%

%%%%%%%%%%%%%%%%%%%%%%%%%%%%%%%%%%%%%%%%%%%%%%%%%%%%%%%%%%%%%%%%%%%%%%%%%%%
%KAPPA = 0.150000
%%%%%%%%%%%%%%%%%%%%%%%%%%%%%%%%%%%%%%%%%%%%%%%%%%%%%%%%%%%%%%%%%%%%%%%%%%%

1 	 -1.695513 	 35.138540 	 1969.739571 	 11127745.777624 
2 	 -4.099074 	 35.811419 	 2022.476908 	 11863143.450445 
3 	 -0.688914 	 41.953027 	 2458.436166 	 12752055.413617 
4 	 -2.914620 	 34.109032 	 1739.680210 	 7420886.745538 
5 	 8.156209 	 33.990215 	 1845.580892 	 10274166.734380 
6 	 -1.060319 	 32.049696 	 1708.858728 	 9428540.333836 
7 	 6.837138 	 35.078780 	 1820.657624 	 8365537.972034 
8 	 -6.062335 	 36.109554 	 2011.933285 	 12869808.992416 
9 	 10.541219 	 34.038251 	 1710.850441 	 7001373.291012 
10 	 6.152562 	 37.736820 	 2152.083279 	 12039083.161933 
11 	 -5.257493 	 35.765020 	 1945.669714 	 10171358.961050 
12 	 -0.463975 	 38.781788 	 2333.779872 	 14928400.191587 
13 	 -3.211106 	 36.537721 	 2092.659808 	 12436120.284274 
14 	 -9.159581 	 33.224954 	 1702.629078 	 7803261.944080 
15 	 1.501146 	 29.023034 	 1395.940351 	 6627407.232141 
16 	 -11.833915 	 35.477439 	 1980.991724 	 11015086.695035 
17 	 3.050310 	 39.440301 	 2241.708621 	 12628508.377112 
18 	 -3.900806 	 35.356276 	 2027.635257 	 14199004.063870 
19 	 5.364722 	 32.155860 	 1589.266619 	 7262733.181280 
20 	 10.070952 	 31.787319 	 1578.437520 	 6709069.549318 
21 	 6.598747 	 33.704435 	 1733.374103 	 8118971.214948 
22 	 8.309563 	 32.123382 	 1586.822016 	 6690589.863895 
23 	 -2.020586 	 37.615944 	 2064.450406 	 10234942.414003 
24 	 0.145137 	 44.623761 	 2939.912507 	 23226955.726210 
25 	 10.263131 	 37.523256 	 2216.825595 	 14794376.491082 
26 	 1.522011 	 31.999904 	 1560.671549 	 6584744.327732 
27 	 -0.065387 	 41.841803 	 2651.578536 	 18725416.848372 
28 	 4.585000 	 33.926209 	 1824.964833 	 11403661.022599 
29 	 6.862259 	 36.756486 	 2116.312666 	 13398282.085531 
30 	 7.142883 	 35.021177 	 1857.434878 	 8315403.485548 
31 	 7.782846 	 32.872165 	 1619.967655 	 6628731.996292 
32 	 -0.045789 	 34.782327 	 1806.087117 	 8248604.483316 
33 	 4.329351 	 36.557583 	 2034.739828 	 11525519.797472 
34 	 3.636329 	 40.750439 	 2626.177148 	 18894036.112303 
35 	 0.166133 	 39.695994 	 2328.725393 	 13429678.238397 
36 	 -8.345155 	 34.145629 	 1900.923597 	 11265821.240212 
37 	 -1.268259 	 32.377365 	 1643.021672 	 8129599.912836 
38 	 7.204383 	 33.867295 	 1695.475634 	 7332230.744416 
39 	 1.549119 	 35.140991 	 1889.089191 	 10046152.999458 
40 	 -7.328095 	 31.339693 	 1501.890478 	 6258615.339164 
41 	 -6.196416 	 36.813883 	 2204.583186 	 14746059.632788 
42 	 -12.797314 	 35.887033 	 2062.056592 	 13436783.461233 
43 	 -8.618239 	 35.386837 	 1993.810738 	 11396081.495263 
44 	 -6.478413 	 33.248258 	 1693.095046 	 7858812.141256 
45 	 7.808113 	 29.773715 	 1407.701309 	 6080187.437737 
46 	 0.339508 	 36.176995 	 2129.506664 	 13525455.650216 
47 	 6.521176 	 32.023467 	 1742.983071 	 10784540.180065 
48 	 5.083784 	 33.423720 	 1728.056778 	 8239951.506297 
49 	 -2.969937 	 35.798871 	 2097.671843 	 14949204.196016 
50 	 5.383629 	 34.342433 	 1853.357653 	 10357524.333022 
51 	 -0.399652 	 37.777049 	 2065.133768 	 10297909.532026 
52 	 -2.356878 	 30.980783 	 1567.975075 	 8794659.619688 
53 	 16.153361 	 36.429511 	 2078.919267 	 12417543.632004 
54 	 10.509726 	 39.216986 	 2365.175684 	 15303788.846306 
55 	 -2.637420 	 32.824178 	 1703.937226 	 8525521.687835 
56 	 -22.303662 	 36.885320 	 2027.905699 	 10960976.921272 
57 	 10.291270 	 37.577775 	 2367.609195 	 18668476.351735 
58 	 4.372512 	 36.084698 	 2028.691714 	 11610413.133287 
59 	 -7.754758 	 34.330271 	 1751.353326 	 7433360.939979 
60 	 -3.059112 	 34.509363 	 1842.336851 	 9230387.383618 
61 	 -11.420275 	 38.539052 	 2191.362993 	 12227108.034916 
62 	 6.314948 	 30.895166 	 1489.578312 	 6031829.949738 
63 	 -7.105535 	 43.493541 	 2740.336604 	 18209614.539562 
64 	 -1.462728 	 32.423471 	 1695.874216 	 9837540.495379 
65 	 -9.751306 	 37.881372 	 2410.403364 	 20308534.566122 
66 	 14.658942 	 37.270920 	 2241.214656 	 16645569.223283 
67 	 -6.907273 	 33.576385 	 1731.297485 	 8212564.872122 
68 	 -2.247110 	 31.338157 	 1574.716849 	 8048506.523462 
69 	 -10.047109 	 34.763806 	 1949.812256 	 11822389.990940 
70 	 6.113947 	 30.388890 	 1420.437597 	 5577960.844599 
71 	 4.976889 	 36.813655 	 2037.835419 	 10919171.655544 
72 	 -1.583132 	 37.363400 	 2396.972403 	 21015469.621715 
73 	 -4.160406 	 30.591574 	 1601.102769 	 8920961.189121 
74 	 5.527524 	 32.584918 	 1671.596501 	 8692180.050114 
75 	 7.091509 	 35.156587 	 1989.342184 	 12610618.491930 
76 	 1.253188 	 34.260342 	 1765.737704 	 7999977.667059 
77 	 5.695371 	 28.626599 	 1313.246115 	 5046683.635930 
78 	 4.871764 	 36.578941 	 2113.533832 	 14306179.667048 
79 	 1.560454 	 30.195156 	 1449.908083 	 6016591.670617 
80 	 11.361408 	 41.262613 	 2570.494073 	 18044278.269486 
81 	 -1.803303 	 30.490884 	 1468.442089 	 6683851.752469 
82 	 4.034479 	 33.491713 	 1669.036210 	 7225021.820899 
83 	 -0.509540 	 44.228988 	 2818.267547 	 17658927.443298 
84 	 -3.779732 	 35.437321 	 2002.652411 	 14131882.954759 
85 	 5.021842 	 31.513041 	 1532.543504 	 6603610.948510 
86 	 -12.203095 	 34.392911 	 1875.347425 	 9723600.372074 
87 	 7.080552 	 37.090853 	 2169.134415 	 13560606.194081 
88 	 -2.521646 	 40.870766 	 2540.757365 	 17243664.536268 
89 	 0.577287 	 35.372988 	 1892.157645 	 10952663.221342 
90 	 4.074998 	 30.232820 	 1534.313897 	 8192713.991139 
91 	 9.777743 	 34.175289 	 1815.537173 	 9323423.320431 
92 	 0.601439 	 34.558131 	 1825.622983 	 9150868.026811 
93 	 4.643568 	 35.577622 	 1885.567556 	 9434100.451013 
94 	 -10.419570 	 34.850171 	 1915.492353 	 11175475.442407 
95 	 16.035393 	 35.759893 	 1900.311250 	 8943694.725310 
96 	 5.825206 	 35.652284 	 2116.838031 	 14812891.483341 
97 	 8.728184 	 41.908605 	 2570.002046 	 15838029.210646 
98 	 3.499792 	 38.727394 	 2310.239778 	 15190877.631237 
99 	 -17.143117 	 33.671472 	 1749.018586 	 8641099.759248 
100 	 8.837211 	 32.449216 	 1656.305534 	 8252957.918915 

%ACCRATE = 0.906550

%%%%%%%%%%%%%%%%%%%%%%%%%%%%%%%%%%%%%%%%%%%%%%%%%%%%%%%%%%%%%%%%%%%%%%%%%%%
%KAPPA = 0.160000
%%%%%%%%%%%%%%%%%%%%%%%%%%%%%%%%%%%%%%%%%%%%%%%%%%%%%%%%%%%%%%%%%%%%%%%%%%%

101 	 22.233733 	 43.121966 	 2676.970431 	 16301407.322487 
102 	 -5.007010 	 36.735287 	 2081.790543 	 11971274.374847 
103 	 -17.054196 	 46.062276 	 3296.445202 	 31211648.390146 
104 	 27.689999 	 47.598402 	 3440.362051 	 28869920.384917 
105 	 7.961020 	 38.597771 	 2359.741079 	 15858502.591753 
106 	 -8.021870 	 43.269463 	 2931.160447 	 26563942.836378 
107 	 16.240856 	 39.791719 	 2350.715536 	 13519339.441063 
108 	 -1.164900 	 41.578482 	 2592.828949 	 17165533.642288 
109 	 -2.700251 	 44.470825 	 3043.477918 	 26001781.943296 
110 	 21.009872 	 43.873597 	 2829.156301 	 20647174.247146 
111 	 3.477649 	 48.425016 	 3386.615379 	 27401648.577460 
112 	 3.039645 	 37.360845 	 2301.099832 	 18319239.644477 
113 	 6.259721 	 40.315655 	 2373.578773 	 14069750.248834 
114 	 -5.620167 	 51.108191 	 3867.288693 	 37287449.811611 
115 	 3.719669 	 44.501486 	 3155.750500 	 30526996.658033 
116 	 -5.764853 	 44.400520 	 3035.193446 	 24324405.318106 
117 	 5.125047 	 42.929413 	 2693.723599 	 17740589.816494 
118 	 9.941768 	 40.521300 	 2503.630880 	 17918638.841674 
119 	 -0.162003 	 36.413801 	 2058.024572 	 11421071.319185 
120 	 2.840514 	 45.815395 	 3190.672993 	 28221561.108268 
121 	 -7.997510 	 33.882525 	 1817.399395 	 10551789.073838 
122 	 -8.871552 	 41.690864 	 2692.299118 	 22524353.543843 
123 	 10.872589 	 38.865863 	 2217.845052 	 12593809.873084 
124 	 2.709389 	 38.255312 	 2431.705572 	 20218856.523713 
125 	 2.456806 	 34.852554 	 1810.931530 	 8713571.049697 
126 	 6.816873 	 45.027349 	 3056.823965 	 25140437.035611 
127 	 -7.061356 	 41.034313 	 2399.782579 	 13267717.979267 
128 	 -12.216193 	 50.732864 	 3837.810589 	 36609063.295158 
129 	 -36.317359 	 46.569972 	 3115.421488 	 21972554.412699 
130 	 -3.298566 	 38.379277 	 2353.451231 	 17112370.243694 
131 	 -16.431408 	 41.434172 	 2702.630574 	 21191830.832311 
132 	 2.154338 	 39.666706 	 2457.181067 	 18317587.991671 
133 	 -15.483519 	 42.856492 	 2809.981388 	 22639685.106269 
134 	 11.528580 	 36.702402 	 2053.885140 	 11504740.883467 
135 	 -16.856580 	 47.377316 	 3484.030124 	 34659311.558171 
136 	 -24.302448 	 49.794499 	 3757.912108 	 38361332.455870 
137 	 -4.041116 	 44.424515 	 2908.150936 	 20112625.645435 
138 	 4.558673 	 46.715237 	 3436.899627 	 35572738.357347 
139 	 -2.597276 	 41.062765 	 2530.373636 	 17201086.412272 
140 	 10.414072 	 36.830975 	 2088.856149 	 12794087.523690 
141 	 -5.501045 	 38.222083 	 2332.595609 	 16104514.585760 
142 	 -4.933094 	 39.683250 	 2375.855956 	 14532880.696051 
143 	 -9.508895 	 37.630397 	 2275.570403 	 15024208.770525 
144 	 -4.868972 	 37.426801 	 2167.365310 	 13007808.526168 
145 	 -14.192513 	 44.898520 	 3159.504186 	 27040979.175284 
146 	 11.208688 	 44.816830 	 3220.457913 	 30591440.794971 
147 	 -11.392596 	 38.200226 	 2284.734543 	 16241568.282975 
148 	 -14.773708 	 41.545510 	 2548.333071 	 15705697.151767 
149 	 19.632124 	 44.683181 	 3008.072858 	 24908965.817596 
150 	 11.429671 	 43.825782 	 2938.743691 	 22931847.724664 
151 	 -6.062594 	 44.615079 	 3332.510875 	 38831160.990852 
152 	 -12.876976 	 37.577262 	 2292.382918 	 16351334.173931 
153 	 -23.801138 	 54.180285 	 4107.375298 	 39395331.189206 
154 	 -11.785093 	 44.732147 	 2957.603843 	 21941673.181135 
155 	 -20.393849 	 43.842294 	 2908.200829 	 21500308.422206 
156 	 12.954835 	 41.704249 	 2602.070817 	 17598849.566607 
157 	 28.358697 	 43.765908 	 2970.090153 	 23007432.543003 
158 	 12.268604 	 48.910118 	 3593.649319 	 31039501.055202 
159 	 5.063809 	 36.729457 	 2114.651077 	 12437748.380370 
160 	 5.447230 	 45.481263 	 3281.542914 	 31251556.617226 
161 	 12.429849 	 45.448892 	 3141.974310 	 27248819.050130 
162 	 1.450800 	 40.640184 	 2569.077787 	 17950216.373951 
163 	 -17.580111 	 49.151568 	 3514.866367 	 30492298.084008 
164 	 -18.045590 	 38.689750 	 2343.624768 	 16130161.535883 
165 	 10.770553 	 38.265803 	 2268.694371 	 14200129.000040 
166 	 7.164309 	 41.041952 	 2505.221281 	 15287375.926251 
167 	 2.728229 	 48.913151 	 3580.382053 	 31478706.074864 
168 	 5.324170 	 41.888335 	 2697.713055 	 18490943.362985 
169 	 0.516243 	 36.340799 	 2066.178566 	 13147025.734128 
170 	 -2.841471 	 41.848000 	 2674.669701 	 20759541.435311 
171 	 -9.958434 	 43.252869 	 2876.997849 	 22973068.239523 
172 	 0.084579 	 34.997529 	 2014.486292 	 14903578.319897 
173 	 -6.383755 	 47.608475 	 3391.936922 	 29674106.463061 
174 	 -9.275656 	 39.674134 	 2517.941688 	 20185561.377042 
175 	 9.189548 	 40.751898 	 2669.389489 	 22580371.110597 
176 	 -9.126176 	 36.716312 	 2105.919173 	 11914685.586799 
177 	 8.633229 	 39.908451 	 2453.471306 	 15386051.835016 
178 	 -4.161137 	 42.949276 	 3022.376027 	 31159072.980483 
179 	 -0.657420 	 40.784648 	 2773.118695 	 24272570.691670 
180 	 5.359421 	 39.592772 	 2479.021109 	 17870466.254740 
181 	 2.629028 	 41.150660 	 2792.827541 	 24677694.114884 
182 	 1.622161 	 42.785511 	 2746.212814 	 21493587.319207 
183 	 -26.301218 	 45.363226 	 3142.572214 	 27374247.187234 
184 	 -16.352237 	 57.013523 	 4598.657947 	 48150328.844773 
185 	 -8.099484 	 44.668318 	 2998.247290 	 22290430.159049 
186 	 -5.420088 	 44.482637 	 2961.856107 	 24180902.647103 
187 	 -2.775970 	 33.287686 	 1757.903708 	 9165773.630016 
188 	 -13.399092 	 46.978290 	 3354.936183 	 30818968.069338 
189 	 8.494645 	 44.307314 	 2821.326990 	 19270394.898193 
190 	 -1.885371 	 36.574502 	 2108.824759 	 13377890.309364 
191 	 6.825027 	 38.530117 	 2365.226754 	 17139907.913442 
192 	 13.412543 	 45.318211 	 3119.589730 	 27828013.749406 
193 	 0.930350 	 46.422560 	 3111.824742 	 23973621.602749 
194 	 9.680506 	 47.590665 	 3385.743710 	 28985167.320762 
195 	 -14.238133 	 45.859246 	 3148.000960 	 24600388.836913 
196 	 -12.650275 	 45.567053 	 3116.889854 	 23876891.158836 
197 	 -8.806970 	 43.505930 	 2833.974242 	 20660632.585157 
198 	 -4.649210 	 41.222538 	 2607.940949 	 20464310.806963 
199 	 12.363376 	 44.651119 	 3074.818091 	 26227679.192370 
200 	 4.511173 	 41.245449 	 2654.923938 	 20764776.233356 

%ACCRATE = 0.903600

%%%%%%%%%%%%%%%%%%%%%%%%%%%%%%%%%%%%%%%%%%%%%%%%%%%%%%%%%%%%%%%%%%%%%%%%%%%
%KAPPA = 0.170000
%%%%%%%%%%%%%%%%%%%%%%%%%%%%%%%%%%%%%%%%%%%%%%%%%%%%%%%%%%%%%%%%%%%%%%%%%%%

201 	 9.642531 	 56.692735 	 4811.521620 	 58190738.747500 
202 	 -5.072280 	 54.762411 	 4455.824641 	 51055083.010131 
203 	 30.241210 	 62.081552 	 5696.855362 	 80840495.453992 
204 	 -34.115911 	 65.188811 	 6294.672942 	 89115079.546048 
205 	 -34.460710 	 50.181159 	 3694.405777 	 32438606.786705 
206 	 13.007262 	 63.238197 	 5371.876235 	 60007641.506547 
207 	 15.938716 	 64.289300 	 6124.038984 	 87786786.863590 
208 	 -23.239516 	 70.536326 	 7197.403635 	 120302844.451872 
209 	 -18.439572 	 65.708038 	 6966.261989 	 145744201.418761 
210 	 26.247209 	 61.484167 	 5969.959927 	 102378447.014976 
211 	 -13.676747 	 52.394318 	 4321.090229 	 51680398.707382 
212 	 -18.567935 	 54.741732 	 4568.593155 	 54216282.940762 
213 	 8.337271 	 49.637159 	 3560.751236 	 28987909.210024 
214 	 -10.349850 	 57.191592 	 4989.352108 	 66885159.215389 
215 	 -28.475442 	 64.913859 	 6391.980433 	 116797752.374242 
216 	 -22.876889 	 47.558240 	 3620.004480 	 39123666.364050 
217 	 -11.592271 	 61.707942 	 5893.307112 	 89202064.300858 
218 	 -12.850899 	 55.773746 	 4653.887122 	 53844502.770501 
219 	 -4.526559 	 53.717625 	 4421.948698 	 55614014.128374 
220 	 10.391442 	 56.111122 	 5195.127646 	 81322490.396273 
221 	 -5.338619 	 44.390358 	 3013.072061 	 26713002.496109 
222 	 0.273883 	 56.010650 	 4377.024988 	 40832473.493349 
223 	 -28.325250 	 66.771216 	 6261.871914 	 86925473.127153 
224 	 -33.003783 	 63.160036 	 5832.963329 	 80514806.687702 
225 	 -5.591770 	 59.515032 	 5703.638396 	 91296268.652680 
226 	 -33.126941 	 71.103930 	 7053.492443 	 103558006.191818 
227 	 -5.198392 	 42.680379 	 2977.647850 	 28926455.409889 
228 	 16.873667 	 65.386426 	 5924.118810 	 85575764.120017 
229 	 29.250493 	 65.722263 	 7085.686276 	 139502745.221084 
230 	 -23.489742 	 55.645689 	 4813.974384 	 59770211.739367 
231 	 -11.252268 	 55.807416 	 5016.586540 	 73607984.328720 
232 	 26.384744 	 53.745247 	 4356.564973 	 46635377.874862 
233 	 12.482985 	 49.376539 	 3808.845986 	 44938117.340648 
234 	 -17.317453 	 52.828737 	 4290.876312 	 49830005.007670 
235 	 14.506145 	 48.077353 	 3351.843221 	 26811885.860847 
236 	 26.259942 	 76.808523 	 7803.035130 	 113114002.039589 
237 	 27.501170 	 57.925187 	 4866.894306 	 56933839.810585 
238 	 15.215899 	 61.198320 	 5322.922778 	 65125653.077770 
239 	 -28.252360 	 56.569084 	 4645.638880 	 52664885.672774 
240 	 23.261949 	 55.523693 	 4617.726420 	 53569470.833893 
241 	 26.002457 	 52.683965 	 4383.078373 	 57194095.140850 
242 	 -24.210466 	 68.866206 	 6487.794240 	 85592752.738661 
243 	 6.829769 	 55.417333 	 4357.917055 	 41644976.367518 
244 	 26.225590 	 52.177803 	 4401.703574 	 60117806.895120 
245 	 25.314814 	 49.461769 	 3613.114092 	 32998233.761205 
246 	 -29.619026 	 50.923444 	 3769.366000 	 33010587.960571 
247 	 5.972637 	 49.069242 	 3617.593815 	 32877301.960906 
248 	 9.309369 	 50.375701 	 3838.019558 	 41370393.935743 
249 	 -17.443966 	 61.933189 	 5424.980504 	 63996524.025647 
250 	 -22.971067 	 55.828799 	 5062.304033 	 82093835.692834 
251 	 -22.414916 	 48.614139 	 3446.961778 	 29468500.471920 
252 	 45.518404 	 63.230681 	 6182.145460 	 100636644.764178 
253 	 -7.513642 	 45.726344 	 3477.722935 	 38912649.615432 
254 	 5.664144 	 56.034920 	 4829.773933 	 63329182.018486 
255 	 -4.216326 	 55.321899 	 4646.957278 	 59508526.678591 
256 	 30.037217 	 55.590519 	 4970.011598 	 74238485.357058 
257 	 3.176516 	 52.651303 	 4054.491217 	 40675560.844596 
258 	 22.290629 	 56.287559 	 4778.004191 	 59942906.901372 
259 	 -8.691137 	 57.344245 	 4858.261322 	 65437551.486498 
260 	 21.242660 	 57.983455 	 5098.358061 	 68149855.144994 
261 	 -9.087451 	 51.329271 	 4339.075318 	 69789678.845209 
262 	 -5.396312 	 45.639055 	 3201.742395 	 28943417.567920 
263 	 7.520129 	 52.729279 	 4199.812201 	 47024755.182959 
264 	 -10.735002 	 48.022990 	 3346.156064 	 26779213.246266 
265 	 -48.792179 	 62.936541 	 5545.205006 	 68513080.411680 
266 	 1.536153 	 58.214531 	 5034.971355 	 67343177.598035 
267 	 -16.825573 	 60.739074 	 5455.095198 	 75513659.749106 
268 	 21.509420 	 47.801176 	 3458.666160 	 31282628.976289 
269 	 8.870923 	 51.283729 	 3866.894104 	 36941776.662658 
270 	 -31.831779 	 59.575584 	 5082.945544 	 57891706.132362 
271 	 24.355352 	 66.008682 	 6488.661358 	 111889974.231704 
272 	 -2.222465 	 49.476349 	 3765.136942 	 42651289.198952 
273 	 17.282767 	 75.103228 	 9190.020847 	 241533940.671006 
274 	 11.860618 	 48.289361 	 3767.608243 	 56735641.090686 
275 	 -1.926601 	 61.638414 	 5299.211168 	 62759512.528743 
276 	 16.132995 	 73.678459 	 7173.233976 	 97737285.911618 
277 	 11.117425 	 45.988802 	 3454.226648 	 37837543.676789 
278 	 9.987441 	 51.664053 	 3937.703723 	 36954211.464717 
279 	 -20.398222 	 62.558246 	 5987.677796 	 88459825.177414 
280 	 -13.260919 	 66.872045 	 6758.073829 	 119367537.711043 
281 	 -17.818459 	 55.876979 	 4891.497213 	 67775380.820205 
282 	 26.419796 	 49.310841 	 3810.450898 	 39118935.869987 
283 	 -2.786010 	 63.931421 	 5947.834186 	 82129588.247328 
284 	 1.096273 	 57.161404 	 4752.294036 	 49557170.209889 
285 	 -3.978683 	 42.340235 	 2695.274009 	 18472941.985679 
286 	 3.463479 	 45.313872 	 3033.794008 	 25275647.823418 
287 	 27.780678 	 72.904068 	 7587.107156 	 129325588.106691 
288 	 -7.035462 	 58.365582 	 5671.461864 	 103583016.111335 
289 	 29.084652 	 58.827340 	 5631.448054 	 83996139.446611 
290 	 52.949121 	 61.451491 	 5575.668602 	 80245999.312856 
291 	 17.156364 	 68.719984 	 6852.756212 	 116144321.932044 
292 	 3.342348 	 60.559610 	 5579.080408 	 86000904.336155 
293 	 4.256718 	 46.621845 	 3159.786940 	 23718542.676202 
294 	 43.089157 	 56.841424 	 5057.208964 	 70678413.599213 
295 	 -18.798723 	 41.368452 	 2855.449187 	 29298034.349339 
296 	 -21.367587 	 46.690637 	 3649.454266 	 43063631.419103 
297 	 -17.041639 	 52.032886 	 4340.158642 	 64426246.355909 
298 	 14.105312 	 54.687690 	 4568.199454 	 56222678.685773 
299 	 34.407885 	 58.302144 	 5196.288690 	 72718668.911268 
300 	 3.131586 	 51.556508 	 3814.196654 	 34068132.469318 

%ACCRATE = 0.903500

%%%%%%%%%%%%%%%%%%%%%%%%%%%%%%%%%%%%%%%%%%%%%%%%%%%%%%%%%%%%%%%%%%%%%%%%%%%
%KAPPA = 0.180000
%%%%%%%%%%%%%%%%%%%%%%%%%%%%%%%%%%%%%%%%%%%%%%%%%%%%%%%%%%%%%%%%%%%%%%%%%%%

301 	 -33.388905 	 106.860124 	 15742.832816 	 528036534.662201 
302 	 -0.949722 	 87.816555 	 10826.357869 	 243900635.453651 
303 	 -64.270984 	 82.748510 	 10145.990521 	 266396127.121284 
304 	 -104.278891 	 114.741744 	 16983.334045 	 515401465.194163 
305 	 -11.590672 	 125.817594 	 19834.636846 	 653971933.892766 
306 	 19.253339 	 102.377009 	 13921.652259 	 378651244.815605 
307 	 60.624796 	 98.434105 	 13531.321544 	 367219791.137944 
308 	 -54.651924 	 71.419232 	 8480.829675 	 211079488.318215 
309 	 -6.995157 	 114.021084 	 16081.674356 	 434858535.726254 
310 	 89.098422 	 103.663805 	 14089.253425 	 368364114.776065 
311 	 -50.507074 	 112.315232 	 17309.938380 	 618294982.523831 
312 	 23.527530 	 77.950736 	 8902.219352 	 186218338.168833 
313 	 -17.892160 	 94.055942 	 12047.078444 	 282103142.592565 
314 	 -147.491724 	 148.017525 	 25420.755964 	 909422656.860745 
315 	 -11.471206 	 118.203424 	 17575.524503 	 580781985.215753 
316 	 -66.454778 	 102.235493 	 14217.697086 	 385346097.076807 
317 	 -41.515926 	 87.204764 	 10805.733872 	 241423736.758799 
318 	 60.082446 	 106.469330 	 14735.538702 	 390618808.247829 
319 	 -79.866321 	 87.346817 	 10550.348777 	 230688919.439941 
320 	 70.190442 	 82.237093 	 9657.437849 	 218737574.057160 
321 	 2.961528 	 78.539002 	 8219.110631 	 137650421.685526 
322 	 -27.314934 	 110.075796 	 15658.976204 	 472955711.355908 
323 	 80.094216 	 89.375031 	 11624.086931 	 315878511.059246 
324 	 21.950751 	 56.683312 	 4870.949254 	 70286951.261899 
325 	 -33.286937 	 123.601877 	 19256.563802 	 623486054.083179 
326 	 60.733934 	 145.266903 	 24021.328228 	 822210010.294746 
327 	 74.030022 	 95.440827 	 13155.211344 	 395999801.482901 
328 	 -72.978734 	 116.017570 	 17979.690714 	 564137756.110853 
329 	 -57.178988 	 86.373958 	 11255.931550 	 328309137.040256 
330 	 -20.760977 	 130.496595 	 21852.035827 	 836816576.794062 
331 	 -1.658471 	 93.636353 	 14989.509886 	 610389465.453051 
332 	 -0.170098 	 57.412484 	 5072.614777 	 69410786.817945 
333 	 38.083040 	 79.986538 	 10046.607143 	 251248992.746831 
334 	 104.592808 	 108.925253 	 16049.850882 	 473195549.502461 
335 	 -66.180028 	 90.237044 	 11946.622454 	 315367387.470181 
336 	 -26.984492 	 61.251801 	 6230.327826 	 117953076.985757 
337 	 91.640020 	 114.683023 	 17241.512120 	 530649975.979661 
338 	 57.492038 	 71.574749 	 7690.824351 	 157240387.484004 
339 	 -52.341949 	 88.454122 	 10298.019681 	 214435277.562054 
340 	 -88.887845 	 130.070059 	 21868.812152 	 817686226.135168 
341 	 -71.770407 	 107.612787 	 14503.044244 	 362392109.208646 
342 	 -27.363516 	 61.929412 	 5684.252200 	 74013961.496984 
343 	 3.110281 	 78.062570 	 8626.161848 	 164399077.442811 
344 	 46.406175 	 97.601522 	 13734.469539 	 426871678.513873 
345 	 -47.757145 	 100.939475 	 12418.947118 	 261250393.275421 
346 	 -30.013786 	 100.541149 	 13536.673456 	 347743526.240437 
347 	 -41.667596 	 77.839174 	 8407.906852 	 153664377.234063 
348 	 6.058013 	 81.810352 	 9037.320556 	 168172360.739668 
349 	 53.128575 	 87.878133 	 10338.981609 	 206545534.635616 
350 	 -82.130627 	 100.026634 	 14258.500585 	 443192958.903512 
351 	 -82.285157 	 85.704321 	 10161.488577 	 221252077.777096 
352 	 64.344325 	 91.638520 	 11129.610782 	 253137740.724872 
353 	 -51.250214 	 72.762218 	 7568.542974 	 133815955.209545 
354 	 20.524451 	 81.027902 	 9034.707681 	 171169351.137502 
355 	 -84.261986 	 94.909190 	 11969.721710 	 254246871.066914 
356 	 3.812950 	 96.472415 	 12331.916165 	 298982772.145355 
357 	 -62.619889 	 104.236640 	 14104.497202 	 361154060.117934 
358 	 78.512944 	 104.512587 	 14424.605448 	 403983824.669322 
359 	 -24.802084 	 95.800464 	 13261.013694 	 382456066.538157 
360 	 1.097932 	 77.109284 	 9068.612714 	 221444891.221254 
361 	 -83.595972 	 106.724873 	 16233.327893 	 564775858.303809 
362 	 -32.566295 	 82.525449 	 9804.464761 	 215288927.210241 
363 	 2.788781 	 92.803637 	 12426.648032 	 325486941.437287 
364 	 -25.345862 	 66.994579 	 6733.800790 	 113878649.615389 
365 	 -39.863446 	 105.113719 	 15425.980738 	 495087049.194983 
366 	 -105.608895 	 110.483226 	 15190.638992 	 379615023.995307 
367 	 -25.131406 	 57.952020 	 5174.360946 	 70754767.525814 
368 	 -93.319927 	 101.351158 	 14863.742578 	 487173806.933735 
369 	 -5.749822 	 100.102669 	 13843.013340 	 422042915.074846 
370 	 -81.669928 	 101.237664 	 12770.558800 	 279685078.311768 
371 	 9.995214 	 92.156587 	 11079.025227 	 226874916.729261 
372 	 -46.763156 	 97.251611 	 12671.938992 	 334987896.200962 
373 	 -12.018149 	 67.436296 	 7205.343284 	 143236807.437385 
374 	 -4.697520 	 91.594093 	 11658.810737 	 267261917.319840 
375 	 -58.869421 	 88.838751 	 11328.933598 	 273663299.525047 
376 	 -37.420203 	 88.140389 	 10598.752554 	 224108040.689999 
377 	 43.719965 	 92.437961 	 12832.937857 	 397423418.075527 
378 	 -8.213094 	 105.308533 	 14490.384790 	 398867342.215321 
379 	 88.633310 	 115.208956 	 18846.241952 	 747594302.534964 
380 	 -7.738285 	 68.295869 	 6790.858527 	 106881861.617894 
381 	 -21.568383 	 103.545250 	 14958.668331 	 449407084.552936 
382 	 -64.217944 	 89.297981 	 11488.767333 	 323152179.850394 
383 	 35.005234 	 86.684460 	 10181.680782 	 221082553.879331 
384 	 -23.549292 	 90.665248 	 11379.044984 	 281706332.958348 
385 	 -36.314861 	 88.293559 	 10732.099732 	 241811255.354018 
386 	 -14.440716 	 102.056032 	 14277.912991 	 419530037.227012 
387 	 87.076051 	 100.936925 	 12793.455028 	 281425097.209250 
388 	 2.786636 	 95.677306 	 13089.307601 	 378666111.017490 
389 	 31.885471 	 67.681981 	 6608.175127 	 109183628.490882 
390 	 42.176714 	 90.547071 	 12395.536960 	 361504357.142196 
391 	 -12.750929 	 100.503072 	 13798.943630 	 389545930.071100 
392 	 -1.398943 	 74.886121 	 8265.226913 	 165039903.779514 
393 	 58.597500 	 84.750610 	 9767.234450 	 202274494.852998 
394 	 19.492537 	 84.972959 	 10139.539472 	 230078016.162417 
395 	 -2.190487 	 102.472852 	 13797.433954 	 345128508.138289 
396 	 -62.893059 	 106.531938 	 15373.748458 	 453187215.222061 
397 	 -53.440586 	 106.757626 	 14423.428373 	 365837351.339323 
398 	 -41.410744 	 68.263991 	 6643.550389 	 100013091.428878 
399 	 -40.410145 	 76.912763 	 8362.288267 	 154297518.836437 
400 	 77.085086 	 90.120606 	 11521.495657 	 275431937.297071 

%ACCRATE = 0.901030

%%%%%%%%%%%%%%%%%%%%%%%%%%%%%%%%%%%%%%%%%%%%%%%%%%%%%%%%%%%%%%%%%%%%%%%%%%%
%KAPPA = 0.190000
%%%%%%%%%%%%%%%%%%%%%%%%%%%%%%%%%%%%%%%%%%%%%%%%%%%%%%%%%%%%%%%%%%%%%%%%%%%

401 	 136.470840 	 168.946153 	 36125.159580 	 2147365738.341112 
402 	 217.409919 	 217.409919 	 51404.603015 	 3302984058.125077 
403 	 235.993513 	 235.993513 	 57972.863497 	 3831786911.350914 
404 	 225.192999 	 225.192999 	 53547.252969 	 3369823008.994479 
405 	 236.177645 	 236.177645 	 57871.383434 	 3801577600.549619 
406 	 79.566647 	 174.921875 	 37938.133770 	 2206105359.576549 
407 	 -221.784767 	 221.784767 	 52014.758498 	 3217001030.965611 
408 	 -248.983014 	 248.983014 	 64412.672890 	 4680861909.123087 
409 	 -212.242739 	 212.242739 	 47830.441909 	 2771208368.179407 
410 	 -222.028313 	 222.028313 	 52603.212083 	 3416598438.502511 
411 	 -222.416500 	 223.945993 	 55641.233017 	 3893944381.687924 
412 	 -146.515500 	 176.789207 	 38373.469917 	 2344365437.638577 
413 	 -240.660290 	 240.660290 	 60001.033251 	 4053490624.338409 
414 	 -184.310920 	 192.890987 	 41288.307099 	 2197071709.153818 
415 	 85.452514 	 199.428240 	 44993.898587 	 2677982182.465554 
416 	 224.154518 	 224.154518 	 53702.455963 	 3470523789.277079 
417 	 -0.078442 	 160.400824 	 34404.031144 	 2023929922.718213 
418 	 184.788079 	 184.812753 	 39035.629388 	 2192287150.011389 
419 	 -27.102930 	 127.540545 	 22944.956403 	 1146534367.406883 
420 	 -239.552173 	 239.552173 	 59408.503856 	 3986041882.092048 
421 	 -189.648085 	 195.438094 	 42778.680562 	 2352137500.416224 
422 	 18.387284 	 172.463243 	 34618.105872 	 1751420932.945058 
423 	 3.356585 	 193.243996 	 44305.326503 	 2747265662.841720 
424 	 -216.819043 	 216.884966 	 50457.644242 	 3061311683.952154 
425 	 -211.546465 	 211.546465 	 48250.948109 	 2938813520.858581 
426 	 195.507067 	 213.575722 	 49228.143006 	 2973591299.099627 
427 	 194.579170 	 194.579170 	 40970.543506 	 2130091639.315972 
428 	 201.111587 	 201.134529 	 44533.107089 	 2536335933.862472 
429 	 206.971941 	 206.998340 	 46034.658472 	 2551145451.603856 
430 	 213.716681 	 213.716681 	 49060.224604 	 2961299735.411612 
431 	 229.262570 	 229.262570 	 55027.547030 	 3509941000.194829 
432 	 209.155204 	 209.155204 	 47781.795090 	 2837623823.112567 
433 	 -24.070317 	 171.969034 	 34005.680321 	 1605698413.763898 
434 	 -92.148857 	 195.184169 	 42765.673553 	 2419728152.107080 
435 	 -167.101571 	 172.082136 	 35248.519796 	 1849271622.524605 
436 	 69.139578 	 167.698724 	 34464.729057 	 1862084253.651256 
437 	 228.252393 	 228.252393 	 54889.228449 	 3558584095.037295 
438 	 153.590736 	 157.630312 	 32057.349488 	 1771750349.205953 
439 	 -102.395880 	 183.091279 	 40515.085397 	 2495822861.641082 
440 	 -218.202390 	 218.202390 	 50630.088522 	 3110054026.392846 
441 	 -220.934514 	 220.934514 	 51390.330707 	 3064632166.631162 
442 	 100.084693 	 187.666361 	 39618.478373 	 2119467085.737508 
443 	 -69.538398 	 201.229775 	 45006.520242 	 2708467239.269122 
444 	 -215.765065 	 215.765065 	 49801.715690 	 3025677340.792394 
445 	 -241.903120 	 241.903120 	 60940.001353 	 4245393339.631540 
446 	 -204.099707 	 204.099707 	 45431.494035 	 2599496872.824160 
447 	 -230.683723 	 230.683723 	 56448.754122 	 3801430951.458171 
448 	 -52.052009 	 140.159077 	 28296.802079 	 1565686270.629698 
449 	 233.316895 	 233.316895 	 57169.828527 	 3776452039.031985 
450 	 226.654606 	 226.684706 	 54771.106426 	 3537242905.842712 
451 	 203.872000 	 203.872000 	 44092.108283 	 2339808951.009562 
452 	 210.604814 	 210.810026 	 48540.568361 	 2916592618.078739 
453 	 223.103063 	 223.103063 	 54039.234407 	 3583482988.534301 
454 	 78.297599 	 179.617087 	 37903.665770 	 2129024842.610839 
455 	 -216.980264 	 218.188022 	 52769.154271 	 3488468549.977128 
456 	 -18.813914 	 206.280161 	 47807.170274 	 3002077881.466764 
457 	 -227.763984 	 227.763984 	 54081.004292 	 3346115352.625936 
458 	 -205.920516 	 205.920516 	 45744.843627 	 2648335577.798428 
459 	 100.262992 	 196.133451 	 43631.673646 	 2570295318.834053 
460 	 226.559838 	 226.559838 	 53756.494377 	 3376272743.861991 
461 	 58.060777 	 161.853212 	 34307.688270 	 1968506487.140495 
462 	 -188.596187 	 189.131211 	 40787.345478 	 2277589133.356498 
463 	 -131.279719 	 151.336693 	 29371.322079 	 1441759277.050349 
464 	 218.357025 	 218.357025 	 50280.843653 	 3011086799.776839 
465 	 185.055824 	 185.055824 	 39630.286628 	 2299769491.921002 
466 	 204.923563 	 204.945358 	 45971.618462 	 2721591089.946080 
467 	 214.626169 	 214.626169 	 48660.269601 	 2814933241.923842 
468 	 -119.021346 	 161.791422 	 32192.536693 	 1735144605.326036 
469 	 -201.132258 	 201.132258 	 44523.932058 	 2603211031.342389 
470 	 -227.302046 	 227.302046 	 55004.863654 	 3606998822.117282 
471 	 -221.836437 	 221.836437 	 51352.017748 	 3030518006.865467 
472 	 -205.558705 	 205.558705 	 45380.111120 	 2527012051.826398 
473 	 -205.333095 	 205.333095 	 45950.863405 	 2704733230.416023 
474 	 160.404202 	 181.332808 	 37761.870643 	 2038978824.131939 
475 	 241.328369 	 241.328369 	 60510.265089 	 4151665865.226108 
476 	 221.915022 	 221.915022 	 52077.830609 	 3266716853.996406 
477 	 214.381775 	 214.381775 	 48834.809483 	 2818916484.681808 
478 	 220.084616 	 220.084616 	 51895.365639 	 3298707296.976429 
479 	 -27.701769 	 219.604310 	 53678.011869 	 3655849829.163320 
480 	 178.169978 	 228.221410 	 56635.083555 	 3888860034.538086 
481 	 222.231486 	 222.231486 	 54819.214615 	 3764009633.415457 
482 	 139.666365 	 204.783272 	 47861.796175 	 3046766599.046821 
483 	 -224.429732 	 224.429732 	 53610.208458 	 3449767911.131077 
484 	 -210.358913 	 210.358913 	 47641.629803 	 2809159904.819846 
485 	 -232.194238 	 232.194238 	 57043.546601 	 3872193002.027901 
486 	 -230.947522 	 230.947522 	 56035.985373 	 3664318448.630825 
487 	 -193.933067 	 194.578154 	 44557.566520 	 2762081275.323452 
488 	 -54.981013 	 194.038791 	 41143.189181 	 2152327599.616970 
489 	 228.462570 	 228.462570 	 54787.550895 	 3506518790.285219 
490 	 226.991297 	 227.428727 	 56880.743039 	 3918636073.334276 
491 	 215.621734 	 215.621734 	 50732.032622 	 3239383633.878269 
492 	 203.690830 	 203.716032 	 45250.393090 	 2579199261.723701 
493 	 222.513597 	 222.513597 	 52303.443804 	 3238684200.714316 
494 	 191.098172 	 192.507630 	 44033.975841 	 2811518939.597076 
495 	 205.510408 	 207.264140 	 46770.807731 	 2795103834.643368 
496 	 205.772184 	 205.972593 	 47294.473078 	 2900088475.506230 
497 	 215.645073 	 215.645073 	 49359.786644 	 2919207960.566260 
498 	 103.599853 	 175.860939 	 38803.996805 	 2307531967.347498 
499 	 233.753376 	 233.753376 	 57624.469792 	 3908546935.592340 
500 	 91.604499 	 191.706595 	 42440.711452 	 2442418623.191927 

%ACCRATE = 0.894310

%%%%%%%%%%%%%%%%%%%%%%%%%%%%%%%%%%%%%%%%%%%%%%%%%%%%%%%%%%%%%%%%%%%%%%%%%%%
%KAPPA = 0.200000
%%%%%%%%%%%%%%%%%%%%%%%%%%%%%%%%%%%%%%%%%%%%%%%%%%%%%%%%%%%%%%%%%%%%%%%%%%%

501 	 -313.187256 	 313.187256 	 99053.110576 	 10163677114.691210 
502 	 -303.902857 	 303.902857 	 93526.774727 	 9163555330.977972 
503 	 -315.158200 	 315.158200 	 100184.229041 	 10372856812.799089 
504 	 -314.505656 	 314.505656 	 99993.808285 	 10408435689.069328 
505 	 -309.211228 	 309.211228 	 96626.263835 	 9708054923.239637 
506 	 -313.558769 	 313.558769 	 99335.013846 	 10229182401.059118 
507 	 -307.599364 	 307.599364 	 95813.029074 	 9607397573.562136 
508 	 -293.819613 	 293.819613 	 89142.880626 	 8683587320.795982 
509 	 -313.901795 	 313.901795 	 99650.655133 	 10358143266.406069 
510 	 -315.959157 	 315.959157 	 100661.493534 	 10455142070.608013 
511 	 -312.720221 	 312.720221 	 99032.631765 	 10248690230.249779 
512 	 -306.388735 	 306.388735 	 95378.854388 	 9632851278.800686 
513 	 -306.649921 	 306.649921 	 95339.482144 	 9565432950.757519 
514 	 -314.988078 	 314.988078 	 100177.131293 	 10408741583.832458 
515 	 -314.486861 	 314.486861 	 100265.945722 	 10569062487.022343 
516 	 -317.104919 	 317.104919 	 101338.087278 	 10583925310.788479 
517 	 -315.600626 	 315.600626 	 100454.698395 	 10421765143.724970 
518 	 -317.180581 	 317.180581 	 101597.055054 	 10712544962.693663 
519 	 -311.245958 	 311.245958 	 98270.825552 	 10113301422.814001 
520 	 -307.441264 	 307.441264 	 95929.472850 	 9711774470.871180 
521 	 -314.058166 	 314.058166 	 99868.767555 	 10416205113.977341 
522 	 -312.805130 	 312.805130 	 98978.609406 	 10202449356.628347 
523 	 -296.033741 	 296.033741 	 89720.654259 	 8670729649.663897 
524 	 -306.240719 	 306.240719 	 95082.981114 	 9499922360.082285 
525 	 -310.806917 	 310.806917 	 97517.624481 	 9852138232.228470 
526 	 -310.676079 	 310.676079 	 97828.703021 	 10036690889.034739 
527 	 -311.624416 	 311.624416 	 98636.298926 	 10272855037.123070 
528 	 -318.066207 	 318.066207 	 102644.627956 	 11085303525.370892 
529 	 -306.985926 	 306.985926 	 95549.152820 	 9594716212.150337 
530 	 -317.262255 	 317.262255 	 101757.903622 	 10785128076.377188 
531 	 -295.565793 	 295.565793 	 91302.320504 	 9310126578.192898 
532 	 -318.483216 	 318.483216 	 102312.477292 	 10826511363.895105 
533 	 -316.259792 	 316.259792 	 101202.759444 	 10700447530.327551 
534 	 -316.663804 	 316.663804 	 101137.643533 	 10555312607.308989 
535 	 -314.697884 	 314.697884 	 100119.139351 	 10430422893.044931 
536 	 -310.781144 	 310.781144 	 97985.020244 	 10122801821.840544 
537 	 -315.065938 	 315.065938 	 100277.146341 	 10429849968.569607 
538 	 -311.324094 	 311.324094 	 98279.276576 	 10157059037.353115 
539 	 -310.591868 	 310.591868 	 97789.770999 	 10038271612.600599 
540 	 -303.821113 	 303.821113 	 93659.620245 	 9249590602.624809 
541 	 -319.060595 	 319.060595 	 102712.788479 	 10910474793.950598 
542 	 -309.424701 	 309.424701 	 96945.711863 	 9831894353.367876 
543 	 -283.427756 	 283.427756 	 84047.184944 	 8084625967.089589 
544 	 -305.825946 	 305.825946 	 94547.562190 	 9302712280.525255 
545 	 -306.672053 	 306.672053 	 95463.324448 	 9614864889.716843 
546 	 -309.180788 	 309.180788 	 96583.186135 	 9695117711.705877 
547 	 -311.500190 	 311.500190 	 97995.972446 	 9972612169.401070 
548 	 -316.163169 	 316.163169 	 101268.843402 	 10754985536.244787 
549 	 -312.810944 	 312.810944 	 98965.295251 	 10209275223.800594 
550 	 -312.117727 	 312.117727 	 98557.137987 	 10123627820.037832 
551 	 -308.723291 	 308.723291 	 96539.756603 	 9754939872.635902 
552 	 -314.679468 	 314.679468 	 100006.998068 	 10367776207.275154 
553 	 -314.605905 	 314.605905 	 100458.214402 	 10615411272.558249 
554 	 -299.362359 	 299.362359 	 91007.108435 	 8756993926.091812 
555 	 -311.311369 	 311.311369 	 98161.613850 	 10087866380.998514 
556 	 -309.997484 	 309.997484 	 97430.458399 	 9973786450.402155 
557 	 -313.730424 	 313.730424 	 99539.061745 	 10307682363.238235 
558 	 -313.891788 	 313.891788 	 99612.639391 	 10334649254.806479 
559 	 -308.278188 	 308.278188 	 96111.660665 	 9638176640.751093 
560 	 -304.015471 	 304.015471 	 93475.060481 	 9117130838.516571 
561 	 -304.581820 	 304.581820 	 94413.286252 	 9446947586.891741 
562 	 -310.930926 	 310.930926 	 98114.302869 	 10132837436.593910 
563 	 -316.335247 	 316.335247 	 101141.367974 	 10640630281.477697 
564 	 -300.496038 	 300.496038 	 91600.707378 	 8834114154.283237 
565 	 -314.142348 	 314.142348 	 99572.123750 	 10250996294.776875 
566 	 -308.650820 	 308.650820 	 96450.175093 	 9736316848.359787 
567 	 -315.036212 	 315.036212 	 100397.972328 	 10538290687.114374 
568 	 -306.956541 	 306.956541 	 95468.361381 	 9557681712.890656 
569 	 -316.097466 	 316.097466 	 100958.737639 	 10590290544.974951 
570 	 -308.743947 	 308.743947 	 96807.988949 	 9913378700.221359 
571 	 -316.931370 	 316.931370 	 101617.255220 	 10781295381.638376 
572 	 -313.506983 	 313.506983 	 99339.906402 	 10272016143.977303 
573 	 -320.163921 	 320.163921 	 103449.454962 	 11075426660.353453 
574 	 -319.678236 	 319.678236 	 103230.064682 	 11060320698.428658 
575 	 -313.755042 	 313.755042 	 99364.192447 	 10232686196.068329 
576 	 -304.247349 	 304.247349 	 94062.585617 	 9379448842.881895 
577 	 -316.957031 	 316.957031 	 101554.568219 	 10735368920.304995 
578 	 -294.716707 	 294.716707 	 88899.227403 	 8518568051.947681 
579 	 -310.544464 	 310.544464 	 97472.232022 	 9886774977.075119 
580 	 -325.958512 	 325.958512 	 107124.930229 	 11837885242.769114 
581 	 -306.885140 	 306.885140 	 96105.596332 	 9842145134.614199 
582 	 -321.403452 	 321.403452 	 104202.120451 	 11209452874.192961 
583 	 -313.907634 	 313.907634 	 99739.175031 	 10374825244.584194 
584 	 -315.996882 	 315.996882 	 100948.705675 	 10589720183.620663 
585 	 -313.376168 	 313.376168 	 99062.772862 	 10142828939.250242 
586 	 -305.762120 	 305.762120 	 94788.637968 	 9437943196.841368 
587 	 -307.225882 	 307.225882 	 95850.866964 	 9706395175.562077 
588 	 -306.681628 	 306.681628 	 95212.936953 	 9473709983.842997 
589 	 -312.750456 	 312.750456 	 99047.097257 	 10269222680.333754 
590 	 -305.086774 	 305.086774 	 94894.712058 	 9574669029.242899 
591 	 -301.373047 	 301.373047 	 92337.704342 	 9063201192.268974 
592 	 -305.970232 	 305.970232 	 94857.419705 	 9451586747.560169 
593 	 -315.490091 	 315.490091 	 100457.505473 	 10453707835.387217 
594 	 -314.613249 	 314.613249 	 100000.954068 	 10388217311.972834 
595 	 -316.529827 	 316.529827 	 101147.751610 	 10602576571.762486 
596 	 -307.172700 	 307.172700 	 95426.115314 	 9494482399.967983 
597 	 -319.730179 	 319.730179 	 103655.626065 	 11255004443.419252 
598 	 -301.912814 	 301.912814 	 92954.719761 	 9210426183.915632 
599 	 -308.575150 	 308.575150 	 97622.877163 	 10229254843.928465 
600 	 -317.059298 	 317.059298 	 101694.925093 	 10800467330.306929 

%ACCRATE = 0.884410

%%%%%%%%%%%%%%%%%%%%%%%%%%%%%%%%%%%%%%%%%%%%%%%%%%%%%%%%%%%%%%%%%%%%%%%%%%%
%KAPPA = 0.210000
%%%%%%%%%%%%%%%%%%%%%%%%%%%%%%%%%%%%%%%%%%%%%%%%%%%%%%%%%%%%%%%%%%%%%%%%%%%

601 	 -367.754825 	 367.754825 	 135779.175370 	 18721657879.187271 
602 	 -360.964072 	 360.964072 	 130921.081101 	 17459317470.965889 
603 	 -362.968411 	 362.968411 	 132334.004474 	 17816586657.849323 
604 	 -359.794460 	 359.794460 	 129932.731048 	 17127744051.399267 
605 	 -360.761926 	 360.761926 	 130758.117034 	 17409946469.391788 
606 	 -360.308058 	 360.308058 	 130527.389545 	 17393621110.796535 
607 	 -364.266387 	 364.266387 	 133311.525440 	 18096904592.037823 
608 	 -369.462729 	 369.462729 	 136992.646715 	 19026869632.045338 
609 	 -360.990537 	 360.990537 	 130931.300740 	 17451292320.505333 
610 	 -363.625733 	 363.625733 	 132856.155604 	 17972276910.962780 
611 	 -366.809851 	 366.809851 	 135117.752307 	 18557776508.946957 
612 	 -366.360904 	 366.360904 	 134691.293563 	 18392224925.415573 
613 	 -362.957191 	 362.957191 	 132341.906595 	 17826873849.186352 
614 	 -363.680682 	 363.680682 	 132870.223122 	 17967106384.369789 
615 	 -363.082246 	 363.082246 	 132309.490470 	 17755565409.456387 
616 	 -366.329073 	 366.329073 	 134775.061825 	 18468188159.440960 
617 	 -360.156968 	 360.156968 	 130376.491084 	 17332448654.164841 
618 	 -362.254510 	 362.254510 	 131944.177490 	 17776196247.440464 
619 	 -362.582905 	 362.582905 	 132098.794457 	 17779148047.068066 
620 	 -368.316330 	 368.316330 	 136224.746972 	 18856270300.031067 
621 	 -364.870521 	 364.870521 	 133602.939432 	 18098259323.930206 
622 	 -365.043595 	 365.043595 	 133862.408751 	 18238047158.947197 
623 	 -363.105656 	 363.105656 	 132376.971957 	 17799957606.417057 
624 	 -363.718309 	 363.718309 	 133010.557701 	 18052428194.112125 
625 	 -364.046919 	 364.046919 	 133292.477656 	 18148981383.896908 
626 	 -364.641361 	 364.641361 	 133541.272627 	 18134417538.624596 
627 	 -361.260335 	 361.260335 	 131214.062946 	 17576151811.096867 
628 	 -361.396965 	 361.396965 	 131277.494283 	 17577783665.908020 
629 	 -358.406026 	 358.406026 	 129127.523082 	 17013012725.256397 
630 	 -363.288952 	 363.288952 	 132670.628025 	 17945762012.905121 
631 	 -359.262707 	 359.262707 	 129605.130366 	 17067173433.760807 
632 	 -363.488453 	 363.488453 	 132653.031578 	 17871751864.489033 
633 	 -360.675322 	 360.675322 	 130628.242224 	 17339761401.511951 
634 	 -365.346251 	 365.346251 	 134123.738660 	 18320590546.482300 
635 	 -362.762854 	 362.762854 	 132071.127561 	 17689546457.077454 
636 	 -360.589183 	 360.589183 	 130579.615296 	 17332147894.511597 
637 	 -366.847949 	 366.847949 	 135234.707162 	 18634793356.609440 
638 	 -361.182191 	 361.182191 	 131096.268639 	 17512819500.563107 
639 	 -360.388256 	 360.388256 	 130498.006626 	 17343648103.476910 
640 	 -358.593622 	 358.593622 	 129128.965878 	 16946671946.449100 
641 	 -364.689549 	 364.689549 	 133559.260734 	 18134592650.537476 
642 	 -365.936380 	 365.936380 	 134465.397239 	 18374294569.335548 
643 	 -367.338602 	 367.338602 	 135503.188889 	 18655553502.743843 
644 	 -353.502120 	 353.502120 	 125676.038247 	 16144626892.273619 
645 	 -363.914429 	 363.914429 	 133044.638563 	 18019965335.957302 
646 	 -363.579900 	 363.579900 	 132717.881412 	 17891761970.666939 
647 	 -367.903280 	 367.903280 	 135902.622005 	 18765280883.841698 
648 	 -365.832468 	 365.832468 	 134341.577024 	 18317125109.262447 
649 	 -359.344790 	 359.344790 	 129722.555615 	 17125057028.523083 
650 	 -363.873035 	 363.873035 	 132987.686290 	 17992445199.511684 
651 	 -363.644125 	 363.644125 	 132811.589150 	 17938236786.741982 
652 	 -363.366447 	 363.366447 	 132559.428795 	 17839160750.475605 
653 	 -360.958063 	 360.958063 	 130931.575300 	 17466040045.035595 
654 	 -363.524114 	 363.524114 	 132867.682677 	 18004234638.623257 
655 	 -362.994159 	 362.994159 	 132318.465202 	 17796553493.022942 
656 	 -363.106407 	 363.106407 	 132467.085394 	 17869439818.127949 
657 	 -364.969069 	 364.969069 	 133785.623917 	 18204181841.975098 
658 	 -366.132385 	 366.132385 	 134648.455224 	 18439916311.788151 
659 	 -368.513453 	 368.513453 	 136350.919285 	 18882814446.390850 
660 	 -362.373467 	 362.373467 	 132001.672919 	 17778413200.729053 
661 	 -358.333680 	 358.333680 	 129066.897408 	 16992245653.724285 
662 	 -359.116820 	 359.116820 	 129591.842018 	 17111498796.706287 
663 	 -366.391353 	 366.391353 	 134793.580755 	 18460085600.274624 
664 	 -360.456413 	 360.456413 	 130515.180369 	 17339022209.534683 
665 	 -366.855143 	 366.855143 	 135122.808978 	 18542017322.090031 
666 	 -361.792560 	 361.792560 	 131418.621243 	 17545505663.880749 
667 	 -363.310042 	 363.310042 	 132568.491546 	 17870311576.572083 
668 	 -367.117192 	 367.117192 	 135582.913530 	 18788226507.793331 
669 	 -364.120228 	 364.120228 	 133135.689595 	 18013163907.544392 
670 	 -357.974247 	 357.974247 	 128904.797945 	 16990285947.506767 
671 	 -365.600942 	 365.600942 	 134217.254712 	 18305277576.947025 
672 	 -362.771780 	 362.771780 	 132246.347158 	 17819553143.080933 
673 	 -361.103254 	 361.103254 	 130994.809041 	 17466986742.085953 
674 	 -361.829768 	 361.829768 	 131551.603507 	 17626571702.390343 
675 	 -361.522481 	 361.522481 	 131366.773350 	 17593683886.171825 
676 	 -361.950634 	 361.950634 	 131638.571655 	 17655371700.043217 
677 	 -363.954667 	 363.954667 	 133039.920893 	 17994428075.800545 
678 	 -358.087578 	 358.087578 	 128927.479423 	 16967494648.020536 
679 	 -359.212890 	 359.212890 	 129652.090176 	 17121515988.927561 
680 	 -360.296587 	 360.296587 	 130561.850172 	 17417470499.666481 
681 	 -363.597281 	 363.597281 	 132686.578744 	 17858867489.800907 
682 	 -358.123685 	 358.123685 	 128913.075373 	 16953534493.193712 
683 	 -364.672268 	 364.672268 	 133573.916414 	 18148237106.176182 
684 	 -365.224294 	 365.224294 	 133912.474660 	 18206789439.245678 
685 	 -364.371244 	 364.371244 	 133267.956003 	 18024548803.792934 
686 	 -363.119887 	 363.119887 	 132469.969733 	 17860316941.449608 
687 	 -362.516381 	 362.516381 	 132078.110650 	 17777775968.271271 
688 	 -361.903072 	 361.903072 	 131748.638830 	 17742668968.809349 
689 	 -362.438103 	 362.438103 	 132047.518465 	 17787553948.648872 
690 	 -367.698429 	 367.698429 	 135658.746962 	 18649663986.352367 
691 	 -361.711068 	 361.711068 	 131463.667927 	 17605144995.173798 
692 	 -361.548222 	 361.548222 	 131293.623584 	 17529737507.624844 
693 	 -364.811238 	 364.811238 	 133666.917585 	 18171640423.126404 
694 	 -362.485745 	 362.485745 	 131956.474477 	 17700964427.461254 
695 	 -358.991813 	 358.991813 	 129500.764447 	 17081421353.607811 
696 	 -366.170361 	 366.170361 	 134621.517172 	 18405941260.609894 
697 	 -362.343419 	 362.343419 	 131867.420267 	 17688969869.336971 
698 	 -363.367724 	 363.367724 	 132694.441974 	 17946074543.233513 
699 	 -359.959827 	 359.959827 	 130269.876373 	 17314415369.759491 
700 	 -358.546155 	 358.546155 	 129427.274417 	 17168474567.296181 

%ACCRATE = 0.874900

%%%%%%%%%%%%%%%%%%%%%%%%%%%%%%%%%%%%%%%%%%%%%%%%%%%%%%%%%%%%%%%%%%%%%%%%%%%
%KAPPA = 0.220000
%%%%%%%%%%%%%%%%%%%%%%%%%%%%%%%%%%%%%%%%%%%%%%%%%%%%%%%%%%%%%%%%%%%%%%%%%%%

701 	 -398.691394 	 398.691394 	 159325.567151 	 25617467555.033306 
702 	 -397.981991 	 397.981991 	 158737.751308 	 25417012270.224514 
703 	 -402.616064 	 402.616064 	 162481.910026 	 26644532450.790714 
704 	 -399.041702 	 399.041702 	 159676.272082 	 25772517377.873737 
705 	 -395.626958 	 395.626958 	 156848.895534 	 24805973427.414616 
706 	 -398.799678 	 398.799678 	 159475.808716 	 25704973320.409016 
707 	 -399.430293 	 399.430293 	 159972.873213 	 25862686631.610703 
708 	 -397.346793 	 397.346793 	 158285.962960 	 25305000724.026096 
709 	 -398.147964 	 398.147964 	 158887.329813 	 25471918411.819214 
710 	 -397.077691 	 397.077691 	 158089.568647 	 25254611891.508289 
711 	 -401.503082 	 401.503082 	 161528.137212 	 26296356120.740032 
712 	 -402.288717 	 402.288717 	 162171.284887 	 26515533136.105206 
713 	 -398.792455 	 398.792455 	 159408.141768 	 25643885790.756218 
714 	 -396.010376 	 396.010376 	 157225.134609 	 24969906515.359848 
715 	 -400.293315 	 400.293315 	 160620.237203 	 26040765733.789509 
716 	 -393.970019 	 393.970019 	 155663.231922 	 24507665464.187756 
717 	 -396.883696 	 396.883696 	 157924.922960 	 25192254500.412861 
718 	 -399.556630 	 399.556630 	 160003.404040 	 25827330398.800518 
719 	 -401.126291 	 401.126291 	 161275.368938 	 26247422641.985538 
720 	 -397.861744 	 397.861744 	 158750.281741 	 25485628169.603100 
721 	 -397.925747 	 397.925747 	 158760.058397 	 25465143880.430721 
722 	 -403.105067 	 403.105067 	 162909.114486 	 26801072434.026691 
723 	 -399.042063 	 399.042063 	 159621.690179 	 25723109319.088058 
724 	 -399.692136 	 399.692136 	 160242.047322 	 25977629302.936234 
725 	 -398.568356 	 398.568356 	 159308.311475 	 25657149211.740223 
726 	 -397.836288 	 397.836288 	 158663.859768 	 25417010071.968048 
727 	 -400.568464 	 400.568464 	 160823.428005 	 26097474172.085701 
728 	 -400.203516 	 400.203516 	 160557.052036 	 26026298605.490047 
729 	 -400.771870 	 400.771870 	 160983.680426 	 26148119389.282768 
730 	 -395.602299 	 395.602299 	 156917.524885 	 24879080673.514812 
731 	 -396.960353 	 396.960353 	 157992.096057 	 25218571858.787552 
732 	 -398.193727 	 398.193727 	 158877.793984 	 25441397918.186230 
733 	 -397.024135 	 397.024135 	 158000.453265 	 25194339803.764095 
734 	 -397.689373 	 397.689373 	 158607.783665 	 25438287149.957657 
735 	 -400.051527 	 400.051527 	 160370.111394 	 25928007826.808723 
736 	 -399.677573 	 399.677573 	 160112.628581 	 25872563229.398632 
737 	 -398.868125 	 398.868125 	 159544.542594 	 25735749072.955624 
738 	 -394.845120 	 394.845120 	 156287.509972 	 24663133990.461193 
739 	 -397.420602 	 397.420602 	 158314.344774 	 25295943326.106495 
740 	 -402.754451 	 402.754451 	 162559.323731 	 26647902231.166996 
741 	 -398.832260 	 398.832260 	 159473.138826 	 25685743533.378250 
742 	 -403.078767 	 403.078767 	 162810.824694 	 26723999403.934467 
743 	 -400.255416 	 400.255416 	 160515.440417 	 25962573008.079960 
744 	 -401.299508 	 401.299508 	 161394.392932 	 26272561519.040024 
745 	 -403.081163 	 403.081163 	 162874.015811 	 26783641532.572456 
746 	 -398.978708 	 398.978708 	 159516.489344 	 25652313507.767673 
747 	 -395.683286 	 395.683286 	 156978.869153 	 24897464344.121674 
748 	 -395.436483 	 395.436483 	 156750.408938 	 24805098274.788986 
749 	 -398.048668 	 398.048668 	 158741.769304 	 25387987042.204254 
750 	 -399.143745 	 399.143745 	 159756.054942 	 25795532481.289051 
751 	 -397.408294 	 397.408294 	 158367.262187 	 25349676247.358189 
752 	 -395.384463 	 395.384463 	 156698.068770 	 24781514293.134842 
753 	 -403.169301 	 403.169301 	 162885.719603 	 26750880755.150753 
754 	 -400.862163 	 400.862163 	 161050.347893 	 26162662944.523014 
755 	 -399.167717 	 399.167717 	 159751.991856 	 25784342112.173401 
756 	 -396.982311 	 396.982311 	 157959.634509 	 25177429864.364227 
757 	 -402.002739 	 402.002739 	 161940.437440 	 26438324851.504604 
758 	 -399.813849 	 399.813849 	 160259.829521 	 25938315702.007069 
759 	 -399.858303 	 399.858303 	 160247.992045 	 25907164115.265713 
760 	 -404.442095 	 404.442095 	 163878.453496 	 27053599414.351372 
761 	 -402.969031 	 402.969031 	 162713.205506 	 26687512411.578033 
762 	 -399.122004 	 399.122004 	 159676.918714 	 25735512758.816788 
763 	 -396.891771 	 396.891771 	 157872.832304 	 25144178382.200397 
764 	 -399.648582 	 399.648582 	 160146.790338 	 25917465627.796280 
765 	 -401.115426 	 401.115426 	 161312.517618 	 26292593624.288620 
766 	 -399.150335 	 399.150335 	 159689.675144 	 25732921444.740776 
767 	 -401.346212 	 401.346212 	 161446.463030 	 26298863815.646954 
768 	 -399.658651 	 399.658651 	 160168.405226 	 25928313253.677952 
769 	 -399.547461 	 399.547461 	 160087.157810 	 25911072670.124504 
770 	 -400.559008 	 400.559008 	 160773.626396 	 26055280981.262230 
771 	 -401.773810 	 401.773810 	 161813.388996 	 26435041350.293491 
772 	 -399.813097 	 399.813097 	 160269.196809 	 25949481338.029129 
773 	 -400.509451 	 400.509451 	 160749.058563 	 26059331217.923679 
774 	 -398.572914 	 398.572914 	 159206.181240 	 25565597832.038357 
775 	 -397.200191 	 397.200191 	 158170.386529 	 25267672260.737789 
776 	 -402.059818 	 402.059818 	 162047.239209 	 26511430831.517002 
777 	 -398.084660 	 398.084660 	 158875.895650 	 25496238478.701206 
778 	 -395.508068 	 395.508068 	 156778.616994 	 24797910164.476933 
779 	 -399.310546 	 399.310546 	 159873.165176 	 25825752895.464214 
780 	 -401.660637 	 401.660637 	 161660.143393 	 26344368143.377026 
781 	 -397.416630 	 397.416630 	 158294.804666 	 25277292893.037640 
782 	 -396.887669 	 396.887669 	 157932.179819 	 25198654027.710991 
783 	 -401.795610 	 401.795610 	 161762.203724 	 26373454631.661736 
784 	 -400.964835 	 400.964835 	 161141.056117 	 26200657609.867401 
785 	 -400.528345 	 400.528345 	 160842.467296 	 26130204266.972603 
786 	 -401.889055 	 401.889055 	 161892.986153 	 26452805932.792515 
787 	 -402.334383 	 402.334383 	 162258.786267 	 26574937623.019657 
788 	 -397.802103 	 397.802103 	 158612.943464 	 25387601678.913265 
789 	 -399.037407 	 399.037407 	 159601.277512 	 25706633943.797485 
790 	 -399.696019 	 399.696019 	 160163.391806 	 25906345346.977192 
791 	 -397.540172 	 397.540172 	 158375.371867 	 25293191053.749172 
792 	 -398.700960 	 398.700960 	 159302.951907 	 25590539297.525631 
793 	 -399.005922 	 399.005922 	 159599.552839 	 25719179218.784317 
794 	 -399.585764 	 399.585764 	 160060.509573 	 25865618009.182518 
795 	 -394.801473 	 394.801473 	 156259.267053 	 24660118033.507328 
796 	 -399.538829 	 399.538829 	 160063.335809 	 25889312569.512863 
797 	 -401.574362 	 401.574362 	 161630.908254 	 26359877576.639732 
798 	 -400.333664 	 400.333664 	 160742.506764 	 26132200739.153690 
799 	 -397.072681 	 397.072681 	 158028.273107 	 25199830384.490833 
800 	 -399.951138 	 399.951138 	 160269.143006 	 25882312208.729870 

%ACCRATE = 0.867590

%%%%%%%%%%%%%%%%%%%%%%%%%%%%%%%%%%%%%%%%%%%%%%%%%%%%%%%%%%%%%%%%%%%%%%%%%%%
%KAPPA = 0.230000
%%%%%%%%%%%%%%%%%%%%%%%%%%%%%%%%%%%%%%%%%%%%%%%%%%%%%%%%%%%%%%%%%%%%%%%%%%%

801 	 -427.081410 	 427.081410 	 182668.397798 	 33562149332.254044 
802 	 -428.258888 	 428.258888 	 183671.679264 	 33928938200.943054 
803 	 -424.789435 	 424.789435 	 180718.271375 	 32853167519.438179 
804 	 -425.308363 	 425.308363 	 181200.490964 	 33057998560.125381 
805 	 -426.242322 	 426.242322 	 181977.356376 	 33327876829.843346 
806 	 -427.820739 	 427.820739 	 183302.744016 	 33795244768.392323 
807 	 -425.484412 	 425.484412 	 181284.862313 	 33042022873.660759 
808 	 -427.207816 	 427.207816 	 182773.831985 	 33601267820.533188 
809 	 -429.482292 	 429.482292 	 184693.334337 	 34286090234.258522 
810 	 -428.370771 	 428.370771 	 183760.794842 	 33956587020.536953 
811 	 -425.451440 	 425.451440 	 181261.828057 	 33037602353.009701 
812 	 -427.444479 	 427.444479 	 182978.883316 	 33678281854.084522 
813 	 -425.736804 	 425.736804 	 181528.352160 	 33152178274.597588 
814 	 -427.390106 	 427.390106 	 182921.405982 	 33648106099.854156 
815 	 -426.749976 	 426.749976 	 182352.004083 	 33422721589.590153 
816 	 -425.375092 	 425.375092 	 181226.397462 	 33046292551.818550 
817 	 -426.138737 	 426.138737 	 181858.191396 	 33263507454.022972 
818 	 -425.628857 	 425.628857 	 181431.100320 	 33112667686.946098 
819 	 -425.352866 	 425.352866 	 181205.629403 	 33036368997.879345 
820 	 -425.534342 	 425.534342 	 181370.013266 	 33103697254.008335 
821 	 -427.286928 	 427.286928 	 182845.944023 	 33629608760.721851 
822 	 -425.587192 	 425.587192 	 181426.634172 	 33133705733.168373 
823 	 -425.952646 	 425.952646 	 181690.458811 	 33195300552.503963 
824 	 -425.090937 	 425.090937 	 180947.902339 	 32920479202.074909 
825 	 -426.317310 	 426.317310 	 182001.231844 	 33308401773.999664 
826 	 -425.064890 	 425.064890 	 180946.786694 	 32931724453.584274 
827 	 -426.524979 	 426.524979 	 182215.742282 	 33412797886.654575 
828 	 -426.375980 	 426.375980 	 182105.787759 	 33384818612.914837 
829 	 -426.390579 	 426.390579 	 182066.857197 	 33333215303.576355 
830 	 -425.518598 	 425.518598 	 181357.720578 	 33100252648.121975 
831 	 -424.280668 	 424.280668 	 180284.008273 	 32694360744.456615 
832 	 -426.418282 	 426.418282 	 182141.290099 	 33397270676.863167 
833 	 -423.912438 	 423.912438 	 180014.658282 	 32627261290.117405 
834 	 -425.374615 	 425.374615 	 181207.042613 	 33025503660.676331 
835 	 -424.362393 	 424.362393 	 180334.480187 	 32700617469.871498 
836 	 -423.774000 	 423.774000 	 179863.297556 	 32549821458.057404 
837 	 -428.444316 	 428.444316 	 183833.446731 	 33992385150.486839 
838 	 -427.270113 	 427.270113 	 182798.858165 	 33589367337.063789 
839 	 -427.119190 	 427.119190 	 182737.650261 	 33617080606.378616 
840 	 -426.667766 	 426.667766 	 182327.064765 	 33448096684.816483 
841 	 -427.585497 	 427.585497 	 183087.880285 	 33708253668.770016 
842 	 -426.533967 	 426.533967 	 182195.132054 	 33385798755.147408 
843 	 -426.885007 	 426.885007 	 182509.733938 	 33510142904.653042 
844 	 -426.879344 	 426.879344 	 182516.845053 	 33523256249.844589 
845 	 -426.663998 	 426.663998 	 182323.499661 	 33444803789.288280 
846 	 -425.636251 	 425.636251 	 181448.846646 	 33128603516.027737 
847 	 -426.658624 	 426.658624 	 182309.582811 	 33433511330.188465 
848 	 -426.363826 	 426.363826 	 182049.847853 	 33332656455.624405 
849 	 -425.510352 	 425.510352 	 181323.514877 	 33068602033.854359 
850 	 -425.863094 	 425.863094 	 181656.945698 	 33212339104.309868 
851 	 -427.467810 	 427.467810 	 182988.669221 	 33674862425.997414 
852 	 -423.510257 	 423.510257 	 179631.072802 	 32459870675.853874 
853 	 -424.534517 	 424.534517 	 180514.782450 	 32790091184.509350 
854 	 -428.630822 	 428.630822 	 184008.598408 	 34065446514.947544 
855 	 -426.923587 	 426.923587 	 182559.752602 	 33542580206.787159 
856 	 -426.972188 	 426.972188 	 182564.374429 	 33516435210.510044 
857 	 -427.594430 	 427.594430 	 183102.630591 	 33719949122.819202 
858 	 -425.452383 	 425.452383 	 181277.502430 	 33053175333.631344 
859 	 -427.753528 	 427.753528 	 183223.943944 	 33752847813.074974 
860 	 -424.906327 	 424.906327 	 180827.225375 	 32900288609.564384 
861 	 -425.288848 	 425.288848 	 181124.996243 	 32988463655.280514 
862 	 -429.675960 	 429.675960 	 184893.123857 	 34384044026.201454 
863 	 -424.045805 	 424.045805 	 180066.993883 	 32603733920.414921 
864 	 -426.676655 	 426.676655 	 182319.306880 	 33432781564.910538 
865 	 -428.815847 	 428.815847 	 184129.434313 	 34082724860.634621 
866 	 -422.102723 	 422.102723 	 178437.481325 	 32027270329.021526 
867 	 -427.464278 	 427.464278 	 183032.047766 	 33721764375.220028 
868 	 -426.795068 	 426.795068 	 182449.572152 	 33500772771.242470 
869 	 -427.058044 	 427.058044 	 182628.974454 	 33535505688.001274 
870 	 -424.681799 	 424.681799 	 180607.713466 	 32802424912.591846 
871 	 -427.691415 	 427.691415 	 183201.326707 	 33765639363.769390 
872 	 -425.484108 	 425.484108 	 181301.490228 	 33059653730.335590 
873 	 -426.953557 	 426.953557 	 182590.542593 	 33554435546.633907 
874 	 -427.465029 	 427.465029 	 182966.927452 	 33650765357.646870 
875 	 -425.843796 	 425.843796 	 181660.751815 	 33227552501.832294 
876 	 -426.620382 	 426.620382 	 182256.386269 	 33398735308.960979 
877 	 -428.493199 	 428.493199 	 183879.110601 	 34010826905.420803 
878 	 -428.254332 	 428.254332 	 183622.167887 	 33877043923.107418 
879 	 -423.964330 	 423.964330 	 179994.915960 	 32576891277.944080 
880 	 -428.051260 	 428.051260 	 183502.033868 	 33871924118.480488 
881 	 -428.003892 	 428.003892 	 183455.449276 	 33850058615.657570 
882 	 -427.585567 	 427.585567 	 183112.110304 	 33735110701.208771 
883 	 -425.266485 	 425.266485 	 181100.495565 	 32975814879.127541 
884 	 -427.089620 	 427.089620 	 182654.969694 	 33544227068.319153 
885 	 -425.258519 	 425.258519 	 181126.575502 	 33008679845.804737 
886 	 -424.489074 	 424.489074 	 180478.773526 	 32778751892.323471 
887 	 -427.137603 	 427.137603 	 182729.551623 	 33595430299.005058 
888 	 -425.625470 	 425.625470 	 181440.745805 	 33123766877.354446 
889 	 -425.677686 	 425.677686 	 181449.109568 	 33103001236.310890 
890 	 -422.915227 	 422.915227 	 179158.867116 	 32311122508.492298 
891 	 -428.160205 	 428.160205 	 183590.118391 	 33900685669.789040 
892 	 -428.678155 	 428.678155 	 184007.164083 	 34035924771.673725 
893 	 -422.291668 	 422.291668 	 178644.151022 	 32136091532.184666 
894 	 -425.569491 	 425.569491 	 181378.620758 	 33091204581.387161 
895 	 -428.349883 	 428.349883 	 183746.836032 	 33954368890.041710 
896 	 -428.727661 	 428.727661 	 184074.939787 	 34078289162.529335 
897 	 -425.162334 	 425.162334 	 181021.912672 	 32954617106.039875 
898 	 -427.777385 	 427.777385 	 183269.643982 	 33787946355.367565 
899 	 -424.280161 	 424.280161 	 180273.113214 	 32684376090.669540 
900 	 -424.797126 	 424.797126 	 180692.342120 	 32821814650.666725 

%ACCRATE = 0.863090
