%%%%%%%%%%%%%%%%%%%%%%%%%%%%%%%%%%%%%%%%%%%%%%%%%%%%%%%%%%%%%%%%%%%%%%%%%%%
%SIMULAZIONE D = 3, L = 16, V = 4096
%NUMERO DI MISURE PER OGNI KAPPA: T = 100
%%%%%%%%%%%%%%%%%%%%%%%%%%%%%%%%%%%%%%%%%%%%%%%%%%%%%%%%%%%%%%%%%%%%%%%%%%%

%%%%%%%%%%%%%%%%%%%%%%%%%%%%%%%%%%%%%%%%%%%%%%%%%%%%%%%%%%%%%%%%%%%%%%%%%%%
%KAPPA = 0.150000
%%%%%%%%%%%%%%%%%%%%%%%%%%%%%%%%%%%%%%%%%%%%%%%%%%%%%%%%%%%%%%%%%%%%%%%%%%%

1 	 1.628979 	 95.452280 	 14311.143784 	 616859669.851810 
2 	 12.345807 	 104.945388 	 17790.253763 	 1063723773.799121 
3 	 37.072501 	 100.404276 	 16177.036761 	 780129230.622973 
4 	 24.155411 	 99.709340 	 14812.557234 	 552426115.020204 
5 	 -18.389228 	 96.564988 	 14074.630549 	 517433006.218453 
6 	 16.284896 	 103.051927 	 16628.147852 	 780502612.064804 
7 	 -15.180196 	 86.731797 	 11753.208253 	 405209628.352533 
8 	 17.623697 	 99.964969 	 16734.117244 	 1094459847.372254 
9 	 -1.291934 	 97.726876 	 14912.806851 	 662964504.478335 
10 	 6.131820 	 86.761153 	 11389.429266 	 332138748.243527 
11 	 15.810545 	 98.412860 	 15917.736452 	 836477892.045139 
12 	 -0.113714 	 91.946417 	 13078.262578 	 458791755.169856 
13 	 42.203451 	 100.210863 	 15445.908331 	 706428421.430080 
14 	 19.222570 	 78.973760 	 10107.001837 	 360759308.763519 
15 	 23.592908 	 92.535004 	 13432.817055 	 631274071.022202 
16 	 20.189726 	 102.241642 	 17258.447184 	 1038779140.915607 
17 	 -5.415141 	 100.495165 	 15443.403944 	 636434736.145311 
18 	 -15.640266 	 100.171285 	 15559.525873 	 674283173.258032 
19 	 5.452627 	 113.450922 	 19108.136711 	 918311164.422802 
20 	 -15.773272 	 100.322126 	 15262.043999 	 641281189.255919 
21 	 -2.378483 	 96.815908 	 15309.136203 	 795212114.303580 
22 	 26.852032 	 101.586746 	 16074.745832 	 826405161.737951 
23 	 -1.133213 	 89.954261 	 12397.698526 	 428290853.134992 
24 	 1.172451 	 88.349082 	 12708.313446 	 537674568.207624 
25 	 -0.525140 	 100.491387 	 15707.707577 	 717920942.493440 
26 	 8.890481 	 84.251204 	 11187.533728 	 367373312.948056 
27 	 -10.746623 	 99.706168 	 16348.595735 	 869171715.419812 
28 	 -11.637502 	 97.727979 	 14959.075004 	 611649041.143643 
29 	 -17.007547 	 96.336988 	 14540.037100 	 602162338.115142 
30 	 9.030741 	 103.298347 	 16473.176956 	 728841305.293072 
31 	 36.544013 	 88.315679 	 11936.752186 	 371029073.182031 
32 	 43.163125 	 104.735637 	 16915.682519 	 851367164.082484 
33 	 24.276793 	 107.329269 	 18094.928341 	 1022671454.160387 
34 	 -14.852619 	 81.148634 	 10576.931404 	 363681433.175606 
35 	 6.520260 	 92.927203 	 14811.342041 	 782056182.410698 
36 	 24.988018 	 95.508671 	 14806.402239 	 700587024.290237 
37 	 36.850055 	 101.765969 	 16154.775377 	 691204666.162307 
38 	 -35.997532 	 105.734933 	 17476.141477 	 922487457.830761 
39 	 -13.443188 	 97.321106 	 14182.469335 	 513590435.445572 
40 	 -0.624833 	 95.243132 	 14305.615367 	 597264130.895698 
41 	 2.166108 	 114.927098 	 19916.501719 	 1061049562.616406 
42 	 -10.075058 	 95.494757 	 13479.320817 	 461904622.008155 
43 	 -21.045828 	 90.986932 	 13621.430186 	 656867549.311991 
44 	 -24.363391 	 115.658935 	 20153.324099 	 1076440315.624563 
45 	 15.311716 	 88.791324 	 12612.972015 	 467292180.712121 
46 	 22.919098 	 82.831234 	 11396.763650 	 441727274.028224 
47 	 -33.237236 	 97.992756 	 15390.926012 	 706302820.775004 
48 	 49.787660 	 96.008880 	 14288.458405 	 595158464.761776 
49 	 30.362148 	 110.489944 	 18053.774760 	 816611862.392971 
50 	 11.887144 	 100.490769 	 16157.500708 	 755861139.910166 
51 	 -44.996896 	 96.440471 	 14551.545092 	 665736445.841443 
52 	 -6.556039 	 95.392241 	 15026.117660 	 734669142.592934 
53 	 -11.111650 	 95.618784 	 15439.335306 	 882806560.644776 
54 	 -2.876010 	 97.240672 	 14548.988621 	 621858030.546756 
55 	 14.890515 	 96.260168 	 14858.239242 	 653321203.899289 
56 	 3.909718 	 89.022615 	 12980.992646 	 586982346.593018 
57 	 -6.220587 	 92.704651 	 13852.518306 	 564226250.295490 
58 	 50.462056 	 99.233138 	 14821.303319 	 623273656.004401 
59 	 21.272405 	 103.038874 	 15948.399434 	 697486994.924541 
60 	 41.573345 	 105.504517 	 16435.733465 	 693955006.406808 
61 	 17.671073 	 93.652525 	 13981.301073 	 580569608.428795 
62 	 23.295658 	 98.183859 	 14667.189158 	 604909093.476320 
63 	 12.819050 	 95.686760 	 13197.512454 	 400496924.940425 
64 	 3.651469 	 93.467937 	 13738.878714 	 539982927.830462 
65 	 -6.556292 	 89.304804 	 12742.424449 	 482151445.526088 
66 	 -8.010740 	 95.223133 	 13312.980029 	 456384246.882024 
67 	 3.244592 	 100.016170 	 17766.257459 	 1207692148.919454 
68 	 21.688761 	 94.947006 	 14102.587424 	 539521611.260569 
69 	 -8.218093 	 91.210451 	 13076.804260 	 500233724.258659 
70 	 -4.599839 	 93.958704 	 13652.708794 	 513829007.807927 
71 	 -8.190905 	 104.241041 	 17177.667460 	 885544669.807597 
72 	 -6.669446 	 99.224268 	 15507.503068 	 741815803.856468 
73 	 -7.751996 	 95.337486 	 14619.260729 	 678927588.505450 
74 	 16.597975 	 113.352684 	 19578.079349 	 1003591271.677383 
75 	 -17.402863 	 87.299609 	 12574.561976 	 557868558.714997 
76 	 -19.919489 	 102.463941 	 16110.732924 	 701859726.688202 
77 	 -16.600776 	 79.718779 	 9955.642787 	 280990248.670615 
78 	 -33.343079 	 92.697154 	 13906.793973 	 695865431.820783 
79 	 10.264138 	 100.625420 	 15650.702172 	 645568081.047746 
80 	 -14.239797 	 102.466351 	 15688.989589 	 644484857.359529 
81 	 38.064527 	 103.223479 	 15638.507624 	 583174701.915998 
82 	 -25.183074 	 91.877209 	 12983.902273 	 474469185.271213 
83 	 -22.181515 	 97.784065 	 15347.258811 	 732785826.792085 
84 	 -25.136823 	 114.923224 	 18905.770672 	 927874152.231850 
85 	 5.873260 	 101.006305 	 16061.258836 	 772274291.212274 
86 	 -9.485607 	 99.117483 	 14665.329717 	 543044008.956124 
87 	 5.595476 	 96.832463 	 15378.358176 	 763674203.411122 
88 	 -15.054334 	 106.078506 	 18088.079135 	 1057296320.150689 
89 	 13.069966 	 107.841726 	 17683.226163 	 870244214.434688 
90 	 2.577220 	 99.290011 	 15211.897426 	 647088704.484921 
91 	 12.270554 	 105.327089 	 17214.987141 	 849874488.840819 
92 	 31.956223 	 107.718646 	 18576.058437 	 1067105688.808294 
93 	 -2.215743 	 92.015803 	 13396.548173 	 547982795.623272 
94 	 -12.803017 	 96.648783 	 14287.276591 	 569911893.013029 
95 	 -9.224410 	 115.730874 	 21195.970242 	 1295278500.797841 
96 	 -46.548659 	 110.091318 	 18310.583538 	 865744422.467881 
97 	 -71.183531 	 111.594014 	 19142.392796 	 1006891912.454030 
98 	 12.393518 	 91.002347 	 12530.940894 	 420847217.009039 
99 	 -37.900329 	 111.778201 	 19101.593480 	 967969685.435894 
100 	 20.444309 	 100.545833 	 15248.486227 	 612007301.982596 

%ACCRATE = 0.910850

%%%%%%%%%%%%%%%%%%%%%%%%%%%%%%%%%%%%%%%%%%%%%%%%%%%%%%%%%%%%%%%%%%%%%%%%%%%
%KAPPA = 0.160000
%%%%%%%%%%%%%%%%%%%%%%%%%%%%%%%%%%%%%%%%%%%%%%%%%%%%%%%%%%%%%%%%%%%%%%%%%%%

101 	 -67.216765 	 120.691329 	 23020.972967 	 1504020903.330914 
102 	 -52.621193 	 163.484898 	 40094.718505 	 3886441174.469094 
103 	 -43.616918 	 126.857655 	 23370.787507 	 1352351546.025825 
104 	 -15.791875 	 128.318060 	 26218.531552 	 1964513018.146325 
105 	 20.544879 	 127.722019 	 25876.972387 	 1817507719.906563 
106 	 -81.592155 	 132.636312 	 29625.795030 	 3144600152.694116 
107 	 -45.239242 	 111.114998 	 20785.977013 	 1517908084.744814 
108 	 38.639853 	 144.541246 	 32479.740310 	 3084638615.967218 
109 	 -69.643751 	 133.368874 	 28395.953184 	 2605936668.710265 
110 	 84.812341 	 115.398789 	 19423.442247 	 931842724.890448 
111 	 -7.348048 	 108.723663 	 19683.389558 	 1633082556.066367 
112 	 1.227871 	 122.868516 	 24551.364198 	 2124359742.136046 
113 	 -31.448136 	 116.788111 	 20139.492530 	 1009459478.704339 
114 	 10.440427 	 123.987175 	 23631.338927 	 1736605375.638788 
115 	 4.115603 	 117.503724 	 21051.074602 	 1164155093.302177 
116 	 -5.710441 	 130.538965 	 27306.365647 	 2282207934.628312 
117 	 -3.711496 	 111.553134 	 19493.337006 	 1083785528.671630 
118 	 -39.609377 	 115.495370 	 19659.466463 	 947153189.696782 
119 	 48.773980 	 129.792292 	 24907.879993 	 1533999430.597179 
120 	 96.061792 	 123.141242 	 22716.869004 	 1337765866.702255 
121 	 4.731073 	 107.711333 	 17876.335775 	 876474236.056948 
122 	 13.027162 	 111.823522 	 21052.762228 	 1539729601.621438 
123 	 16.060363 	 119.578271 	 22000.895360 	 1438982802.176314 
124 	 -8.917503 	 105.261652 	 17204.076756 	 819344308.041914 
125 	 27.462818 	 106.986916 	 18016.125768 	 947523970.203834 
126 	 -64.538287 	 121.082926 	 22394.920379 	 1367428647.486131 
127 	 26.294545 	 129.497380 	 26762.772281 	 2117753904.662065 
128 	 33.630499 	 115.958210 	 20727.830125 	 1251716986.619287 
129 	 -23.688270 	 100.569939 	 15267.223443 	 610833981.544728 
130 	 42.452380 	 142.718449 	 32457.426606 	 3105011620.150195 
131 	 42.639235 	 123.718105 	 23653.509857 	 1616721221.780040 
132 	 18.518401 	 140.444108 	 29300.217127 	 2213186596.735662 
133 	 -20.477444 	 92.027246 	 13485.534158 	 599066701.511806 
134 	 -24.557226 	 105.609893 	 16983.488165 	 790285833.825074 
135 	 -64.525638 	 123.404610 	 24150.830900 	 1730907476.843137 
136 	 -10.692275 	 111.643528 	 19918.114291 	 1216879614.952974 
137 	 -31.434895 	 128.926831 	 26930.569023 	 2491190044.182422 
138 	 -50.160270 	 108.507813 	 18874.990761 	 1055187042.749875 
139 	 -29.535163 	 138.126095 	 30275.385428 	 2540289961.093078 
140 	 21.614297 	 129.815457 	 25337.570679 	 1582734528.263035 
141 	 -4.489939 	 122.299092 	 22904.649705 	 1502784334.183700 
142 	 -13.571324 	 107.987908 	 19074.158469 	 1274077609.634600 
143 	 -29.991279 	 112.168809 	 21121.387581 	 1494615816.726616 
144 	 -13.458860 	 90.159225 	 13024.793479 	 542607211.333084 
145 	 -48.437954 	 129.440792 	 25094.950074 	 1714554753.299440 
146 	 -4.745058 	 137.814210 	 31627.970569 	 3100652956.023499 
147 	 60.809160 	 126.268031 	 25711.757957 	 2064986185.053649 
148 	 2.618566 	 107.016624 	 18975.362576 	 1196258323.543015 
149 	 -8.014557 	 124.264268 	 23827.137578 	 1639397169.110819 
150 	 6.204911 	 108.744490 	 20353.532490 	 1537429059.591242 
151 	 22.428861 	 104.673523 	 17271.233971 	 872532007.886887 
152 	 -12.498755 	 114.389673 	 21083.025071 	 1333673362.730271 
153 	 62.957106 	 130.017789 	 27324.641639 	 2188109032.194628 
154 	 51.294466 	 119.260114 	 22761.151710 	 1523135240.876333 
155 	 45.720730 	 114.314083 	 20510.741488 	 1248148230.325962 
156 	 -25.558161 	 113.931682 	 17867.252580 	 672573742.739769 
157 	 -3.930549 	 134.242777 	 28836.703903 	 2816119999.915104 
158 	 50.307658 	 127.275663 	 24724.266805 	 1553021326.604893 
159 	 -20.286914 	 130.339968 	 26739.064524 	 2017299760.304343 
160 	 -81.704229 	 123.995762 	 26561.741267 	 2871645820.091094 
161 	 -8.359641 	 128.244536 	 26895.869792 	 2242220122.227441 
162 	 -29.547033 	 112.909947 	 20157.420365 	 1211507128.411728 
163 	 5.984598 	 118.663816 	 21972.184919 	 1435030448.796026 
164 	 28.294869 	 143.294272 	 35083.371250 	 3936530059.088033 
165 	 -16.120704 	 110.995617 	 19137.631899 	 1109504322.864806 
166 	 -20.498613 	 114.792662 	 20630.646326 	 1242595665.830253 
167 	 -52.746866 	 108.443229 	 19508.454040 	 1188117204.754202 
168 	 -1.442932 	 132.824343 	 26010.042069 	 1706429324.817707 
169 	 -34.133376 	 115.653894 	 21220.905930 	 1381471093.557024 
170 	 51.450160 	 131.590305 	 28204.682890 	 2592070768.335649 
171 	 0.906468 	 104.649480 	 17748.874965 	 1002130228.656753 
172 	 -28.073986 	 115.146584 	 23451.789076 	 1973171569.442216 
173 	 16.538232 	 117.477360 	 20847.863731 	 1199469027.322064 
174 	 12.547018 	 106.419874 	 17713.025664 	 1034184291.497502 
175 	 -37.318767 	 118.822136 	 21528.778378 	 1245820635.563485 
176 	 -46.095231 	 123.768725 	 24543.974532 	 1781877930.183908 
177 	 3.210457 	 137.129007 	 29877.487635 	 2715181001.652791 
178 	 -22.125313 	 116.930706 	 21492.624404 	 1370975418.673290 
179 	 -21.635624 	 127.106321 	 22317.226329 	 1086210489.231947 
180 	 -0.694149 	 119.943976 	 24955.378443 	 2302536738.387389 
181 	 -2.725436 	 119.114086 	 22009.733499 	 1458800662.519646 
182 	 -15.697913 	 103.906452 	 16673.841559 	 780885620.764742 
183 	 -26.318502 	 136.778906 	 30175.372342 	 2877642135.324187 
184 	 10.649001 	 110.584662 	 19495.722788 	 1081005326.447724 
185 	 -12.408894 	 115.671796 	 22343.955231 	 1625388742.205016 
186 	 -7.812085 	 108.576164 	 19316.282370 	 1193395030.179154 
187 	 -12.339643 	 137.854173 	 29185.396906 	 2209921390.422034 
188 	 9.513158 	 113.092843 	 19427.048045 	 1042982577.168298 
189 	 2.355928 	 118.037157 	 21508.629094 	 1267596505.993088 
190 	 -4.331019 	 126.969765 	 25296.722763 	 1834518720.345570 
191 	 67.163495 	 120.139909 	 23011.352462 	 1752327263.751123 
192 	 0.445689 	 106.563615 	 18199.766844 	 994048855.042175 
193 	 -17.787321 	 120.965476 	 25084.847353 	 2456130252.172897 
194 	 31.542434 	 125.924749 	 24309.182261 	 1563245737.799543 
195 	 -10.078991 	 104.529688 	 17601.023261 	 943260651.953046 
196 	 -26.668545 	 91.477697 	 13990.515046 	 665262854.484966 
197 	 36.155911 	 113.185427 	 21168.332696 	 1501253227.411156 
198 	 31.241202 	 115.547438 	 19255.996200 	 933052297.429198 
199 	 -36.225424 	 137.300338 	 29654.782327 	 2896342238.987766 
200 	 21.445990 	 111.843560 	 19855.729093 	 1214868912.166087 

%ACCRATE = 0.908020

%%%%%%%%%%%%%%%%%%%%%%%%%%%%%%%%%%%%%%%%%%%%%%%%%%%%%%%%%%%%%%%%%%%%%%%%%%%
%KAPPA = 0.170000
%%%%%%%%%%%%%%%%%%%%%%%%%%%%%%%%%%%%%%%%%%%%%%%%%%%%%%%%%%%%%%%%%%%%%%%%%%%

201 	 -22.934650 	 165.582428 	 43709.905517 	 5786782207.935197 
202 	 41.317271 	 219.906575 	 69750.232537 	 11195666809.372330 
203 	 -52.116306 	 192.044611 	 57644.195043 	 9515807309.592941 
204 	 49.870322 	 180.943525 	 51385.497572 	 7302990265.679369 
205 	 12.786203 	 115.541073 	 21471.408396 	 1555545757.794565 
206 	 92.391238 	 167.615103 	 44867.365578 	 6025299283.119952 
207 	 -123.161567 	 185.781009 	 54403.294713 	 8234930383.689425 
208 	 -53.244119 	 163.149864 	 39043.048167 	 3729403129.739857 
209 	 3.190313 	 140.375854 	 32134.165449 	 3173501372.672399 
210 	 -23.717866 	 188.113127 	 50488.174397 	 5497417019.439542 
211 	 5.846352 	 146.453223 	 33045.949258 	 3183068291.734524 
212 	 -21.990432 	 152.580483 	 37166.856327 	 4859168183.456606 
213 	 50.663394 	 163.818545 	 41674.064367 	 4836345061.114898 
214 	 -40.889910 	 164.752672 	 43303.465328 	 5595171096.857404 
215 	 40.238211 	 144.864842 	 32342.755890 	 2895200716.523515 
216 	 1.882039 	 136.084493 	 29544.794725 	 2788188364.216351 
217 	 -1.524640 	 167.201032 	 43910.386347 	 5754291189.937304 
218 	 13.597836 	 164.759144 	 42229.080419 	 5104305723.489511 
219 	 90.363549 	 151.122602 	 38235.086401 	 4809501246.814631 
220 	 90.703257 	 198.015406 	 51910.341241 	 5266412575.548084 
221 	 -71.969227 	 178.848422 	 48632.588163 	 6144714888.475730 
222 	 39.040874 	 161.835946 	 40671.432927 	 4392813681.209326 
223 	 -24.413829 	 131.909761 	 26263.809242 	 1752314586.893735 
224 	 135.891730 	 199.978872 	 57895.660359 	 7560038785.220383 
225 	 8.584631 	 150.490728 	 34283.757626 	 2877278428.293740 
226 	 -17.830185 	 163.155700 	 39909.630270 	 3987477781.093938 
227 	 21.671628 	 179.314292 	 48288.615454 	 5853598318.791342 
228 	 3.416066 	 121.521057 	 22274.052165 	 1348471871.050125 
229 	 -64.720844 	 193.124820 	 61902.134163 	 11673148326.264034 
230 	 34.227581 	 158.094366 	 37419.690963 	 3612526725.874682 
231 	 -56.890369 	 159.935525 	 37290.166139 	 3189468619.467801 
232 	 7.915798 	 179.889655 	 56408.970291 	 11389662538.452635 
233 	 4.281942 	 117.757652 	 22580.297141 	 1518895582.815398 
234 	 40.669653 	 150.417266 	 35802.732678 	 4095014837.927496 
235 	 4.161326 	 148.573291 	 33352.893834 	 2805136601.372733 
236 	 20.394112 	 142.710486 	 31207.175899 	 2717751884.913886 
237 	 -73.001235 	 146.715892 	 31857.885670 	 2498679469.529217 
238 	 37.268306 	 164.096637 	 45672.063256 	 7292239010.488788 
239 	 -7.144538 	 179.157842 	 49145.762478 	 6112246838.998947 
240 	 32.817394 	 128.907834 	 26891.228034 	 2006975624.663528 
241 	 -33.595504 	 165.924734 	 38737.743112 	 3625285230.251769 
242 	 37.910457 	 130.636961 	 25864.668800 	 1622799045.782135 
243 	 50.652057 	 131.699238 	 25832.874223 	 1774510356.462078 
244 	 -50.579689 	 161.311639 	 39012.864032 	 4214267495.715670 
245 	 5.663015 	 164.649289 	 40837.614738 	 4699984815.325701 
246 	 54.225296 	 143.324746 	 31083.818001 	 2631515486.544955 
247 	 65.975010 	 160.381452 	 37899.329824 	 3357553998.569116 
248 	 -2.423565 	 142.881588 	 32305.113465 	 3091972725.981816 
249 	 37.690082 	 123.810942 	 26813.860766 	 2705386190.200539 
250 	 37.251762 	 160.213945 	 33221.500453 	 2023002882.320952 
251 	 97.084238 	 151.909577 	 35635.854837 	 3623911491.755222 
252 	 38.715806 	 188.021281 	 52990.763024 	 7592653243.348534 
253 	 -16.072090 	 139.348467 	 29843.476953 	 2600377976.573700 
254 	 -132.074945 	 185.244187 	 53849.681478 	 9370527715.324749 
255 	 41.709746 	 142.774321 	 34949.193349 	 4926717308.730803 
256 	 -37.333697 	 155.559302 	 43917.303559 	 7928931892.074635 
257 	 -48.895388 	 135.603239 	 28471.671444 	 2188124776.037818 
258 	 10.473315 	 143.316124 	 29920.615929 	 2198856056.713542 
259 	 -23.755019 	 204.715361 	 58373.981968 	 7222202668.483876 
260 	 -13.024756 	 130.064383 	 26349.203169 	 1903275038.069849 
261 	 64.301987 	 147.213177 	 33670.365285 	 3130038495.267886 
262 	 63.714986 	 155.283105 	 35407.786317 	 3126771481.229155 
263 	 -83.066554 	 159.594876 	 40607.927910 	 4627759901.350661 
264 	 66.179653 	 151.408486 	 35136.982212 	 3292821776.326998 
265 	 -23.034973 	 175.211570 	 48111.232736 	 6555994860.171693 
266 	 40.539251 	 173.229663 	 40645.299021 	 3436386956.799829 
267 	 90.265408 	 151.178061 	 34341.115614 	 2940192350.327803 
268 	 -0.342515 	 151.327222 	 34668.813168 	 3201812374.646194 
269 	 -7.166529 	 123.152320 	 22822.707780 	 1432338868.877356 
270 	 22.844271 	 134.645874 	 28322.138452 	 2268338692.241124 
271 	 45.353432 	 144.652577 	 31811.160665 	 2614155847.318094 
272 	 -27.974948 	 175.296342 	 45017.086629 	 4800182570.333872 
273 	 61.252441 	 145.149162 	 37042.896004 	 5215881387.425410 
274 	 -99.250468 	 176.954427 	 48924.010664 	 6224505841.126935 
275 	 100.445937 	 181.044678 	 54613.425012 	 9593046451.294786 
276 	 60.949378 	 147.216359 	 33246.486000 	 2961829134.961297 
277 	 28.395394 	 158.692514 	 37342.826380 	 3493864040.507796 
278 	 110.092304 	 171.442276 	 44067.912281 	 4613192846.158963 
279 	 23.131760 	 180.624846 	 46503.581722 	 5002000576.898331 
280 	 25.477655 	 191.531744 	 61518.328768 	 11829860449.720669 
281 	 -53.397415 	 199.612511 	 55612.934516 	 6578831625.743308 
282 	 -67.162154 	 194.922412 	 55716.259914 	 7852533292.337557 
283 	 -50.203880 	 184.535859 	 54069.002530 	 8733181116.544701 
284 	 -61.931533 	 136.955728 	 30197.900849 	 2535819798.208095 
285 	 -26.065411 	 183.090863 	 48687.803580 	 5412970219.497711 
286 	 -2.043519 	 203.480579 	 61070.849642 	 8826242328.138645 
287 	 -56.504384 	 150.170377 	 35211.005468 	 3385665226.085988 
288 	 61.284063 	 126.589276 	 24890.370938 	 1687207765.372747 
289 	 72.435134 	 183.853160 	 53478.593874 	 10900786725.276855 
290 	 53.052445 	 238.103448 	 81115.303982 	 16247462056.720804 
291 	 111.366757 	 194.819158 	 57410.801738 	 8711315809.468248 
292 	 -9.138766 	 133.747668 	 27045.669292 	 1869170582.333955 
293 	 -58.308612 	 191.962276 	 65482.366467 	 14224507166.315924 
294 	 49.087591 	 163.546106 	 39338.761211 	 3864974091.433918 
295 	 3.712716 	 176.941788 	 43579.276200 	 4213990143.925191 
296 	 -12.579928 	 205.611854 	 62156.054599 	 9587311921.542162 
297 	 -17.505438 	 129.703160 	 25159.890310 	 1559443626.238035 
298 	 62.318013 	 149.179500 	 36704.853905 	 4862130922.169832 
299 	 121.643728 	 169.102668 	 46758.294557 	 6297829555.354364 
300 	 82.667046 	 168.846132 	 44618.399085 	 6395053939.150124 

%ACCRATE = 0.903660

%%%%%%%%%%%%%%%%%%%%%%%%%%%%%%%%%%%%%%%%%%%%%%%%%%%%%%%%%%%%%%%%%%%%%%%%%%%
%KAPPA = 0.180000
%%%%%%%%%%%%%%%%%%%%%%%%%%%%%%%%%%%%%%%%%%%%%%%%%%%%%%%%%%%%%%%%%%%%%%%%%%%

301 	 15.520600 	 269.931171 	 96651.938674 	 18557792520.871002 
302 	 58.657459 	 162.228972 	 46251.539702 	 8244071948.251134 
303 	 -230.898159 	 267.159073 	 118060.938989 	 43987973447.991447 
304 	 149.246347 	 247.679085 	 98357.710638 	 33352191564.304646 
305 	 -9.895554 	 277.481454 	 115839.545224 	 31799619718.770580 
306 	 86.241069 	 288.883116 	 122376.619788 	 34543467964.218719 
307 	 161.493453 	 220.563549 	 74455.920914 	 16977642194.428902 
308 	 -0.233202 	 197.586207 	 58225.446346 	 9443838107.511379 
309 	 -23.638944 	 285.907034 	 113479.345345 	 27235499587.810452 
310 	 -199.776812 	 302.870292 	 138112.549120 	 43341219836.436394 
311 	 -32.014839 	 284.131084 	 116542.277490 	 27623850486.102516 
312 	 -150.287043 	 224.758722 	 75500.264531 	 13553878319.624735 
313 	 117.403334 	 338.918676 	 170422.637072 	 72394589259.106384 
314 	 -27.916659 	 170.890590 	 44895.650823 	 5386458541.018345 
315 	 -32.988372 	 202.378101 	 59625.750113 	 8465629157.800709 
316 	 39.383434 	 156.344521 	 39682.374908 	 4762656384.306680 
317 	 -162.869746 	 227.401449 	 78058.760662 	 15857484810.987453 
318 	 -222.970556 	 292.813066 	 132836.183070 	 46242911825.428764 
319 	 -136.060602 	 458.404406 	 283027.288470 	 148489079793.828247 
320 	 136.382048 	 283.275161 	 120125.562223 	 37021769001.529205 
321 	 62.455074 	 202.325766 	 68176.869209 	 13859672535.373365 
322 	 -168.266303 	 428.771532 	 219102.506059 	 74270524790.528336 
323 	 -128.678356 	 279.002386 	 125964.690808 	 42212633358.308945 
324 	 65.329192 	 218.576308 	 73284.015503 	 14101872327.406393 
325 	 144.846346 	 309.050114 	 137883.522406 	 47513476112.470161 
326 	 299.837905 	 347.368367 	 158686.140319 	 48268114640.214546 
327 	 30.599813 	 245.320283 	 90478.623708 	 19806333195.389198 
328 	 33.070722 	 219.316246 	 68109.954552 	 11810461711.971258 
329 	 -226.628966 	 282.932994 	 112196.166989 	 27582762944.787048 
330 	 238.188922 	 288.686544 	 160508.103674 	 103296150323.930344 
331 	 -128.736919 	 274.888180 	 118616.278288 	 34874566396.550476 
332 	 -413.169762 	 425.509727 	 255334.540550 	 132921119575.117538 
333 	 -83.837187 	 209.825976 	 69877.530671 	 13656015952.629044 
334 	 -17.663127 	 170.329368 	 44250.164904 	 4923885704.620855 
335 	 -101.052910 	 351.778754 	 161089.931364 	 48126194230.393082 
336 	 -27.898669 	 265.901853 	 104088.612479 	 26178278413.068043 
337 	 -101.725503 	 214.730377 	 68209.887473 	 11134390068.674110 
338 	 -266.059239 	 374.498566 	 207621.623754 	 111307484253.186844 
339 	 -133.304883 	 331.265554 	 163817.824411 	 63209143324.962509 
340 	 3.699783 	 308.749299 	 130260.251631 	 35542779324.818314 
341 	 -20.092180 	 254.167765 	 92752.795219 	 20152432112.074291 
342 	 -65.675000 	 267.051068 	 95475.435543 	 17945491907.266853 
343 	 -97.587625 	 256.322084 	 100130.735752 	 26111785949.810745 
344 	 -293.760069 	 316.991256 	 137942.506595 	 38298200658.690254 
345 	 -179.000458 	 268.301302 	 113899.550893 	 38493910419.019386 
346 	 130.945698 	 305.057669 	 134986.161788 	 42697128019.995384 
347 	 -7.798075 	 274.835541 	 121256.874911 	 41981274192.739853 
348 	 -239.603109 	 312.001383 	 168710.719264 	 95683300248.656342 
349 	 -104.122707 	 235.829990 	 79148.927282 	 13836196372.198313 
350 	 -38.097947 	 231.678432 	 87195.429546 	 20322773395.699505 
351 	 -126.155522 	 339.503353 	 157859.585875 	 57692101509.759781 
352 	 -299.657801 	 375.055124 	 183946.960831 	 63597974143.986900 
353 	 140.992625 	 332.442936 	 164357.903233 	 59945088257.328476 
354 	 63.070706 	 268.803516 	 97263.886701 	 18637118717.964790 
355 	 235.814617 	 265.202391 	 112394.124268 	 36944520324.283714 
356 	 -24.599977 	 284.458599 	 107756.838742 	 21645371390.934437 
357 	 97.853108 	 284.471524 	 132451.609015 	 53196461439.075218 
358 	 9.368952 	 257.162434 	 101627.211756 	 24562632043.662872 
359 	 33.032062 	 370.039695 	 202807.499332 	 100417508567.913757 
360 	 95.812322 	 210.480375 	 61957.077829 	 8548493125.398131 
361 	 122.319664 	 372.718876 	 172819.953640 	 51916384896.184563 
362 	 -228.499677 	 286.821685 	 117393.590858 	 33125419271.752724 
363 	 141.886724 	 222.974008 	 72707.669671 	 12505908132.111174 
364 	 12.092770 	 222.267571 	 70574.256792 	 12902063475.793282 
365 	 187.036032 	 308.314811 	 132361.856944 	 35418094492.005646 
366 	 339.968559 	 355.564061 	 180963.596479 	 65612290351.102280 
367 	 -62.292107 	 231.694191 	 79229.229829 	 16601110480.909798 
368 	 179.597413 	 295.067814 	 114896.953856 	 24650176780.797016 
369 	 -9.665338 	 178.907751 	 50143.145646 	 7234019250.014671 
370 	 -153.305586 	 289.686208 	 114583.415510 	 25285397183.733589 
371 	 -178.027663 	 362.949321 	 200831.794675 	 102592727415.401840 
372 	 -45.037591 	 266.964807 	 108366.990001 	 31897433625.984051 
373 	 107.634025 	 266.764451 	 97859.165537 	 20626511442.694778 
374 	 -349.487243 	 367.513181 	 182829.517744 	 64526216160.564705 
375 	 -53.489364 	 204.763122 	 63269.460745 	 9979499548.375826 
376 	 20.253571 	 175.380753 	 43978.554625 	 4801265278.360003 
377 	 215.395913 	 396.417160 	 196304.704239 	 64807485848.285767 
378 	 15.446264 	 264.292494 	 111992.737588 	 32042625421.935169 
379 	 -115.838490 	 232.158769 	 75741.875773 	 12624455559.587057 
380 	 278.434506 	 385.216490 	 209910.331815 	 101672860032.978546 
381 	 60.187170 	 193.973110 	 62115.748579 	 12854043010.458336 
382 	 -73.818719 	 229.004517 	 80800.520440 	 16860594096.970676 
383 	 -435.506561 	 458.410128 	 254615.665336 	 109518990318.612625 
384 	 -6.780519 	 433.958362 	 246997.223518 	 117533630933.377884 
385 	 93.959057 	 262.469509 	 101486.472993 	 23322872421.264397 
386 	 14.140922 	 179.205237 	 49725.943009 	 6841427043.896401 
387 	 -134.671700 	 231.571338 	 78782.536549 	 14416501055.985514 
388 	 -321.278059 	 344.814760 	 178983.006179 	 75113647501.778473 
389 	 231.586107 	 362.747110 	 189239.188151 	 82916607775.236465 
390 	 -121.155633 	 219.036052 	 71682.695154 	 12772806075.472775 
391 	 259.546849 	 440.063483 	 265851.923123 	 144980870841.957550 
392 	 -144.188920 	 250.870849 	 86989.297420 	 16924809622.676109 
393 	 -304.214568 	 343.337777 	 173894.090967 	 63143976748.883278 
394 	 -226.570696 	 317.033107 	 178735.655315 	 105435964691.834854 
395 	 60.427159 	 265.864243 	 99376.004881 	 22201075945.964592 
396 	 -176.539548 	 253.435251 	 106046.817119 	 35414678106.904732 
397 	 -30.858077 	 318.353816 	 138034.678395 	 36795127828.985802 
398 	 4.545139 	 163.014629 	 41517.703006 	 4664612896.303743 
399 	 -298.620555 	 333.828674 	 155244.964459 	 50606918188.938576 
400 	 26.599727 	 225.216889 	 75629.496773 	 14135306556.723709 

%ACCRATE = 0.901690

%%%%%%%%%%%%%%%%%%%%%%%%%%%%%%%%%%%%%%%%%%%%%%%%%%%%%%%%%%%%%%%%%%%%%%%%%%%
%KAPPA = 0.190000
%%%%%%%%%%%%%%%%%%%%%%%%%%%%%%%%%%%%%%%%%%%%%%%%%%%%%%%%%%%%%%%%%%%%%%%%%%%

401 	 1613.040329 	 1613.040329 	 2647977.880323 	 7449157653174.824219 
402 	 1617.064440 	 1617.064440 	 2669942.241540 	 7682120636634.078125 
403 	 1629.010359 	 1629.010359 	 2713663.985924 	 7986377297263.633789 
404 	 1705.201277 	 1705.201277 	 2940905.789263 	 9005647193086.353516 
405 	 1694.383335 	 1694.383335 	 2905441.654273 	 8823260485571.193359 
406 	 1667.460160 	 1667.460160 	 2820385.305943 	 8404769625975.261719 
407 	 1610.507326 	 1610.507326 	 2656658.452507 	 7688070104801.558594 
408 	 1749.229066 	 1749.229066 	 3088164.545691 	 9892392841257.121094 
409 	 1683.114351 	 1683.114351 	 2898381.921491 	 9072589553648.416016 
410 	 1744.555621 	 1744.555621 	 3086058.376290 	 9999773685046.398438 
411 	 1614.352704 	 1614.352704 	 2652479.667198 	 7506017357892.594727 
412 	 1431.058737 	 1431.058737 	 2129509.634432 	 5196339614419.028320 
413 	 1571.283251 	 1571.283251 	 2488834.123742 	 6392452028182.077148 
414 	 1784.364618 	 1784.364618 	 3221854.218536 	 10827648084252.455078 
415 	 1632.718643 	 1632.718643 	 2723543.906365 	 8018533551257.678711 
416 	 1678.061712 	 1678.061712 	 2838703.388075 	 8321103572067.155273 
417 	 1732.117739 	 1732.117739 	 3032056.611059 	 9552275690935.820312 
418 	 1721.689577 	 1721.689577 	 3005668.164106 	 9521086227361.703125 
419 	 1721.394086 	 1721.394086 	 3001241.789719 	 9441640861538.681641 
420 	 1743.241069 	 1743.241069 	 3068297.380662 	 9785258634167.580078 
421 	 1509.429471 	 1509.429471 	 2312737.116721 	 5652701938626.013672 
422 	 1650.473148 	 1650.473148 	 2762643.842477 	 8059050240101.253906 
423 	 1724.870740 	 1724.870740 	 3016824.920252 	 9595394836334.480469 
424 	 1568.468000 	 1568.468000 	 2521088.138499 	 6921372658794.277344 
425 	 1700.706752 	 1700.706752 	 2927275.165267 	 8982210609966.957031 
426 	 1669.738748 	 1669.738748 	 2837863.831618 	 8578854811975.172852 
427 	 1747.078937 	 1747.078937 	 3073652.424347 	 9709620492350.941406 
428 	 1710.993379 	 1710.993379 	 2952565.656480 	 8993891856902.273438 
429 	 1682.096460 	 1682.096460 	 2853048.705287 	 8395837547008.864258 
430 	 1643.629641 	 1643.629641 	 2733301.206788 	 7808648041666.373047 
431 	 1767.081477 	 1767.081477 	 3162092.659084 	 10482732586559.027344 
432 	 1689.919300 	 1689.919300 	 2927512.499248 	 9286097863664.855469 
433 	 1761.155891 	 1761.155891 	 3141030.337672 	 10289643578486.580078 
434 	 1614.328320 	 1614.328320 	 2652956.875787 	 7520849230700.847656 
435 	 1755.984221 	 1755.984221 	 3100555.687193 	 9818925814848.289062 
436 	 1508.322399 	 1508.322399 	 2314098.779508 	 5687417198017.353516 
437 	 1772.580440 	 1772.580440 	 3176314.789983 	 10505861225565.898438 
438 	 1641.772757 	 1641.772757 	 2740496.846371 	 7972381598963.514648 
439 	 1725.367426 	 1725.367426 	 3010595.293844 	 9475176651794.945312 
440 	 1746.996756 	 1746.996756 	 3071406.905398 	 9674101211259.183594 
441 	 1725.725062 	 1725.725062 	 3010684.380635 	 9438047406572.931641 
442 	 1720.700324 	 1720.700324 	 2984694.122531 	 9193315449685.712891 
443 	 1607.163865 	 1607.163865 	 2632130.192356 	 7432904598111.230469 
444 	 1513.895672 	 1513.895672 	 2335151.186301 	 5830574485095.055664 
445 	 1582.053310 	 1582.053310 	 2557992.605786 	 7076767140338.577148 
446 	 1710.089825 	 1710.089825 	 2940765.608502 	 8840499740988.332031 
447 	 1736.186350 	 1736.186350 	 3041823.771311 	 9590410598861.832031 
448 	 1646.800339 	 1646.800339 	 2748775.930738 	 7987116568170.396484 
449 	 1545.161115 	 1545.161115 	 2435063.370071 	 6371382801217.498047 
450 	 1751.078019 	 1751.078019 	 3114115.875661 	 10223472897030.714844 
451 	 1624.711019 	 1624.711019 	 2684953.682660 	 7686193228036.985352 
452 	 1683.637518 	 1683.637518 	 2861009.292015 	 8472525729188.578125 
453 	 1721.371743 	 1721.371743 	 2987612.448826 	 9216108845779.542969 
454 	 1604.193963 	 1604.193963 	 2645613.459998 	 7635285389765.450195 
455 	 1669.619604 	 1669.619604 	 2829201.352285 	 8450098121357.381836 
456 	 1597.804402 	 1597.804402 	 2607077.073146 	 7341510413163.816406 
457 	 1528.490169 	 1528.490169 	 2375069.656879 	 5972960635034.983398 
458 	 1655.091672 	 1655.091672 	 2782447.198811 	 8215118789795.445312 
459 	 1849.995405 	 1849.995405 	 3445197.332704 	 12167138616780.439453 
460 	 1636.498692 	 1636.498692 	 2714043.563494 	 7737164981272.949219 
461 	 1729.618102 	 1729.618102 	 3018216.693869 	 9427449564661.363281 
462 	 1055.104056 	 1055.104056 	 1407068.338571 	 3464097437870.521973 
463 	 1240.078944 	 1284.812512 	 2135978.305348 	 6792188848008.910156 
464 	 1605.883583 	 1605.883583 	 2601654.333204 	 6994550765308.592773 
465 	 1670.038605 	 1670.038605 	 2845418.114272 	 8701789255879.251953 
466 	 1603.200512 	 1603.200512 	 2612351.368065 	 7224178716130.154297 
467 	 1752.559680 	 1752.559680 	 3104728.748886 	 10027671579616.152344 
468 	 1544.119323 	 1544.119323 	 2434321.921928 	 6380510636035.323242 
469 	 1610.054113 	 1610.054113 	 2610214.415922 	 6994196779221.115234 
470 	 1722.321497 	 1722.321497 	 2996197.220395 	 9323674589237.457031 
471 	 1759.739788 	 1759.739788 	 3125440.740132 	 10119319461966.951172 
472 	 1738.004742 	 1738.004742 	 3045184.470748 	 9560670103837.943359 
473 	 1687.352964 	 1687.352964 	 2875405.396020 	 8580946948172.068359 
474 	 1605.032594 	 1605.032594 	 2610067.517601 	 7149812235524.802734 
475 	 1715.310117 	 1715.310117 	 3004174.594025 	 9683623268477.271484 
476 	 1691.251189 	 1691.251189 	 2891967.594894 	 8688111356625.095703 
477 	 1689.902455 	 1689.902455 	 2872204.457190 	 8435869181404.036133 
478 	 1701.907992 	 1701.907992 	 2917477.839114 	 8744494861410.542969 
479 	 1564.509921 	 1564.509921 	 2497628.247556 	 6720037982630.117188 
480 	 1656.345510 	 1656.345510 	 2778248.429581 	 8096738716325.772461 
481 	 1594.632368 	 1594.632368 	 2642927.200535 	 7887251675611.725586 
482 	 1756.636188 	 1756.636188 	 3109226.712880 	 9955405398104.691406 
483 	 1762.529286 	 1762.529286 	 3135078.263357 	 10181773353967.349609 
484 	 1751.002849 	 1751.002849 	 3097018.157071 	 9995232379842.357422 
485 	 1671.930023 	 1671.930023 	 2843112.463580 	 8589514677490.791992 
486 	 1641.137781 	 1641.137781 	 2715637.967116 	 7603986888249.827148 
487 	 1629.095292 	 1629.095292 	 2692980.983348 	 7662650836386.882812 
488 	 1550.895944 	 1550.895944 	 2522784.589611 	 7300042765174.930664 
489 	 1771.266066 	 1771.266066 	 3162269.359588 	 10294557895917.578125 
490 	 1564.675069 	 1564.675069 	 2527873.616499 	 7154337197923.560547 
491 	 1534.087848 	 1534.087848 	 2427839.850982 	 6622238641589.878906 
492 	 1643.373839 	 1643.373839 	 2737032.259211 	 7886416170341.622070 
493 	 1734.062274 	 1734.062274 	 3048269.605140 	 9775388404701.376953 
494 	 1656.736308 	 1656.736308 	 2784018.197654 	 8167889403178.089844 
495 	 1660.000369 	 1660.000369 	 2791882.337428 	 8179732820829.467773 
496 	 1770.012798 	 1770.012798 	 3150402.596180 	 10145421891932.537109 
497 	 1664.899720 	 1664.899720 	 2814330.682168 	 8352157205296.552734 
498 	 1568.070009 	 1568.070009 	 2510160.421539 	 6797800802953.121094 
499 	 1598.035967 	 1598.035967 	 2638956.954344 	 7704667602495.183594 
500 	 1694.618596 	 1694.618596 	 2921235.433154 	 9058876085915.306641 

%ACCRATE = 0.894950

%%%%%%%%%%%%%%%%%%%%%%%%%%%%%%%%%%%%%%%%%%%%%%%%%%%%%%%%%%%%%%%%%%%%%%%%%%%
%KAPPA = 0.200000
%%%%%%%%%%%%%%%%%%%%%%%%%%%%%%%%%%%%%%%%%%%%%%%%%%%%%%%%%%%%%%%%%%%%%%%%%%%

501 	 2469.299857 	 2469.299857 	 6105967.761307 	 37489665282113.554688 
502 	 2514.921134 	 2514.921134 	 6332664.977029 	 40298218749357.906250 
503 	 2468.695368 	 2468.695368 	 6103858.883167 	 37486110864715.195312 
504 	 2493.157644 	 2493.157644 	 6224787.525429 	 38968287733776.289062 
505 	 2454.673254 	 2454.673254 	 6039328.642420 	 36796121142259.578125 
506 	 2497.960335 	 2497.960335 	 6246855.665233 	 39198954705467.648438 
507 	 2509.049398 	 2509.049398 	 6303156.499478 	 39926197147833.375000 
508 	 2507.451525 	 2507.451525 	 6299744.398407 	 39996304143078.171875 
509 	 2527.907037 	 2527.907037 	 6398940.184984 	 41168851698728.773438 
510 	 2472.820562 	 2472.820562 	 6122756.055677 	 37679590326057.906250 
511 	 2483.994105 	 2483.994105 	 6178553.854475 	 38378696945034.125000 
512 	 2478.977455 	 2478.977455 	 6153131.662145 	 38051961988341.000000 
513 	 2493.877113 	 2493.877113 	 6227508.707213 	 38983318374770.625000 
514 	 2468.828787 	 2468.828787 	 6104597.996966 	 37494576645920.867188 
515 	 2485.760321 	 2485.760321 	 6189410.849945 	 38562051053611.242188 
516 	 2458.393037 	 2458.393037 	 6055508.761043 	 36950951884430.898438 
517 	 2503.704359 	 2503.704359 	 6277371.114532 	 39624809545765.468750 
518 	 2446.283379 	 2446.283379 	 5994518.681716 	 36175883886570.234375 
519 	 2445.535247 	 2445.535247 	 5992990.832500 	 36208022826674.398438 
520 	 2513.227073 	 2513.227073 	 6324064.827318 	 40189089847400.976562 
521 	 2495.062672 	 2495.062672 	 6237718.402719 	 39211527329609.570312 
522 	 2478.258153 	 2478.258153 	 6147877.825445 	 37947228789326.242188 
523 	 2484.868237 	 2484.868237 	 6182544.646671 	 38420163496090.062500 
524 	 2504.387652 	 2504.387652 	 6281014.690535 	 39676057198472.046875 
525 	 2490.100463 	 2490.100463 	 6209468.711855 	 38776973867795.703125 
526 	 2493.707886 	 2493.707886 	 6224213.257290 	 38881353973966.429688 
527 	 2461.803475 	 2461.803475 	 6069878.730537 	 37068203314417.554688 
528 	 2500.580046 	 2500.580046 	 6262527.953294 	 39461269866214.781250 
529 	 2477.661620 	 2477.661620 	 6149919.951928 	 38092028912890.750000 
530 	 2463.478636 	 2463.478636 	 6076021.982166 	 37096455575422.578125 
531 	 2505.338321 	 2505.338321 	 6287027.338919 	 39782765422226.773438 
532 	 2465.642439 	 2465.642439 	 6087969.074078 	 37272067630942.070312 
533 	 2496.317080 	 2496.317080 	 6242723.874930 	 39244385951328.218750 
534 	 2491.231096 	 2491.231096 	 6214851.363925 	 38837043907822.085938 
535 	 2484.967019 	 2484.967019 	 6184107.615881 	 38464574225305.875000 
536 	 2452.341924 	 2452.341924 	 6025280.585102 	 36572736330743.156250 
537 	 2491.412245 	 2491.412245 	 6216996.260701 	 38891369078079.367188 
538 	 2449.072853 	 2449.072853 	 6009251.670922 	 36376777097072.609375 
539 	 2501.141124 	 2501.141124 	 6264039.312132 	 39446679099907.929688 
540 	 2446.449689 	 2446.449689 	 5998403.574733 	 36299888987292.226562 
541 	 2490.485836 	 2490.485836 	 6212207.549618 	 38827912943902.710938 
542 	 2448.476672 	 2448.476672 	 6007750.789193 	 36394826111867.773438 
543 	 2502.344636 	 2502.344636 	 6274109.135318 	 39671844067459.492188 
544 	 2510.143942 	 2510.143942 	 6307741.340137 	 39961469647477.085938 
545 	 2487.715036 	 2487.715036 	 6200237.343237 	 38724772965245.859375 
546 	 2477.735707 	 2477.735707 	 6148157.964530 	 38020380989280.546875 
547 	 2480.255129 	 2480.255129 	 6159660.207383 	 38136291523686.375000 
548 	 2491.816124 	 2491.816124 	 6218095.971663 	 38884836353309.625000 
549 	 2487.686282 	 2487.686282 	 6196497.825844 	 38591979685876.632812 
550 	 2484.807623 	 2484.807623 	 6183893.134944 	 38479911760180.554688 
551 	 2508.830046 	 2508.830046 	 6303030.964308 	 39947796458363.390625 
552 	 2487.913600 	 2487.913600 	 6199835.736766 	 38685297482343.789062 
553 	 2461.848905 	 2461.848905 	 6071772.743887 	 37131752839820.039062 
554 	 2449.462223 	 2449.462223 	 6014858.760092 	 36533600709927.601562 
555 	 2507.168343 	 2507.168343 	 6297408.134855 	 39942075545896.664062 
556 	 2497.931144 	 2497.931144 	 6248296.575052 	 39257750763617.046875 
557 	 2500.543071 	 2500.543071 	 6260326.609669 	 39381087993789.640625 
558 	 2462.595529 	 2462.595529 	 6073180.353899 	 37092170769146.812500 
559 	 2508.422802 	 2508.422802 	 6300262.981627 	 39894768849344.390625 
560 	 2459.777621 	 2459.777621 	 6061266.847815 	 36996173211001.257812 
561 	 2482.891692 	 2482.891692 	 6173704.058700 	 38334471603644.453125 
562 	 2482.034626 	 2482.034626 	 6169508.256394 	 38285290455222.640625 
563 	 2465.550394 	 2465.550394 	 6091810.257914 	 37424138628882.867188 
564 	 2434.907462 	 2434.907462 	 5941062.709897 	 35584215622337.351562 
565 	 2476.015760 	 2476.015760 	 6139160.890435 	 37897262168656.640625 
566 	 2495.112134 	 2495.112134 	 6234741.308096 	 39100654327396.695312 
567 	 2482.407038 	 2482.407038 	 6169768.592622 	 38246969781408.132812 
568 	 2501.532405 	 2501.532405 	 6265861.796017 	 39465025147637.812500 
569 	 2492.225425 	 2492.225425 	 6223326.115013 	 39026949476382.343750 
570 	 2463.872386 	 2463.872386 	 6080738.917776 	 37219606867108.226562 
571 	 2466.830895 	 2466.830895 	 6096704.355987 	 37446043987215.671875 
572 	 2496.600581 	 2496.600581 	 6241896.021909 	 39182076318880.250000 
573 	 2495.543019 	 2495.543019 	 6235818.618189 	 39085665233627.921875 
574 	 2472.458538 	 2472.458538 	 6121920.038638 	 37693174491895.718750 
575 	 2477.730021 	 2477.730021 	 6147742.857709 	 38003500552477.234375 
576 	 2471.289844 	 2471.289844 	 6115495.663786 	 37602724461990.531250 
577 	 2529.425795 	 2529.425795 	 6405992.066095 	 41240645127344.179688 
578 	 2504.295437 	 2504.295437 	 6279467.831875 	 39629456565811.609375 
579 	 2496.785118 	 2496.785118 	 6242952.261286 	 39196821207453.531250 
580 	 2505.821039 	 2505.821039 	 6288570.347266 	 39782373037325.578125 
581 	 2471.064723 	 2471.064723 	 6115804.405352 	 37637239731419.320312 
582 	 2476.935663 	 2476.935663 	 6146163.976908 	 38042057437391.156250 
583 	 2485.986175 	 2485.986175 	 6190775.600366 	 38583039303755.703125 
584 	 2490.074178 	 2490.074178 	 6209551.466543 	 38782233706579.023438 
585 	 2488.121050 	 2488.121050 	 6199398.201761 	 38646268044894.898438 
586 	 2469.298083 	 2469.298083 	 6106530.554850 	 37509614996663.523438 
587 	 2468.401986 	 2468.401986 	 6103116.766528 	 37496329259749.054688 
588 	 2520.220814 	 2520.220814 	 6357463.464999 	 40567562618368.562500 
589 	 2480.425825 	 2480.425825 	 6162777.808300 	 38235020734210.265625 
590 	 2485.072163 	 2485.072163 	 6184433.506479 	 38466951483030.765625 
591 	 2430.154328 	 2430.154328 	 5913474.076951 	 35154922179575.765625 
592 	 2462.575099 	 2462.575099 	 6076629.603903 	 37218343891738.351562 
593 	 2519.140084 	 2519.140084 	 6353825.087230 	 40567505930349.195312 
594 	 2471.161768 	 2471.161768 	 6118996.699735 	 37743652100975.093750 
595 	 2490.045944 	 2490.045944 	 6208484.331638 	 38747380615104.398438 
596 	 2470.266949 	 2470.266949 	 6113824.755305 	 37661625736153.742188 
597 	 2477.295567 	 2477.295567 	 6147481.613966 	 38047779792140.703125 
598 	 2489.673427 	 2489.673427 	 6209814.044007 	 38840759372017.593750 
599 	 2535.318055 	 2535.318055 	 6436467.033845 	 41649224193321.468750 
600 	 2481.343588 	 2481.343588 	 6165060.252512 	 38204674532674.632812 

%ACCRATE = 0.885890

%%%%%%%%%%%%%%%%%%%%%%%%%%%%%%%%%%%%%%%%%%%%%%%%%%%%%%%%%%%%%%%%%%%%%%%%%%%
%KAPPA = 0.210000
%%%%%%%%%%%%%%%%%%%%%%%%%%%%%%%%%%%%%%%%%%%%%%%%%%%%%%%%%%%%%%%%%%%%%%%%%%%

601 	 2919.969237 	 2919.969237 	 8532173.872828 	 72999511664540.656250 
602 	 2913.488203 	 2913.488203 	 8492698.748470 	 72270954326191.828125 
603 	 2903.629961 	 2903.629961 	 8435730.701027 	 71318550426624.703125 
604 	 2897.106690 	 2897.106690 	 8397683.357041 	 70670115228782.203125 
605 	 2909.902663 	 2909.902663 	 8471960.974551 	 71923632870414.531250 
606 	 2893.994170 	 2893.994170 	 8379794.886912 	 70374272923750.796875 
607 	 2917.098655 	 2917.098655 	 8513541.317950 	 72618839721939.296875 
608 	 2910.417716 	 2910.417716 	 8475013.034500 	 71976391171848.343750 
609 	 2919.960852 	 2919.960852 	 8530171.555012 	 72899890154641.500000 
610 	 2906.753930 	 2906.753930 	 8454788.102302 	 71669986095037.093750 
611 	 2892.814705 	 2892.814705 	 8373162.762477 	 70269200784597.976562 
612 	 2898.302655 	 2898.302655 	 8403848.081826 	 70748909577368.984375 
613 	 2903.542032 	 2903.542032 	 8435158.395300 	 71306343645333.984375 
614 	 2890.294599 	 2890.294599 	 8359120.824104 	 70049973764341.070312 
615 	 2908.035904 	 2908.035904 	 8461631.143144 	 71766138668499.562500 
616 	 2896.024762 	 2896.024762 	 8392710.817300 	 70631335010078.421875 
617 	 2905.466075 	 2905.466075 	 8446694.857641 	 71512622699166.171875 
618 	 2895.768539 	 2895.768539 	 8390858.289298 	 70586236998692.250000 
619 	 2900.010810 	 2900.010810 	 8416055.613697 	 71031088245299.390625 
620 	 2907.439141 	 2907.439141 	 8457579.704297 	 71676620229297.968750 
621 	 2908.921239 	 2908.921239 	 8466250.803363 	 71826728559923.296875 
622 	 2909.366895 	 2909.366895 	 8468714.886071 	 71864605097076.250000 
623 	 2915.554103 	 2915.554103 	 8505191.316076 	 72498205126562.343750 
624 	 2897.553841 	 2897.553841 	 8400313.479007 	 70716354869192.687500 
625 	 2892.381623 	 2892.381623 	 8370601.113940 	 70225932365441.562500 
626 	 2909.039992 	 2909.039992 	 8466918.911755 	 71837956088782.093750 
627 	 2905.735639 	 2905.735639 	 8448004.594725 	 71527645476431.468750 
628 	 2896.317813 	 2896.317813 	 8393905.708521 	 70632313059610.734375 
629 	 2914.175803 	 2914.175803 	 8496499.282172 	 72328548290552.828125 
630 	 2894.118206 	 2894.118206 	 8381035.318997 	 70411426611694.609375 
631 	 2912.011986 	 2912.011986 	 8484160.228027 	 72128248150367.921875 
632 	 2898.909827 	 2898.909827 	 8409473.272260 	 70911985938801.500000 
633 	 2895.816122 	 2895.816122 	 8390745.220110 	 70572297622599.593750 
634 	 2899.480526 	 2899.480526 	 8412555.139771 	 70957076812896.984375 
635 	 2922.519601 	 2922.519601 	 8545971.563390 	 73198282835481.406250 
636 	 2900.632816 	 2900.632816 	 8418179.167119 	 71017662946146.062500 
637 	 2891.760203 	 2891.760203 	 8366889.067260 	 70158318453528.914062 
638 	 2912.499612 	 2912.499612 	 8487688.905291 	 72210641976080.953125 
639 	 2908.916375 	 2908.916375 	 8465670.917897 	 71798724457100.765625 
640 	 2893.381742 	 2893.381742 	 8375960.186073 	 70300805191749.125000 
641 	 2916.363722 	 2916.363722 	 8509689.464160 	 72567057411587.718750 
642 	 2915.494976 	 2915.494976 	 8503926.266685 	 72445955772782.484375 
643 	 2898.112206 	 2898.112206 	 8403467.670887 	 70765956910819.093750 
644 	 2907.114039 	 2907.114039 	 8457462.730493 	 71735351816868.796875 
645 	 2909.230201 	 2909.230201 	 8468542.682557 	 71883026105569.171875 
646 	 2916.478737 	 2916.478737 	 8510552.606064 	 72588445920451.562500 
647 	 2907.084089 	 2907.084089 	 8455337.730735 	 71634542243642.703125 
648 	 2908.584880 	 2908.584880 	 8464563.124010 	 71805841946347.343750 
649 	 2912.640818 	 2912.640818 	 8487920.287248 	 72195044280881.812500 
650 	 2898.787010 	 2898.787010 	 8407010.162896 	 70813531392495.359375 
651 	 2906.044094 	 2906.044094 	 8449154.403681 	 71524924797988.562500 
652 	 2897.667287 	 2897.667287 	 8401180.209260 	 70736816169311.140625 
653 	 2898.284539 	 2898.284539 	 8404535.090651 	 70786422777028.828125 
654 	 2905.020626 	 2905.020626 	 8443957.945960 	 71462483392813.953125 
655 	 2898.705501 	 2898.705501 	 8408561.069887 	 70906574015596.500000 
656 	 2899.569183 	 2899.569183 	 8412420.628902 	 70932400530060.421875 
657 	 2924.371254 	 2924.371254 	 8556220.755114 	 73354383699340.031250 
658 	 2893.431975 	 2893.431975 	 8375856.877218 	 70285781310810.242188 
659 	 2903.250378 	 2903.250378 	 8435718.885305 	 71389992672407.421875 
660 	 2906.620090 	 2906.620090 	 8454219.908453 	 71667248195024.968750 
661 	 2910.038423 	 2910.038423 	 8472850.083615 	 71942480779357.859375 
662 	 2884.155369 	 2884.155369 	 8323030.775845 	 69427175813935.093750 
663 	 2910.022941 	 2910.022941 	 8473074.048557 	 71956799853371.578125 
664 	 2912.251328 	 2912.251328 	 8486464.796289 	 72197180121934.437500 
665 	 2900.511076 	 2900.511076 	 8417866.933243 	 71025717885394.406250 
666 	 2902.057189 	 2902.057189 	 8427214.170171 	 71195089718636.250000 
667 	 2909.922830 	 2909.922830 	 8472804.241331 	 71962774653979.062500 
668 	 2897.660466 	 2897.660466 	 8401493.103356 	 70754023084553.968750 
669 	 2924.532059 	 2924.532059 	 8557170.194568 	 73371334970372.453125 
670 	 2906.738828 	 2906.738828 	 8453602.779449 	 71613550641588.390625 
671 	 2892.813114 	 2892.813114 	 8373135.833795 	 70268254388023.250000 
672 	 2903.873969 	 2903.873969 	 8437624.966767 	 71365777361888.500000 
673 	 2899.599600 	 2899.599600 	 8412433.877885 	 70928462504128.812500 
674 	 2908.139551 	 2908.139551 	 8462426.420263 	 71785418726869.203125 
675 	 2899.182894 	 2899.182894 	 8410496.483963 	 70910644119945.250000 
676 	 2907.667539 	 2907.667539 	 8459593.339662 	 71736777987688.562500 
677 	 2904.815769 	 2904.815769 	 8442282.937770 	 71417890401204.187500 
678 	 2913.661537 	 2913.661537 	 8493309.307275 	 72268398791550.046875 
679 	 2889.398943 	 2889.398943 	 8353108.567960 	 69923918258540.304688 
680 	 2899.865702 	 2899.865702 	 8413353.894953 	 70923444533094.468750 
681 	 2891.330603 	 2891.330603 	 8364209.019123 	 70107939236034.812500 
682 	 2893.719379 	 2893.719379 	 8378234.111536 	 70349968899621.210938 
683 	 2903.419311 	 2903.419311 	 8436225.093167 	 71385632361731.843750 
684 	 2918.976807 	 2918.976807 	 8525044.872742 	 72833238964036.531250 
685 	 2899.515966 	 2899.515966 	 8411591.629948 	 70902415579966.671875 
686 	 2899.602791 	 2899.602791 	 8413719.564733 	 70991778528382.921875 
687 	 2895.713546 	 2895.713546 	 8389715.079291 	 70539292950952.343750 
688 	 2900.842965 	 2900.842965 	 8420594.303355 	 71097618964139.625000 
689 	 2891.332396 	 2891.332396 	 8364642.810523 	 70128263553292.734375 
690 	 2897.276786 	 2897.276786 	 8399406.557888 	 70723331683131.281250 
691 	 2914.067133 	 2914.067133 	 8496491.473753 	 72349298510570.109375 
692 	 2898.668044 	 2898.668044 	 8406509.176531 	 70811122548354.875000 
693 	 2904.126737 	 2904.126737 	 8439975.181073 	 71432996944465.609375 
694 	 2909.190406 	 2909.190406 	 8468277.859007 	 71876916789853.281250 
695 	 2901.990667 	 2901.990667 	 8425210.396667 	 71107674984185.625000 
696 	 2912.822421 	 2912.822421 	 8489119.835376 	 72220088143201.812500 
697 	 2895.288506 	 2895.288506 	 8388193.716309 	 70543581136783.671875 
698 	 2918.617284 	 2918.617284 	 8523319.354090 	 72817261344856.125000 
699 	 2914.053800 	 2914.053800 	 8495730.096531 	 72313821654578.625000 
700 	 2903.005025 	 2903.005025 	 8432006.037975 	 71252211032247.093750 

%ACCRATE = 0.877920

%%%%%%%%%%%%%%%%%%%%%%%%%%%%%%%%%%%%%%%%%%%%%%%%%%%%%%%%%%%%%%%%%%%%%%%%%%%
%KAPPA = 0.220000
%%%%%%%%%%%%%%%%%%%%%%%%%%%%%%%%%%%%%%%%%%%%%%%%%%%%%%%%%%%%%%%%%%%%%%%%%%%

701 	 3180.158123 	 3180.158123 	 10116674.248568 	 102478672644918.562500 
702 	 3196.011062 	 3196.011062 	 10218165.854114 	 104560362688472.718750 
703 	 3188.693221 	 3188.693221 	 10170851.767485 	 103571629780613.859375 
704 	 3195.524539 	 3195.524539 	 10214345.638376 	 104453768654727.046875 
705 	 3190.577404 	 3190.577404 	 10182858.135161 	 103815362406543.031250 
706 	 3188.921969 	 3188.921969 	 10172339.165986 	 103602762099324.984375 
707 	 3193.604182 	 3193.604182 	 10202308.861740 	 104217805282283.640625 
708 	 3200.540432 	 3200.540432 	 10247023.446803 	 105147637429879.734375 
709 	 3191.799514 	 3191.799514 	 10190462.774155 	 103962443883137.718750 
710 	 3190.426072 	 3190.426072 	 10181982.402323 	 103801580445895.171875 
711 	 3197.935651 	 3197.935651 	 10229917.767889 	 104779070804122.984375 
712 	 3186.618109 	 3186.618109 	 10157672.286696 	 103305300821596.734375 
713 	 3189.995134 	 3189.995134 	 10179233.881404 	 103745628936524.031250 
714 	 3187.218201 	 3187.218201 	 10161296.866377 	 103371296642376.234375 
715 	 3191.276260 	 3191.276260 	 10187365.783248 	 103909471525443.328125 
716 	 3198.122138 	 3198.122138 	 10231243.446657 	 104811584953297.171875 
717 	 3187.433685 	 3187.433685 	 10162777.049443 	 103405628797783.718750 
718 	 3199.976754 	 3199.976754 	 10242786.262599 	 105035146537693.250000 
719 	 3197.923576 	 3197.923576 	 10230030.560117 	 104788428719411.546875 
720 	 3192.367815 	 3192.367815 	 10193863.989293 	 104022916671730.046875 
721 	 3182.944337 	 3182.944337 	 10133749.515142 	 102798507814897.421875 
722 	 3205.079240 	 3205.079240 	 10275344.078817 	 105698283069755.078125 
723 	 3192.548366 	 3192.548366 	 10195128.748558 	 104053317875592.125000 
724 	 3185.011723 	 3185.011723 	 10147085.300063 	 103076289996751.046875 
725 	 3185.742623 	 3185.742623 	 10151850.526148 	 103177407940118.906250 
726 	 3195.640198 	 3195.640198 	 10214778.675794 	 104450206768635.375000 
727 	 3179.341535 	 3179.341535 	 10111561.668859 	 102378712227386.921875 
728 	 3206.566339 	 3206.566339 	 10284891.634144 	 105894773671207.843750 
729 	 3194.828519 	 3194.828519 	 10210550.888948 	 104402958422130.093750 
730 	 3176.875276 	 3176.875276 	 10095817.170153 	 102058388881337.250000 
731 	 3184.765486 	 3184.765486 	 10146181.557925 	 103084872735727.234375 
732 	 3185.645871 	 3185.645871 	 10151372.426164 	 103172936179530.062500 
733 	 3196.892710 	 3196.892710 	 10223293.194850 	 104644753839900.031250 
734 	 3194.130643 	 3194.130643 	 10205747.511170 	 104290949762784.921875 
735 	 3191.060126 	 3191.060126 	 10186276.867162 	 103898880983899.765625 
736 	 3196.480500 	 3196.480500 	 10220781.106411 	 104598849608070.140625 
737 	 3192.737568 	 3192.737568 	 10196911.111795 	 104111980110524.625000 
738 	 3189.818501 	 3189.818501 	 10177770.519732 	 103702087336217.859375 
739 	 3196.595676 	 3196.595676 	 10220924.755345 	 104577732173100.000000 
740 	 3199.741586 	 3199.741586 	 10241075.370519 	 104991164590884.171875 
741 	 3199.892234 	 3199.892234 	 10242173.452987 	 105019117629789.609375 
742 	 3190.235009 	 3190.235009 	 10180815.165268 	 103779992387798.453125 
743 	 3197.261453 	 3197.261453 	 10225949.391652 	 104711005655572.468750 
744 	 3195.124597 	 3195.124597 	 10212011.135858 	 104414995477703.312500 
745 	 3182.559153 	 3182.559153 	 10132324.347109 	 102811910412453.609375 
746 	 3197.959890 	 3197.959890 	 10229759.541454 	 104763178216444.640625 
747 	 3186.148731 	 3186.148731 	 10154705.184058 	 103246192632384.406250 
748 	 3193.216468 	 3193.216468 	 10200430.721829 	 104203242220068.625000 
749 	 3193.327299 	 3193.327299 	 10200874.323657 	 104201254027157.562500 
750 	 3185.922584 	 3185.922584 	 10153030.764790 	 103202894604472.937500 
751 	 3203.083204 	 3203.083204 	 10262506.932276 	 105432195995472.234375 
752 	 3197.679268 	 3197.679268 	 10228535.685844 	 104760620679825.593750 
753 	 3180.777808 	 3180.777808 	 10120789.138221 	 102569351190192.718750 
754 	 3195.894487 	 3195.894487 	 10217039.190957 	 104521896740308.078125 
755 	 3205.752783 	 3205.752783 	 10279406.199273 	 105770847048360.734375 
756 	 3190.123560 	 3190.123560 	 10180206.690855 	 103771345854348.562500 
757 	 3189.260432 	 3189.260432 	 10174409.317465 	 103641585672718.937500 
758 	 3190.445701 	 3190.445701 	 10181732.432524 	 103780990051038.781250 
759 	 3194.951683 	 3194.951683 	 10211033.785784 	 104400320540432.718750 
760 	 3190.272744 	 3190.272744 	 10180637.290347 	 103759381035985.359375 
761 	 3198.222804 	 3198.222804 	 10231807.324346 	 104819752183554.296875 
762 	 3187.013467 	 3187.013467 	 10160342.412526 	 103365826379829.906250 
763 	 3196.187703 	 3196.187703 	 10218509.757333 	 104535710521076.375000 
764 	 3181.365442 	 3181.365442 	 10124147.305629 	 102622117634416.140625 
765 	 3197.664551 	 3197.664551 	 10228185.434717 	 104743524081777.531250 
766 	 3185.862406 	 3185.862406 	 10152928.307737 	 103211808170201.859375 
767 	 3184.935963 	 3184.935963 	 10146725.934267 	 103074192296440.937500 
768 	 3187.238198 	 3187.238198 	 10161324.081922 	 103367587035240.953125 
769 	 3195.631577 	 3195.631577 	 10215076.364252 	 104470800221521.750000 
770 	 3183.442150 	 3183.442150 	 10137308.575597 	 102887202239252.546875 
771 	 3192.096880 	 3192.096880 	 10192747.267020 	 104025085179900.984375 
772 	 3188.343503 	 3188.343503 	 10168345.178629 	 103509429535684.015625 
773 	 3204.102275 	 3204.102275 	 10269136.745430 	 105572705685371.703125 
774 	 3196.584317 	 3196.584317 	 10221009.948139 	 104585620987856.015625 
775 	 3200.772536 	 3200.772536 	 10247815.871966 	 105135455723200.234375 
776 	 3190.610412 	 3190.610412 	 10183517.166229 	 103847163504527.203125 
777 	 3189.019323 	 3189.019323 	 10172748.704348 	 103602753486168.406250 
778 	 3183.705816 	 3183.705816 	 10139106.186225 	 102927743348704.390625 
779 	 3185.811693 	 3185.811693 	 10152370.505015 	 103190917306613.656250 
780 	 3196.334589 	 3196.334589 	 10219527.795843 	 104560097821418.593750 
781 	 3206.699580 	 3206.699580 	 10285985.673562 	 105926892301524.406250 
782 	 3189.694332 	 3189.694332 	 10176972.903130 	 103685448696149.906250 
783 	 3193.669466 	 3193.669466 	 10202544.109101 	 104214623189283.484375 
784 	 3183.370175 	 3183.370175 	 10136874.473892 	 102878703283842.015625 
785 	 3196.207811 	 3196.207811 	 10218733.002360 	 104544276452141.656250 
786 	 3187.225269 	 3187.225269 	 10161554.058290 	 103384984749019.921875 
787 	 3191.698685 	 3191.698685 	 10189858.743367 	 103951720205469.312500 
788 	 3188.643183 	 3188.643183 	 10170595.585069 	 103569116624220.781250 
789 	 3191.576533 	 3191.576533 	 10189516.831929 	 103962406674939.750000 
790 	 3193.205152 	 3193.205152 	 10199252.658462 	 104134661392165.296875 
791 	 3190.911325 	 3190.911325 	 10184578.818790 	 103833887006061.765625 
792 	 3182.787390 	 3182.787390 	 10133336.437519 	 102814224485823.234375 
793 	 3187.027042 	 3187.027042 	 10160487.610888 	 103371081581845.390625 
794 	 3191.017213 	 3191.017213 	 10185670.557364 	 103873205759725.750000 
795 	 3185.356030 	 3185.356030 	 10149806.637424 	 103152963313780.812500 
796 	 3186.480204 	 3186.480204 	 10157037.446104 	 103302568784694.265625 
797 	 3194.343712 	 3194.343712 	 10206462.384667 	 104279286799856.875000 
798 	 3203.494139 	 3203.494139 	 10265462.264153 	 105505923386483.781250 
799 	 3175.311151 	 3175.311151 	 10085521.662650 	 101835474215492.796875 
800 	 3191.236114 	 3191.236114 	 10187397.865671 	 103921554455666.609375 

%ACCRATE = 0.872600

%%%%%%%%%%%%%%%%%%%%%%%%%%%%%%%%%%%%%%%%%%%%%%%%%%%%%%%%%%%%%%%%%%%%%%%%%%%
%KAPPA = 0.230000
%%%%%%%%%%%%%%%%%%%%%%%%%%%%%%%%%%%%%%%%%%%%%%%%%%%%%%%%%%%%%%%%%%%%%%%%%%%

801 	 3407.358417 	 3407.358417 	 11612797.555138 	 134982282776615.343750 
802 	 3409.135305 	 3409.135305 	 11624540.217745 	 135238399439576.046875 
803 	 3401.805219 	 3401.805219 	 11574286.764926 	 134056986291078.046875 
804 	 3405.500424 	 3405.500424 	 11599559.632101 	 134648740784012.812500 
805 	 3409.077280 	 3409.077280 	 11624293.564096 	 135239558337063.750000 
806 	 3401.334964 	 3401.334964 	 11571518.977003 	 134012701628638.203125 
807 	 3410.544564 	 3410.544564 	 11633986.577149 	 135450532647514.687500 
808 	 3409.406371 	 3409.406371 	 11626169.267822 	 135266055078776.312500 
809 	 3415.192893 	 3415.192893 	 11665324.351611 	 136163072101973.687500 
810 	 3410.098194 	 3410.098194 	 11630804.116567 	 135369992880383.078125 
811 	 3413.909757 	 3413.909757 	 11656922.263416 	 135983581309959.421875 
812 	 3412.398365 	 3412.398365 	 11646526.927825 	 135737314175307.281250 
813 	 3418.146512 	 3418.146512 	 11685818.614307 	 136656123831030.234375 
814 	 3403.112116 	 3403.112116 	 11583105.166553 	 134257808522601.437500 
815 	 3410.308095 	 3410.308095 	 11632250.779436 	 135404420685843.875000 
816 	 3414.503253 	 3414.503253 	 11661007.368391 	 136080479344724.140625 
817 	 3407.300545 	 3407.300545 	 11611883.602824 	 134937635432317.546875 
818 	 3402.748407 	 3402.748407 	 11580982.944032 	 134225124217386.781250 
819 	 3406.660315 	 3406.660315 	 11607680.614141 	 134846938027210.921875 
820 	 3419.960435 	 3419.960435 	 11698589.052026 	 136971733599946.390625 
821 	 3411.554878 	 3411.554878 	 11640633.229056 	 135593962534990.546875 
822 	 3407.915463 	 3407.915463 	 11616196.040536 	 135043427999192.937500 
823 	 3399.809380 	 3399.809380 	 11560755.515283 	 133745964756107.250000 
824 	 3414.397174 	 3414.397174 	 11660220.210893 	 136059119386345.281250 
825 	 3418.007789 	 3418.007789 	 11684663.961889 	 136619469887443.546875 
826 	 3410.535286 	 3410.535286 	 11633988.359793 	 135453431374412.109375 
827 	 3400.548479 	 3400.548479 	 11566013.764311 	 133878094832979.125000 
828 	 3404.344637 	 3404.344637 	 11591440.137899 	 134448430263222.046875 
829 	 3408.958149 	 3408.958149 	 11622937.334267 	 135183038181670.937500 
830 	 3414.140726 	 3414.140726 	 11658413.659674 	 136014384714820.015625 
831 	 3411.465900 	 3411.465900 	 11640424.293248 	 135607203093807.484375 
832 	 3420.542704 	 3420.542704 	 11702088.183182 	 137031195277187.531250 
833 	 3413.110046 	 3413.110046 	 11651420.519137 	 135853569567577.421875 
834 	 3410.580130 	 3410.580130 	 11634423.385191 	 135469945744953.218750 
835 	 3406.749464 	 3406.749464 	 11608178.354653 	 134853040525025.750000 
836 	 3406.049528 	 3406.049528 	 11603348.935221 	 134738265023838.687500 
837 	 3407.942108 	 3407.942108 	 11616177.332885 	 135033437506691.046875 
838 	 3412.254049 	 3412.254049 	 11645652.233325 	 135722247052682.359375 
839 	 3400.231276 	 3400.231276 	 11563615.401938 	 133811662191760.843750 
840 	 3412.146624 	 3412.146624 	 11644967.015838 	 135708276426951.453125 
841 	 3411.661328 	 3411.661328 	 11642087.810184 	 135661578353001.359375 
842 	 3407.146714 	 3407.146714 	 11610733.147010 	 134905679381332.375000 
843 	 3407.743305 	 3407.743305 	 11614693.363236 	 134992766812552.765625 
844 	 3415.835978 	 3415.835978 	 11670340.687210 	 136308874722974.937500 
845 	 3406.346351 	 3406.346351 	 11605467.404583 	 134792138181371.281250 
846 	 3405.770724 	 3405.770724 	 11601375.740250 	 134689211119883.312500 
847 	 3410.460444 	 3410.460444 	 11633443.976203 	 135439358670381.500000 
848 	 3408.269140 	 3408.269140 	 11618870.003532 	 135117401429530.765625 
849 	 3416.654830 	 3416.654830 	 11675823.263214 	 136431754569142.156250 
850 	 3407.044201 	 3407.044201 	 11609889.844525 	 134879640314372.093750 
851 	 3409.889886 	 3409.889886 	 11629661.861776 	 135356411141499.421875 
852 	 3406.143273 	 3406.143273 	 11604184.546856 	 134766791597588.265625 
853 	 3415.284659 	 3415.284659 	 11666218.394381 	 136196117068008.906250 
854 	 3410.267326 	 3410.267326 	 11632191.916697 	 135413136142355.046875 
855 	 3402.955072 	 3402.955072 	 11582254.451932 	 134248112261394.187500 
856 	 3419.445314 	 3419.445314 	 11694573.083527 	 136854901191026.265625 
857 	 3413.535427 	 3413.535427 	 11654220.849132 	 135913823293026.781250 
858 	 3404.932214 	 3404.932214 	 11595758.843613 	 134563417075280.796875 
859 	 3406.328232 	 3406.328232 	 11605242.922096 	 134782318633398.468750 
860 	 3416.180835 	 3416.180835 	 11672325.284433 	 136338268712291.937500 
861 	 3410.147231 	 3410.147231 	 11631227.657418 	 135384065540758.796875 
862 	 3416.844603 	 3416.844603 	 11676875.726618 	 136444906684677.734375 
863 	 3414.237151 	 3414.237151 	 11658926.007918 	 136019574384404.953125 
864 	 3411.486314 	 3411.486314 	 11640137.356642 	 135580955929838.031250 
865 	 3408.835966 	 3408.835966 	 11622194.234464 	 135169748597563.796875 
866 	 3412.125258 	 3412.125258 	 11644674.211073 	 135695104918173.609375 
867 	 3403.260221 	 3403.260221 	 11584362.964728 	 134298473141104.078125 
868 	 3411.397824 	 3411.397824 	 11639428.111755 	 135559633894365.046875 
869 	 3415.699028 	 3415.699028 	 11669424.473545 	 136288103574945.406250 
870 	 3409.767397 	 3409.767397 	 11628554.938000 	 135317920310372.937500 
871 	 3407.354751 	 3407.354751 	 11612079.105232 	 134933741704497.375000 
872 	 3409.546728 	 3409.546728 	 11627516.663064 	 135315293679296.281250 
873 	 3411.140702 	 3411.140702 	 11638149.287906 	 135551693153663.218750 
874 	 3401.841282 	 3401.841282 	 11574589.796941 	 134066820374246.640625 
875 	 3408.528471 	 3408.528471 	 11620311.890128 	 135135805189696.593750 
876 	 3411.477020 	 3411.477020 	 11640205.450616 	 135588908174914.296875 
877 	 3412.388287 	 3412.388287 	 11646365.353962 	 135729465832027.750000 
878 	 3413.830711 	 3413.830711 	 11656571.802255 	 135984209876410.812500 
879 	 3408.984784 	 3408.984784 	 11623513.775341 	 135214476939461.296875 
880 	 3412.574118 	 3412.574118 	 11647648.179109 	 135760073798779.875000 
881 	 3398.745065 	 3398.745065 	 11553527.442855 	 133578920318048.968750 
882 	 3406.627068 	 3406.627068 	 11607276.263881 	 134829441027409.312500 
883 	 3410.559249 	 3410.559249 	 11634433.091530 	 135477119953962.218750 
884 	 3409.747884 	 3409.747884 	 11628243.689445 	 135302466607391.781250 
885 	 3413.182904 	 3413.182904 	 11652022.994194 	 135872071401767.562500 
886 	 3401.641341 	 3401.641341 	 11573358.892946 	 134043932133896.312500 
887 	 3403.947151 	 3403.947151 	 11589092.756379 	 134410718965955.328125 
888 	 3399.773241 	 3399.773241 	 11560660.968171 	 133750386387037.125000 
889 	 3403.763878 	 3403.763878 	 11587675.810870 	 134369712198410.109375 
890 	 3404.733677 	 3404.733677 	 11594173.194178 	 134515992249836.765625 
891 	 3402.315758 	 3402.315758 	 11577862.425765 	 134144602370676.265625 
892 	 3408.811406 	 3408.811406 	 11622145.083265 	 135174072825292.234375 
893 	 3404.428079 	 3404.428079 	 11592474.226032 	 134493740898622.015625 
894 	 3411.699554 	 3411.699554 	 11641848.920322 	 135632935504306.859375 
895 	 3403.783296 	 3403.783296 	 11588154.701829 	 134397289768118.359375 
896 	 3409.521890 	 3409.521890 	 11626652.026286 	 135263382026495.781250 
897 	 3407.460222 	 3407.460222 	 11613037.139224 	 134967127954084.375000 
898 	 3406.820186 	 3406.820186 	 11608544.980085 	 134856725786497.265625 
899 	 3414.356511 	 3414.356511 	 11659789.325658 	 136041923836425.046875 
900 	 3409.111721 	 3409.111721 	 11624080.338418 	 135213977772774.437500 

%ACCRATE = 0.866320
