%%%%%%%%%%%%%%%%%%%%%%%%%%%%%%%%%%%%%%%%%%%%%%%%%%%%%%%%%%%%%%%%%%%%%%%%%%%
%SIMULAZIONE D = 3, L = 10, V = 1000
%NUMERO DI MISURE PER OGNI KAPPA: T = 100
%%%%%%%%%%%%%%%%%%%%%%%%%%%%%%%%%%%%%%%%%%%%%%%%%%%%%%%%%%%%%%%%%%%%%%%%%%%

%%%%%%%%%%%%%%%%%%%%%%%%%%%%%%%%%%%%%%%%%%%%%%%%%%%%%%%%%%%%%%%%%%%%%%%%%%%
%KAPPA = 0.150000
%%%%%%%%%%%%%%%%%%%%%%%%%%%%%%%%%%%%%%%%%%%%%%%%%%%%%%%%%%%%%%%%%%%%%%%%%%%

1 	 -19.164055 	 54.715759 	 4601.552306 	 56437846.635496 
2 	 -0.704355 	 46.647345 	 3472.767264 	 38890332.621747 
3 	 15.165831 	 46.704038 	 3461.956645 	 35659974.032817 
4 	 -12.394404 	 51.349360 	 3935.626678 	 38495393.614172 
5 	 -2.962477 	 48.001103 	 3610.295189 	 37786004.163829 
6 	 -9.860832 	 48.304676 	 3744.408413 	 41155973.630239 
7 	 -2.642406 	 39.968934 	 2516.347275 	 18170397.499243 
8 	 -0.834155 	 46.655855 	 3422.954535 	 34697350.743166 
9 	 3.923683 	 53.642346 	 4437.524632 	 53214337.709844 
10 	 -4.640287 	 47.437184 	 3516.521374 	 34094879.305719 
11 	 9.765553 	 57.895569 	 4906.715300 	 58410405.149115 
12 	 -15.094838 	 51.499971 	 4155.870811 	 50179767.057495 
13 	 4.909817 	 53.771338 	 4447.106486 	 57476357.150711 
14 	 6.159513 	 53.386271 	 4310.101220 	 50954697.813301 
15 	 8.986288 	 51.731534 	 3869.863104 	 34191255.052711 
16 	 3.189598 	 44.327923 	 3169.542277 	 32851599.025402 
17 	 -4.233954 	 45.932130 	 3248.082947 	 30548543.110496 
18 	 -2.026696 	 43.402698 	 3188.490354 	 36456603.618689 
19 	 2.848263 	 51.565589 	 3907.105732 	 40279017.537600 
20 	 -6.588812 	 48.296158 	 3551.564757 	 33034779.477279 
21 	 -9.760589 	 52.421780 	 4360.302057 	 57432859.562226 
22 	 -7.649397 	 54.250223 	 4526.351355 	 58927420.905495 
23 	 6.327580 	 50.175526 	 3937.856018 	 43973326.980887 
24 	 -7.741948 	 42.391592 	 2660.691006 	 17624157.935754 
25 	 -1.188527 	 49.166314 	 3922.274159 	 48589731.116075 
26 	 -2.978075 	 43.536454 	 3145.710843 	 33934790.751693 
27 	 12.063712 	 44.059944 	 2854.419942 	 19665741.438807 
28 	 3.165072 	 49.070741 	 3621.276027 	 34446939.533676 
29 	 -6.722347 	 51.455630 	 4100.158370 	 50275447.264770 
30 	 -7.859544 	 41.675368 	 2681.830189 	 20104627.548641 
31 	 -1.880780 	 54.668876 	 4638.146685 	 60174884.157738 
32 	 8.189092 	 47.266410 	 3842.085675 	 52793773.420218 
33 	 -1.344487 	 53.464281 	 4408.727420 	 56634757.130901 
34 	 5.222340 	 51.179575 	 3951.844696 	 42091227.586431 
35 	 -25.615217 	 48.625886 	 3738.374761 	 41796937.004736 
36 	 5.139117 	 49.133000 	 3776.412418 	 47040438.581890 
37 	 0.334074 	 46.581041 	 3415.755799 	 34590846.139789 
38 	 17.517583 	 47.577575 	 3548.601609 	 36289153.912134 
39 	 2.436387 	 55.592506 	 4611.640437 	 53378404.382043 
40 	 0.238141 	 46.304384 	 3236.464567 	 26741198.835547 
41 	 13.167534 	 49.656676 	 3745.130103 	 35711658.795635 
42 	 32.339936 	 55.228104 	 4383.937491 	 44186299.737586 
43 	 -8.431877 	 55.818324 	 4440.505554 	 44720413.363429 
44 	 0.553938 	 46.022436 	 3150.648816 	 26164117.727649 
45 	 -1.345918 	 51.150023 	 4063.320756 	 46231665.960641 
46 	 9.675186 	 50.066926 	 4093.738913 	 54372276.385988 
47 	 5.425565 	 51.717653 	 4022.709775 	 42067430.860998 
48 	 -1.297564 	 46.936750 	 3490.173852 	 37161270.364320 
49 	 -14.354804 	 44.063783 	 3077.031709 	 30051520.760123 
50 	 19.604887 	 56.329414 	 4657.197584 	 53953189.703961 
51 	 -4.881066 	 48.797201 	 4051.427704 	 59880099.256376 
52 	 9.586825 	 51.511932 	 4265.605165 	 56820372.247514 
53 	 -4.373743 	 50.305524 	 3849.011608 	 37358633.269334 
54 	 21.050526 	 48.192363 	 3620.020173 	 36218645.178369 
55 	 2.990459 	 50.169404 	 3870.760523 	 41987785.016097 
56 	 11.952451 	 49.261280 	 3887.971098 	 44010195.886772 
57 	 -11.584735 	 55.087130 	 4924.500604 	 81462941.908542 
58 	 -14.543828 	 53.400613 	 4269.507463 	 46702887.062148 
59 	 -12.199182 	 48.088441 	 3703.139039 	 43652465.164109 
60 	 -5.017016 	 47.073393 	 3349.439590 	 35361749.266371 
61 	 -0.815305 	 54.014726 	 4375.558230 	 49184871.921867 
62 	 -3.357786 	 51.327516 	 3942.795372 	 45109425.550475 
63 	 -0.696525 	 48.668291 	 3636.472834 	 36897158.236009 
64 	 9.591537 	 41.406881 	 2700.395355 	 21164569.770379 
65 	 10.786854 	 48.715185 	 3662.793372 	 38059183.959634 
66 	 1.435921 	 56.843151 	 4803.192796 	 58029486.134516 
67 	 10.724098 	 47.915679 	 3773.054715 	 48656103.943660 
68 	 -3.878380 	 53.365356 	 4300.475984 	 49688438.913246 
69 	 14.777217 	 44.043584 	 3261.812607 	 37473904.902117 
70 	 -9.346309 	 55.321903 	 4685.745744 	 57391297.342390 
71 	 -12.297656 	 45.812248 	 3355.975387 	 32306673.402878 
72 	 12.320991 	 60.988446 	 5403.793354 	 69733002.218671 
73 	 -11.587240 	 47.096399 	 3292.788271 	 28427632.963831 
74 	 -12.786286 	 40.887821 	 2707.305263 	 21254051.550510 
75 	 8.604198 	 50.431330 	 4137.372309 	 64756277.282983 
76 	 -6.252303 	 47.959625 	 3442.022830 	 31688299.144793 
77 	 8.943534 	 43.780514 	 3271.108189 	 42060684.931220 
78 	 -5.632084 	 45.517957 	 3292.362171 	 31501243.891927 
79 	 -14.132468 	 54.904560 	 4798.057027 	 72432155.340224 
80 	 -2.823298 	 50.001201 	 4002.701620 	 50770602.051523 
81 	 5.724086 	 42.931978 	 2791.904123 	 20611787.697532 
82 	 -3.939213 	 38.972379 	 2387.076086 	 17498463.838287 
83 	 -18.495938 	 46.201799 	 3289.288551 	 28295559.179411 
84 	 1.829926 	 50.286833 	 3592.695165 	 28693826.956766 
85 	 2.101785 	 40.952967 	 2629.978318 	 20495947.255624 
86 	 5.518705 	 55.701505 	 4619.616985 	 52143219.338687 
87 	 0.025109 	 45.745230 	 3321.628878 	 36213714.769528 
88 	 -5.394140 	 44.124596 	 3030.072806 	 26325752.938505 
89 	 -1.230700 	 53.652810 	 4581.147000 	 65399786.098579 
90 	 4.702323 	 50.077493 	 3990.355759 	 48697136.700024 
91 	 -1.594817 	 57.319762 	 5068.028323 	 74446606.167186 
92 	 22.509879 	 53.902423 	 4877.585153 	 89226762.109143 
93 	 -17.194674 	 47.772400 	 3487.127392 	 32400575.388024 
94 	 -13.770112 	 50.595629 	 3945.663547 	 43409860.118509 
95 	 2.812288 	 51.064018 	 4211.604969 	 54035268.996350 
96 	 0.127063 	 44.911489 	 3056.715849 	 25688104.995624 
97 	 -1.377776 	 50.268372 	 3977.939196 	 50429911.322115 
98 	 12.029884 	 49.924723 	 3792.684952 	 38109165.281106 
99 	 12.972154 	 48.438380 	 3580.347058 	 33970896.363944 
100 	 -17.489344 	 51.231899 	 4000.558302 	 42241920.175833 

%ACCRATE = 0.902300

%%%%%%%%%%%%%%%%%%%%%%%%%%%%%%%%%%%%%%%%%%%%%%%%%%%%%%%%%%%%%%%%%%%%%%%%%%%
%KAPPA = 0.160000
%%%%%%%%%%%%%%%%%%%%%%%%%%%%%%%%%%%%%%%%%%%%%%%%%%%%%%%%%%%%%%%%%%%%%%%%%%%

101 	 -13.559680 	 61.701103 	 5977.434200 	 99806996.647297 
102 	 -1.938624 	 58.088350 	 5420.779505 	 84814379.897723 
103 	 -14.606072 	 57.744566 	 4858.199624 	 58217110.439951 
104 	 -13.580214 	 55.915374 	 4615.730313 	 50535446.666876 
105 	 -10.198635 	 63.936418 	 6324.179441 	 113806697.423176 
106 	 7.394865 	 54.710718 	 4672.042371 	 63279482.253858 
107 	 -11.365176 	 51.077242 	 3974.066206 	 44583286.970323 
108 	 -16.222874 	 60.530674 	 5360.072118 	 66973287.558748 
109 	 -1.092365 	 58.099939 	 5818.571406 	 136266169.871100 
110 	 -19.922406 	 67.227466 	 7142.284670 	 151812937.923474 
111 	 13.168592 	 51.009184 	 4089.317700 	 46715562.044353 
112 	 -29.362052 	 65.271519 	 6236.188999 	 101009689.564793 
113 	 -5.708442 	 61.500815 	 5530.826255 	 70703273.567808 
114 	 -6.919804 	 51.015575 	 3736.928605 	 33369803.512237 
115 	 5.473567 	 61.344221 	 5880.084520 	 101038063.739752 
116 	 0.389710 	 52.110050 	 4400.244568 	 58840371.707124 
117 	 -39.940761 	 75.020451 	 8718.139658 	 219685561.420275 
118 	 -3.559754 	 59.212889 	 5100.782418 	 62623166.743837 
119 	 8.337121 	 49.433487 	 3761.215461 	 38600058.842875 
120 	 -13.967016 	 52.306556 	 4411.954650 	 59007329.713590 
121 	 16.974424 	 62.181358 	 6318.277829 	 139657313.826594 
122 	 -13.476355 	 52.690719 	 4383.641180 	 54783641.722464 
123 	 21.011123 	 63.645810 	 6334.562140 	 117155942.347245 
124 	 -20.339001 	 68.141171 	 6998.246182 	 128889640.617190 
125 	 9.211915 	 52.420278 	 4305.074113 	 53034802.539749 
126 	 18.027659 	 63.777764 	 6290.690435 	 103865611.042001 
127 	 -7.099736 	 50.983252 	 3978.816407 	 42477561.028475 
128 	 -12.208794 	 72.292704 	 8227.337725 	 208972805.520602 
129 	 -14.973153 	 69.963488 	 7205.205512 	 126611635.038090 
130 	 21.507728 	 52.875785 	 4777.183380 	 88783291.625093 
131 	 -0.216214 	 49.101451 	 3840.400421 	 42093608.240274 
132 	 -21.165261 	 51.635380 	 3959.162300 	 42320457.581484 
133 	 16.112744 	 58.124989 	 5040.330460 	 67966619.390617 
134 	 5.252275 	 55.644331 	 4575.411131 	 54168400.176069 
135 	 -9.075103 	 63.209318 	 6064.099926 	 95172229.299973 
136 	 11.899200 	 55.378358 	 5130.227916 	 104313097.328347 
137 	 -3.534060 	 56.249261 	 5085.821424 	 89090044.989756 
138 	 -8.666035 	 72.396999 	 7678.700727 	 138783086.021101 
139 	 21.508578 	 52.282177 	 4212.636332 	 52425753.968914 
140 	 27.196290 	 57.157691 	 5795.644527 	 146188651.210850 
141 	 3.647885 	 60.554774 	 5549.877783 	 94303298.838604 
142 	 -22.546414 	 66.387000 	 6342.584944 	 96173701.949835 
143 	 7.812765 	 56.802333 	 5175.963874 	 82247235.372922 
144 	 24.041547 	 57.452758 	 5115.862777 	 72476215.847763 
145 	 -5.881874 	 58.867023 	 5445.256286 	 85366452.528550 
146 	 -33.313004 	 58.380426 	 5004.002197 	 59377157.514994 
147 	 23.262802 	 68.175092 	 7467.164515 	 178513171.663177 
148 	 16.581024 	 62.205948 	 6140.414396 	 112590665.502509 
149 	 -11.503110 	 57.121120 	 4926.598471 	 63025651.224661 
150 	 20.445281 	 58.907388 	 5500.136477 	 96125982.622605 
151 	 18.603227 	 55.001998 	 4713.713063 	 61539609.304876 
152 	 -20.605433 	 68.674179 	 7318.788191 	 155718341.275002 
153 	 14.826587 	 65.709346 	 7056.716778 	 162541128.020577 
154 	 10.466774 	 61.113727 	 5788.381736 	 94925541.192165 
155 	 4.832223 	 68.355743 	 6803.475849 	 106541709.919458 
156 	 -10.572168 	 61.089273 	 6082.448295 	 104211330.478566 
157 	 -27.826936 	 59.442580 	 5293.287389 	 71400529.858884 
158 	 -10.918667 	 52.555235 	 4582.563523 	 71156136.693450 
159 	 10.550891 	 59.726022 	 5524.119425 	 83844208.501048 
160 	 -20.453756 	 55.446557 	 4762.619407 	 65151626.188921 
161 	 -6.313066 	 56.311476 	 5423.608289 	 106842635.653418 
162 	 26.112798 	 66.458993 	 6482.626415 	 96704997.655457 
163 	 -6.082725 	 62.682177 	 6025.934307 	 99593309.230572 
164 	 -3.221313 	 50.539653 	 3962.706284 	 46452656.658768 
165 	 -10.176918 	 61.438348 	 6048.932600 	 110357732.937460 
166 	 26.383908 	 56.552111 	 4942.760132 	 65744554.698349 
167 	 -1.401400 	 58.993964 	 5396.683092 	 80330061.320887 
168 	 7.779319 	 59.969725 	 5402.891278 	 74358627.471843 
169 	 -15.899677 	 56.168931 	 5004.659077 	 78795837.703967 
170 	 -14.992128 	 51.435467 	 3981.736818 	 41127149.014179 
171 	 -14.343194 	 61.778720 	 5953.468195 	 95191836.368616 
172 	 -15.687499 	 54.989938 	 4574.319109 	 56710418.896339 
173 	 9.334301 	 57.112643 	 5059.812790 	 74578904.358305 
174 	 30.002688 	 53.939550 	 5102.399395 	 106262189.107070 
175 	 8.538777 	 69.393208 	 7209.454240 	 137821453.601580 
176 	 9.381091 	 56.735612 	 4977.079790 	 66900906.696836 
177 	 -20.460555 	 60.901393 	 5748.853353 	 91602613.291258 
178 	 -5.813156 	 49.801384 	 4028.489562 	 51978993.411556 
179 	 -3.202639 	 63.249950 	 6181.297385 	 99106365.846842 
180 	 -25.550524 	 57.858316 	 5417.750832 	 90866561.705829 
181 	 24.600389 	 56.484209 	 4819.962231 	 63887057.305773 
182 	 -3.914574 	 72.212947 	 7482.622054 	 129127790.677468 
183 	 5.755851 	 59.932471 	 5917.039507 	 108427847.485270 
184 	 2.211235 	 61.498737 	 5842.245406 	 96612554.265347 
185 	 -7.869168 	 47.815538 	 3674.514762 	 42459868.498854 
186 	 3.435251 	 62.908735 	 6065.257035 	 100731926.944911 
187 	 16.415570 	 56.066057 	 4544.666137 	 50191885.325757 
188 	 31.876556 	 52.154146 	 4291.794472 	 60542915.387359 
189 	 3.164865 	 49.309693 	 3907.968781 	 45062301.923192 
190 	 8.340191 	 62.886480 	 6354.434882 	 128303819.885193 
191 	 -8.588452 	 59.236911 	 5307.058860 	 69529315.000877 
192 	 9.375348 	 58.538170 	 5260.282150 	 78703555.346628 
193 	 -14.407091 	 60.348564 	 5563.377506 	 87119792.318490 
194 	 10.305561 	 56.751207 	 4912.986190 	 64825865.381903 
195 	 -1.261078 	 52.895923 	 4226.506819 	 45984072.962515 
196 	 19.749019 	 56.182583 	 4864.377917 	 69383804.073606 
197 	 4.086101 	 70.109007 	 7419.123597 	 149958908.535666 
198 	 17.947775 	 58.616873 	 4966.648209 	 61847614.204685 
199 	 1.342967 	 64.920943 	 6409.410548 	 107826824.238696 
200 	 -4.179998 	 50.974757 	 4143.753657 	 53414063.936031 

%ACCRATE = 0.900860

%%%%%%%%%%%%%%%%%%%%%%%%%%%%%%%%%%%%%%%%%%%%%%%%%%%%%%%%%%%%%%%%%%%%%%%%%%%
%KAPPA = 0.170000
%%%%%%%%%%%%%%%%%%%%%%%%%%%%%%%%%%%%%%%%%%%%%%%%%%%%%%%%%%%%%%%%%%%%%%%%%%%

201 	 -17.097646 	 82.595971 	 11620.802881 	 530454965.067886 
202 	 -14.580748 	 81.161258 	 9902.924040 	 239904124.981852 
203 	 -18.455071 	 86.427373 	 10296.857300 	 220780017.642869 
204 	 11.625705 	 57.125500 	 5306.995153 	 94055084.328420 
205 	 -15.437912 	 86.494990 	 12169.493359 	 509175120.861005 
206 	 -10.665038 	 78.444082 	 9075.418382 	 190420964.897867 
207 	 -15.543881 	 83.692822 	 11214.650409 	 372345349.829300 
208 	 0.737084 	 62.772052 	 6287.026285 	 132999377.980466 
209 	 -15.375857 	 72.486482 	 8291.815573 	 191931970.515168 
210 	 -41.226949 	 85.575084 	 10206.555290 	 226582916.994839 
211 	 -35.339314 	 84.955827 	 10346.177215 	 256459428.871591 
212 	 24.592644 	 74.180073 	 8365.476556 	 192226235.164095 
213 	 -8.812758 	 69.909480 	 7106.188419 	 121024314.335472 
214 	 -11.010033 	 60.143938 	 5424.384023 	 76456430.271179 
215 	 -24.211416 	 59.052328 	 5663.374156 	 91228162.052320 
216 	 -1.713746 	 97.318972 	 13945.103978 	 471316970.573850 
217 	 -17.220451 	 103.702817 	 16009.375507 	 629471596.519683 
218 	 6.756722 	 75.949935 	 8744.030185 	 203622213.344921 
219 	 -42.793346 	 97.146780 	 14096.448182 	 537133386.895129 
220 	 -14.545895 	 85.950473 	 10219.729671 	 222527659.465961 
221 	 13.560539 	 69.426071 	 8448.162277 	 265810752.397511 
222 	 -1.612751 	 80.679663 	 10264.585736 	 285797165.337429 
223 	 2.304350 	 97.068590 	 12976.491696 	 342019929.584402 
224 	 -7.074077 	 70.045863 	 8026.706091 	 213658596.590934 
225 	 -47.462500 	 94.263676 	 12992.443981 	 400428106.233062 
226 	 -16.254869 	 66.088208 	 7437.865061 	 209181650.451741 
227 	 -49.089136 	 78.297938 	 9061.698483 	 197533998.537737 
228 	 3.922714 	 77.503603 	 9711.449704 	 279585664.044211 
229 	 13.584606 	 96.610947 	 13828.759399 	 466361525.449335 
230 	 29.149226 	 78.059376 	 9100.659132 	 217619259.624455 
231 	 -68.703448 	 87.315498 	 13424.815116 	 645746024.198785 
232 	 -35.183513 	 97.166904 	 12535.141235 	 298841086.575290 
233 	 21.604034 	 53.662875 	 4707.608981 	 73765024.531413 
234 	 -19.816678 	 89.365808 	 12539.799038 	 435782663.280819 
235 	 16.069677 	 80.056168 	 10524.769924 	 367459130.818031 
236 	 -5.388216 	 65.433291 	 6373.091443 	 99802896.037030 
237 	 24.718269 	 65.294515 	 7417.928501 	 212768443.035606 
238 	 -33.386813 	 74.035848 	 8195.735569 	 177366367.619665 
239 	 -26.923058 	 81.691455 	 10839.971841 	 362014635.596317 
240 	 -10.994966 	 82.259322 	 10571.510996 	 309300868.586603 
241 	 12.914496 	 84.835355 	 13168.248997 	 598184746.363884 
242 	 -17.911531 	 97.934986 	 13693.470511 	 445726457.971227 
243 	 -32.891075 	 76.734971 	 9450.449807 	 287869838.388466 
244 	 21.629246 	 102.391286 	 14850.186522 	 456126070.737574 
245 	 -12.450109 	 55.664794 	 4920.912538 	 69780924.964250 
246 	 7.247863 	 75.196621 	 8570.620559 	 192585094.401418 
247 	 23.405898 	 93.118314 	 13005.947214 	 443432434.865702 
248 	 -26.321530 	 84.021185 	 10673.018589 	 296311351.555948 
249 	 -8.581396 	 72.910944 	 7763.507697 	 139243630.025521 
250 	 0.034544 	 78.865093 	 9064.721140 	 190160604.399456 
251 	 50.676771 	 100.586592 	 16022.856311 	 704626829.903988 
252 	 -51.520869 	 88.149526 	 12028.828043 	 382152491.126857 
253 	 -10.557574 	 84.744152 	 11296.239079 	 365270644.121011 
254 	 14.364684 	 67.588119 	 7375.681510 	 170671969.199758 
255 	 -11.150560 	 59.319062 	 5508.988356 	 93438062.995758 
256 	 -13.510895 	 80.110320 	 9641.002545 	 264892001.097175 
257 	 11.523020 	 78.019607 	 9324.227241 	 220021882.491419 
258 	 -41.879931 	 70.053413 	 7839.950757 	 185836081.169708 
259 	 14.406538 	 76.437723 	 9509.987406 	 311302127.067752 
260 	 -3.882411 	 62.594840 	 6018.346446 	 103697410.173640 
261 	 5.906441 	 93.636723 	 12451.566517 	 338915985.741578 
262 	 -72.771275 	 91.446686 	 12913.600867 	 466204593.369986 
263 	 23.123312 	 75.917940 	 8659.692506 	 200469367.273637 
264 	 -39.830633 	 86.153123 	 10351.177106 	 220757279.714072 
265 	 11.984713 	 68.221478 	 6661.430955 	 106489745.439066 
266 	 -14.841777 	 82.582577 	 10614.299334 	 325887241.046300 
267 	 -3.915733 	 76.808218 	 8896.253465 	 200091657.449113 
268 	 -45.520623 	 83.768323 	 10369.360960 	 267357088.349390 
269 	 -5.783013 	 96.447002 	 14261.799333 	 512261846.168725 
270 	 0.928009 	 64.684376 	 6615.491484 	 130634516.106957 
271 	 -83.590026 	 105.868076 	 14883.972658 	 430486386.287698 
272 	 -53.055411 	 110.496560 	 18137.162281 	 780471821.645209 
273 	 -0.814052 	 109.639977 	 17891.278521 	 825420421.972052 
274 	 -17.480009 	 63.660310 	 6375.227613 	 120230187.108191 
275 	 -16.139104 	 84.174097 	 10427.413693 	 261117647.686518 
276 	 -35.383813 	 112.544602 	 17561.226606 	 681776745.132265 
277 	 -22.640660 	 89.609521 	 11301.405121 	 285253433.068911 
278 	 -6.706009 	 61.123601 	 5954.420934 	 105867406.586249 
279 	 33.988476 	 68.167225 	 7167.961197 	 139594073.976316 
280 	 12.049537 	 76.420818 	 8792.765107 	 208901809.922075 
281 	 -33.156459 	 79.243667 	 10340.666530 	 350308526.141060 
282 	 26.180106 	 77.682250 	 9629.366781 	 275615791.324659 
283 	 -33.109730 	 78.845731 	 9260.613083 	 199282065.061180 
284 	 -7.682974 	 65.061713 	 6790.365289 	 169344875.558891 
285 	 -3.943933 	 84.470442 	 10231.737840 	 226562131.177331 
286 	 9.010130 	 75.706626 	 8978.637653 	 235605940.798369 
287 	 58.000810 	 80.435466 	 10202.851783 	 286190189.497908 
288 	 17.987841 	 80.995307 	 9005.106256 	 166718455.393832 
289 	 -36.542853 	 80.580936 	 10066.735738 	 260147978.551286 
290 	 24.181343 	 72.150310 	 8603.558468 	 233573453.001404 
291 	 -14.782778 	 79.589557 	 9825.826167 	 262743239.277273 
292 	 22.979773 	 88.014954 	 10962.395738 	 261323402.031864 
293 	 44.852070 	 85.027882 	 10519.327000 	 257850555.044021 
294 	 -54.639027 	 89.272077 	 11966.798198 	 402568503.573402 
295 	 37.574171 	 98.041736 	 13698.631582 	 408925832.202333 
296 	 6.561089 	 59.844682 	 5852.891012 	 119091032.863564 
297 	 24.957526 	 85.230772 	 10302.620862 	 240390070.176255 
298 	 5.574327 	 75.600128 	 8720.740798 	 213753000.432196 
299 	 38.610000 	 84.248535 	 10228.526765 	 236791885.325138 
300 	 -6.833793 	 72.267840 	 7391.257105 	 119273086.332449 

%ACCRATE = 0.898900

%%%%%%%%%%%%%%%%%%%%%%%%%%%%%%%%%%%%%%%%%%%%%%%%%%%%%%%%%%%%%%%%%%%%%%%%%%%
%KAPPA = 0.180000
%%%%%%%%%%%%%%%%%%%%%%%%%%%%%%%%%%%%%%%%%%%%%%%%%%%%%%%%%%%%%%%%%%%%%%%%%%%

301 	 -28.295194 	 148.340347 	 33549.369335 	 2979156362.143072 
302 	 23.728398 	 70.591803 	 8345.972660 	 213186390.700028 
303 	 97.908622 	 164.958595 	 37626.342198 	 3082764041.580970 
304 	 -59.719623 	 137.475362 	 27836.079378 	 1702533764.866047 
305 	 37.293125 	 116.555136 	 22065.912665 	 1868280372.260691 
306 	 -4.967798 	 139.520041 	 29381.912275 	 2614227396.310545 
307 	 -9.150639 	 115.814628 	 19208.216679 	 859907580.151343 
308 	 -95.431667 	 155.702301 	 34450.435890 	 2417248884.467518 
309 	 -22.200185 	 137.227850 	 26051.043543 	 1352094693.869949 
310 	 36.351471 	 165.315769 	 38456.636041 	 3172918714.847730 
311 	 26.828793 	 184.039933 	 45296.762660 	 3992578079.250669 
312 	 -112.680700 	 174.317142 	 43108.083872 	 3951465020.634214 
313 	 28.370432 	 121.879481 	 23065.826783 	 1394242126.871955 
314 	 45.001487 	 140.837560 	 28040.696166 	 1624632299.666791 
315 	 -74.454988 	 134.026123 	 24852.776770 	 1328194700.032964 
316 	 -4.952202 	 125.619754 	 24235.113043 	 1430883451.215908 
317 	 -11.420254 	 98.386989 	 15432.661588 	 644325156.048832 
318 	 43.396156 	 103.123974 	 15319.907648 	 529895541.509763 
319 	 8.241143 	 149.481027 	 30158.782832 	 1858460893.795274 
320 	 -59.482986 	 126.905080 	 21869.423980 	 955972601.001553 
321 	 -98.555353 	 171.126162 	 38588.597259 	 2689926224.188878 
322 	 69.333667 	 135.298143 	 24665.481075 	 1328731204.682709 
323 	 44.718218 	 119.022868 	 18819.796627 	 740737259.896984 
324 	 -73.452445 	 162.560009 	 33960.289792 	 2210790566.800279 
325 	 133.710737 	 155.945941 	 31617.390070 	 2038848135.941884 
326 	 8.080812 	 144.489310 	 26847.703849 	 1439761513.402215 
327 	 -9.732497 	 108.205821 	 16447.439262 	 575350188.525934 
328 	 -1.400660 	 130.774516 	 23725.474810 	 1207039932.771432 
329 	 -61.801581 	 92.234103 	 13236.471551 	 501796602.979081 
330 	 45.211725 	 136.060915 	 26971.997428 	 1652157013.123055 
331 	 -43.397221 	 113.586644 	 20938.105747 	 1244889871.986878 
332 	 95.669109 	 178.875398 	 44512.170163 	 4217918042.604477 
333 	 36.963161 	 113.333461 	 19740.210780 	 1064659539.453223 
334 	 -81.189844 	 171.161614 	 40873.475270 	 3285024921.789336 
335 	 89.006023 	 129.079341 	 24319.147413 	 1403584663.899689 
336 	 109.443242 	 144.133669 	 29172.069539 	 1858676239.194895 
337 	 9.310389 	 111.469368 	 17753.676366 	 691212843.711248 
338 	 25.171957 	 140.499313 	 27705.389652 	 1536464013.139959 
339 	 -51.673800 	 127.989840 	 25217.121431 	 1576592660.577629 
340 	 -77.184897 	 133.000957 	 24819.582513 	 1313400076.349596 
341 	 49.795107 	 117.692548 	 23256.908183 	 1591883729.540813 
342 	 37.876708 	 102.768990 	 17003.096457 	 852855923.400936 
343 	 -6.046360 	 86.136938 	 12137.895189 	 404647964.736426 
344 	 -54.072752 	 143.895030 	 29599.001356 	 1915750556.290548 
345 	 32.041311 	 126.223675 	 24561.319973 	 1795771653.540937 
346 	 -78.715723 	 150.319582 	 39466.747168 	 4873229598.542030 
347 	 -11.145380 	 100.810625 	 15326.408611 	 682281807.114999 
348 	 91.534982 	 107.624297 	 16000.228287 	 515374186.806716 
349 	 109.008084 	 121.753429 	 20841.701263 	 904018987.234634 
350 	 77.648526 	 125.392250 	 22925.642843 	 1229101649.805437 
351 	 -69.719492 	 154.673355 	 34656.638817 	 2567742250.684395 
352 	 -103.641148 	 178.842831 	 40471.046324 	 2983381392.478707 
353 	 42.889207 	 127.462820 	 23879.020607 	 1394406908.379410 
354 	 12.624576 	 147.798310 	 31550.605967 	 2296979111.266386 
355 	 38.544037 	 166.519920 	 35993.372938 	 2365533083.458464 
356 	 -92.429704 	 153.091823 	 34217.745967 	 2778563114.841524 
357 	 -21.551153 	 129.998039 	 23563.376561 	 1230339529.241955 
358 	 85.692827 	 118.637188 	 23330.126024 	 1662954055.292147 
359 	 97.337614 	 171.750178 	 37271.593157 	 2406433455.926603 
360 	 101.180293 	 124.095723 	 21858.216981 	 1064203418.005448 
361 	 117.118170 	 148.089880 	 27596.568624 	 1326332627.500797 
362 	 -43.862948 	 118.499230 	 21724.506303 	 1246023751.689478 
363 	 -24.846311 	 163.934742 	 34610.412353 	 2107261712.490708 
364 	 52.718388 	 124.528795 	 23348.142955 	 1425676456.957563 
365 	 -127.312135 	 173.467344 	 44023.556011 	 4111514416.017155 
366 	 65.968804 	 202.864782 	 50943.729294 	 4102816401.105245 
367 	 -44.824391 	 155.336995 	 33009.290867 	 2365409392.152023 
368 	 -16.864903 	 154.473073 	 34548.917581 	 2787817576.634598 
369 	 66.620490 	 114.422376 	 22794.713789 	 1643664146.983734 
370 	 43.465077 	 145.815065 	 28281.178907 	 1550672568.451795 
371 	 -136.202857 	 171.393805 	 38125.709677 	 2763613891.718188 
372 	 -93.924753 	 146.829119 	 30971.716206 	 2226167140.769932 
373 	 -75.014960 	 123.085950 	 21489.584883 	 978621602.426883 
374 	 -111.786755 	 175.784668 	 38540.391130 	 2405558258.108934 
375 	 107.905735 	 145.690135 	 28258.539091 	 1537919826.935499 
376 	 -92.624699 	 111.821340 	 18314.806582 	 821812715.075413 
377 	 -19.893375 	 125.414579 	 25095.803584 	 1909216260.382149 
378 	 -50.373915 	 140.775474 	 28449.970153 	 1759296852.353151 
379 	 83.631039 	 120.379148 	 21522.057299 	 1134882710.425539 
380 	 -57.608499 	 132.266051 	 25956.759327 	 1904981123.400938 
381 	 130.685543 	 143.064793 	 27219.100781 	 1368200484.871517 
382 	 12.436375 	 82.348744 	 10258.982032 	 293685767.131728 
383 	 -31.641836 	 127.598540 	 22872.558373 	 1096012810.848210 
384 	 33.259896 	 119.754442 	 25530.892730 	 2296792653.227376 
385 	 43.845981 	 151.382459 	 33466.485308 	 2720689750.757089 
386 	 14.612080 	 107.073751 	 17960.759348 	 812169678.429317 
387 	 46.236280 	 124.639130 	 21631.214535 	 1039251258.571361 
388 	 -8.438359 	 121.568660 	 21031.898540 	 1141607761.475798 
389 	 85.303392 	 154.608344 	 32155.247609 	 2054608113.931178 
390 	 -39.429278 	 155.998929 	 32698.488315 	 2097997465.740668 
391 	 -11.092890 	 158.786546 	 37744.644127 	 3308563930.549418 
392 	 100.953185 	 120.568364 	 19950.353412 	 758626074.622254 
393 	 -123.377547 	 214.569491 	 54294.829001 	 4403636894.527850 
394 	 -135.123247 	 181.610478 	 45823.135952 	 4136587955.546839 
395 	 166.127836 	 172.254486 	 36323.362212 	 2211956996.277047 
396 	 -105.337619 	 160.338598 	 35687.778578 	 2514011434.614655 
397 	 -144.308303 	 186.732659 	 48944.845480 	 4863465753.947935 
398 	 -12.325579 	 138.124034 	 29518.515856 	 2097151073.284241 
399 	 -18.931322 	 131.897787 	 25207.593084 	 1404513511.752250 
400 	 -86.086213 	 132.759574 	 23841.156881 	 1201974378.111191 

%ACCRATE = 0.894350

%%%%%%%%%%%%%%%%%%%%%%%%%%%%%%%%%%%%%%%%%%%%%%%%%%%%%%%%%%%%%%%%%%%%%%%%%%%
%KAPPA = 0.190000
%%%%%%%%%%%%%%%%%%%%%%%%%%%%%%%%%%%%%%%%%%%%%%%%%%%%%%%%%%%%%%%%%%%%%%%%%%%

401 	 -405.158664 	 405.266635 	 177613.297576 	 37816103934.328751 
402 	 39.810212 	 342.664341 	 141743.156437 	 29747056483.394516 
403 	 424.452763 	 424.452763 	 187103.642754 	 39319677038.887985 
404 	 424.552116 	 424.552116 	 185730.207069 	 38370189567.507172 
405 	 393.332325 	 393.332325 	 166685.642700 	 34676501960.377739 
406 	 73.804907 	 328.378971 	 128651.074769 	 22883016435.403370 
407 	 -409.920781 	 409.920781 	 173153.854652 	 33283817093.982006 
408 	 -426.763820 	 426.763820 	 187228.554949 	 38622125737.474403 
409 	 -412.276671 	 412.276671 	 177327.089698 	 36042599529.561417 
410 	 -441.237313 	 441.237313 	 198404.686256 	 42137372770.350998 
411 	 -403.760718 	 408.196128 	 179941.638281 	 38786699049.095695 
412 	 329.842343 	 356.221991 	 140963.738391 	 25301213377.399075 
413 	 349.809542 	 349.809542 	 132955.338055 	 22916322604.891048 
414 	 450.089185 	 450.089185 	 207096.326542 	 46668618169.446075 
415 	 384.065901 	 384.065901 	 157180.881564 	 29484702687.857128 
416 	 430.186266 	 430.186266 	 191011.772838 	 40648263518.777023 
417 	 165.897415 	 288.470743 	 103383.329795 	 16946744641.580873 
418 	 -376.057864 	 376.057864 	 154624.542146 	 30632388329.986912 
419 	 167.735372 	 279.110685 	 93371.757226 	 13785754634.278217 
420 	 444.588700 	 444.588700 	 206347.844781 	 48880939994.876457 
421 	 380.414274 	 380.414274 	 153033.102011 	 27912345991.622837 
422 	 441.810624 	 441.810624 	 199312.581526 	 42763660191.625038 
423 	 111.671234 	 186.801830 	 55387.161529 	 7537279518.302326 
424 	 344.547200 	 349.995071 	 141937.975749 	 26380559530.552574 
425 	 -283.065594 	 379.616026 	 163888.951071 	 35009756018.594872 
426 	 -440.213996 	 440.213996 	 201622.812753 	 46091545779.219917 
427 	 -352.699499 	 359.498842 	 151171.642485 	 30643494086.137047 
428 	 394.459714 	 395.360435 	 182065.903495 	 43202844182.619293 
429 	 419.533949 	 419.533949 	 185949.304891 	 40502266479.389816 
430 	 418.469255 	 418.469255 	 180739.068298 	 36423225488.237999 
431 	 326.023783 	 326.023783 	 120088.933179 	 20803619797.060452 
432 	 391.344190 	 391.344190 	 163612.856627 	 32159630074.565823 
433 	 437.597232 	 437.597232 	 196236.629952 	 41958645856.472374 
434 	 409.575251 	 409.575251 	 179668.709809 	 38718419274.620270 
435 	 443.970425 	 443.970425 	 203952.096795 	 46369882696.008850 
436 	 414.496618 	 414.496618 	 184414.874958 	 41100691604.726570 
437 	 -203.671383 	 341.670899 	 136228.785924 	 26345895920.992184 
438 	 -373.808344 	 373.994658 	 155902.019650 	 30146179076.131470 
439 	 -447.146525 	 447.146525 	 206748.805923 	 47525932447.099991 
440 	 -419.247599 	 419.247599 	 187386.089899 	 40982483609.268181 
441 	 -417.078082 	 417.078082 	 181144.862674 	 37500866059.101509 
442 	 -377.450249 	 377.450249 	 151798.247972 	 28296471571.675343 
443 	 -344.104048 	 344.181140 	 132435.513319 	 23052481432.756832 
444 	 -399.931553 	 399.931553 	 169679.436837 	 34244476465.570580 
445 	 -401.375753 	 401.635622 	 173781.760290 	 36017614436.393295 
446 	 -355.466823 	 355.466823 	 142867.147476 	 27931069509.929081 
447 	 -377.965696 	 378.098751 	 158954.728245 	 32943922085.017288 
448 	 -449.172608 	 449.172608 	 206311.870694 	 46008685393.254105 
449 	 -448.388146 	 448.388146 	 206803.406048 	 47207782188.322411 
450 	 -429.573857 	 429.573857 	 192474.296389 	 42445006673.450851 
451 	 -432.446801 	 432.446801 	 192045.777666 	 40673183370.579376 
452 	 -384.948071 	 384.948071 	 154584.292952 	 27651774849.737736 
453 	 -402.124536 	 402.124536 	 171008.864912 	 35137843024.603912 
454 	 -456.524670 	 456.524670 	 213771.035321 	 49904037328.742203 
455 	 -378.870167 	 378.870167 	 154276.240588 	 30280195298.358986 
456 	 296.333922 	 311.297839 	 117546.000849 	 21451384827.556171 
457 	 -373.318760 	 387.679974 	 167443.171425 	 35764130957.051323 
458 	 8.794519 	 368.537356 	 153785.232643 	 30483378796.851055 
459 	 416.231177 	 416.231177 	 183101.974889 	 38931399546.935959 
460 	 442.269973 	 442.269973 	 202206.496753 	 45844671950.291412 
461 	 447.897646 	 447.897646 	 209408.325261 	 50069855928.149605 
462 	 383.625036 	 383.625036 	 155041.913340 	 28902164201.470108 
463 	 319.191715 	 319.616569 	 118871.446613 	 19891816321.293404 
464 	 368.674308 	 368.674308 	 147596.915059 	 27862801488.495235 
465 	 385.847407 	 385.847407 	 154375.585152 	 26959320361.274715 
466 	 453.871205 	 453.871205 	 211811.007377 	 49589505853.172775 
467 	 415.256181 	 415.256362 	 186909.637049 	 43248344240.822441 
468 	 364.706118 	 364.884682 	 153529.356569 	 31874580825.067650 
469 	 398.354403 	 398.354403 	 174772.361271 	 38457580509.324883 
470 	 423.593952 	 423.593952 	 183084.065837 	 36026289911.320007 
471 	 401.719233 	 401.904672 	 174414.713679 	 36228117898.800804 
472 	 252.258718 	 299.534092 	 117263.758721 	 22259167481.915451 
473 	 -421.886376 	 421.886376 	 188537.845794 	 41235793599.005707 
474 	 -403.964942 	 403.964942 	 169857.946180 	 32664472821.883240 
475 	 -377.413336 	 377.413336 	 151548.984409 	 27805165222.814217 
476 	 -385.564989 	 385.564989 	 158651.619882 	 31052517700.841290 
477 	 -443.302627 	 443.302627 	 201635.722161 	 44423851941.053635 
478 	 -228.006007 	 280.751761 	 110679.023014 	 22410301502.006828 
479 	 328.767252 	 346.727966 	 146679.768779 	 31218235865.854603 
480 	 358.780493 	 358.780493 	 144092.180625 	 28596189285.515732 
481 	 395.528485 	 400.199646 	 176724.624926 	 37183145184.892426 
482 	 -412.608874 	 412.608874 	 180529.530386 	 38590366206.114975 
483 	 -369.726516 	 369.726516 	 147905.653239 	 27029460862.597683 
484 	 -413.781297 	 413.781297 	 178802.590286 	 36812533426.729179 
485 	 -408.769219 	 408.769219 	 184120.862313 	 42528497967.553726 
486 	 -416.358358 	 416.358358 	 182725.127564 	 39280251076.445488 
487 	 -358.920699 	 358.920699 	 145105.718734 	 27768899164.702320 
488 	 -443.205633 	 443.205633 	 199558.606238 	 42183431730.255577 
489 	 -433.400257 	 433.400257 	 195930.841290 	 43406359143.342041 
490 	 -387.529773 	 387.529773 	 159399.726417 	 30943224790.189804 
491 	 -374.841268 	 374.841268 	 152754.942912 	 29459337621.684227 
492 	 -356.024084 	 359.622390 	 145855.148172 	 28383348059.138523 
493 	 374.493583 	 374.493583 	 153303.622335 	 30226835632.087112 
494 	 442.801982 	 442.801982 	 204209.534613 	 47602702406.172531 
495 	 401.762174 	 401.762174 	 167384.631129 	 31753977519.034023 
496 	 430.592087 	 430.592087 	 190799.993005 	 40034365840.663445 
497 	 438.640573 	 438.640573 	 202037.349583 	 46468494360.872322 
498 	 419.167934 	 419.167934 	 184610.156328 	 39017515734.496658 
499 	 341.272199 	 341.364374 	 134177.209297 	 25476364622.778214 
500 	 -372.368706 	 396.090181 	 168620.449798 	 33602800360.075565 

%ACCRATE = 0.890540

%%%%%%%%%%%%%%%%%%%%%%%%%%%%%%%%%%%%%%%%%%%%%%%%%%%%%%%%%%%%%%%%%%%%%%%%%%%
%KAPPA = 0.200000
%%%%%%%%%%%%%%%%%%%%%%%%%%%%%%%%%%%%%%%%%%%%%%%%%%%%%%%%%%%%%%%%%%%%%%%%%%%

501 	 -599.079201 	 599.079201 	 360962.421834 	 133179843784.295853 
502 	 -611.956601 	 611.956601 	 376647.940358 	 145055474227.250580 
503 	 -608.989842 	 608.989842 	 372866.439030 	 141952485106.610504 
504 	 -611.727255 	 611.727255 	 376433.725917 	 144878742545.018524 
505 	 -605.729239 	 605.729239 	 368886.093847 	 138950585354.857056 
506 	 -603.927658 	 603.927658 	 367817.197554 	 139419003622.700104 
507 	 -586.488380 	 586.488380 	 348769.420881 	 127387645143.469910 
508 	 -598.851190 	 598.851190 	 361543.906453 	 134518954188.814865 
509 	 -611.327004 	 611.327004 	 375687.893172 	 143949343406.026306 
510 	 -598.791084 	 598.791084 	 361129.163525 	 134121356757.978653 
511 	 -598.887965 	 598.887965 	 361286.907455 	 134263546556.181747 
512 	 -592.059252 	 592.059252 	 353170.076654 	 128321746411.518082 
513 	 -597.161113 	 597.161113 	 359129.089557 	 132383513733.079895 
514 	 -608.758553 	 608.758553 	 372876.960141 	 142391918224.130127 
515 	 -629.483420 	 629.483420 	 397913.676749 	 160910576071.867889 
516 	 -607.036479 	 607.036479 	 370681.729732 	 140563084807.326904 
517 	 -603.839150 	 603.839150 	 367427.497839 	 138919609305.863861 
518 	 -595.041472 	 595.041472 	 356726.368311 	 130972560248.610275 
519 	 -606.899318 	 606.899318 	 371253.346539 	 141841864571.776031 
520 	 -619.168810 	 619.168810 	 385872.347537 	 152665360409.236511 
521 	 -607.177705 	 607.177705 	 370535.291227 	 139984411942.331482 
522 	 -598.732618 	 598.732618 	 361373.075735 	 134528590437.863785 
523 	 -594.552359 	 594.552359 	 356421.440208 	 130958707408.991699 
524 	 -602.567013 	 602.567013 	 365470.158762 	 136884050991.112518 
525 	 -617.506486 	 617.506486 	 383552.407688 	 150400395344.513916 
526 	 -598.845694 	 598.845694 	 360298.774385 	 132196163568.122467 
527 	 -612.190566 	 612.190566 	 377055.858067 	 145506024763.216461 
528 	 -612.060730 	 612.060730 	 376311.408738 	 144116621403.316650 
529 	 -584.096481 	 584.096481 	 347536.462937 	 128265987137.144073 
530 	 -610.937078 	 610.937078 	 374979.440319 	 143219247185.630310 
531 	 -597.298047 	 597.298047 	 359225.893728 	 132550098854.505051 
532 	 -604.094473 	 604.094473 	 366683.861982 	 136972097212.788239 
533 	 -611.150279 	 611.150279 	 375209.886835 	 143241671957.207733 
534 	 -604.714884 	 604.714884 	 367588.901177 	 137835854279.323212 
535 	 -604.788657 	 604.788657 	 367600.941784 	 137748679176.592255 
536 	 -602.994687 	 602.994687 	 366684.585732 	 138680074350.281006 
537 	 -606.148310 	 606.148310 	 370026.915984 	 140595582114.511993 
538 	 -590.287140 	 590.287140 	 350646.997682 	 125972582494.490067 
539 	 -617.099931 	 617.099931 	 382690.692730 	 149147400702.388519 
540 	 -605.654531 	 605.654531 	 369216.979181 	 139641414692.652466 
541 	 -607.884919 	 607.884919 	 372200.817957 	 142333954692.319427 
542 	 -598.614159 	 598.614159 	 360595.267867 	 133268858731.451813 
543 	 -612.124905 	 612.124905 	 376746.923694 	 145008966508.913605 
544 	 -609.238945 	 609.238945 	 373405.662430 	 142581774842.962219 
545 	 -593.018894 	 593.018894 	 355455.127411 	 131284996731.422989 
546 	 -604.890433 	 604.890433 	 368935.582185 	 140190108141.705078 
547 	 -589.823997 	 589.823997 	 351286.416130 	 127808407458.555450 
548 	 -603.892805 	 603.892805 	 367124.957024 	 138253483978.069580 
549 	 -607.012761 	 607.012761 	 371012.003104 	 141222115549.331635 
550 	 -609.318330 	 609.318330 	 374516.668660 	 144820019140.936218 
551 	 -610.408930 	 610.408930 	 374530.681357 	 143143211150.133179 
552 	 -616.773388 	 616.773388 	 381940.969698 	 148187358555.752502 
553 	 -614.962113 	 614.962113 	 380165.705561 	 147482659906.917847 
554 	 -597.158314 	 597.158314 	 359069.134740 	 132362541976.919998 
555 	 -630.854166 	 630.854166 	 399378.743321 	 161698201739.264191 
556 	 -613.835595 	 613.835595 	 378632.262540 	 146053349727.025055 
557 	 -607.047946 	 607.047946 	 370149.723711 	 139386712148.753693 
558 	 -590.287482 	 590.287482 	 350641.518834 	 126003799493.925980 
559 	 -604.975072 	 604.975072 	 367979.488567 	 138285640838.563873 
560 	 -605.338375 	 605.338375 	 368346.022152 	 138459829978.567932 
561 	 -607.338135 	 607.338135 	 370605.891959 	 139892749659.110291 
562 	 -611.290500 	 611.290500 	 376199.165979 	 145004623168.113770 
563 	 -601.757749 	 601.757749 	 364319.071809 	 135874659945.925903 
564 	 -604.231603 	 604.231603 	 368078.007716 	 139617312553.177155 
565 	 -607.033692 	 607.033692 	 371205.814896 	 141703523571.287994 
566 	 -619.253700 	 619.253700 	 385538.258049 	 151702933927.308960 
567 	 -617.357475 	 617.357475 	 383317.327667 	 150022736054.290405 
568 	 -605.346305 	 605.346305 	 368866.634109 	 139432799456.197632 
569 	 -615.766387 	 615.766387 	 382471.645164 	 150875206709.563446 
570 	 -606.192759 	 606.192759 	 369618.571910 	 139696752745.464600 
571 	 -614.302124 	 614.302124 	 379609.270883 	 147389830628.560486 
572 	 -611.759934 	 611.759934 	 376306.829025 	 144676217435.328674 
573 	 -602.257636 	 602.257636 	 364744.753664 	 135913552619.622742 
574 	 -590.873710 	 590.873710 	 352572.170264 	 128830397266.685760 
575 	 -592.910478 	 592.910478 	 354425.044268 	 129440092254.462006 
576 	 -603.209648 	 603.209648 	 366110.347261 	 137258775324.263412 
577 	 -604.791872 	 604.791872 	 368222.461411 	 139179801159.562927 
578 	 -607.492518 	 607.492518 	 372184.209397 	 142968331504.912872 
579 	 -607.145252 	 607.145252 	 370199.688802 	 139362700509.436066 
580 	 -610.497831 	 610.497831 	 374295.381870 	 142453810423.312103 
581 	 -606.759244 	 606.759244 	 370524.201739 	 140720719069.222870 
582 	 -608.860818 	 608.860818 	 373490.237483 	 143603805332.097290 
583 	 -614.627837 	 614.627837 	 379997.866572 	 147699262197.627045 
584 	 -607.820487 	 607.820487 	 372006.161789 	 142111302874.205902 
585 	 -607.577829 	 607.577829 	 371342.258579 	 141023502494.522278 
586 	 -607.519098 	 607.519098 	 370892.772781 	 140159162783.049438 
587 	 -618.315316 	 618.315316 	 384007.099957 	 150020157189.477264 
588 	 -595.869158 	 595.869158 	 357342.559846 	 130984199745.785385 
589 	 -615.392749 	 615.392749 	 381092.375118 	 148686771398.036896 
590 	 -632.758848 	 632.758848 	 402074.478471 	 164262798312.171204 
591 	 -607.232479 	 607.232479 	 370828.712177 	 140522955080.071381 
592 	 -589.488584 	 589.488584 	 350091.993463 	 126055146492.506287 
593 	 -596.414932 	 596.414932 	 357730.064480 	 130753876083.264603 
594 	 -602.530201 	 602.530201 	 365166.068184 	 136382979731.505936 
595 	 -614.263765 	 614.263765 	 379861.184304 	 147953401007.023651 
596 	 -606.128519 	 606.128519 	 369424.441347 	 139381527583.463470 
597 	 -612.316856 	 612.316856 	 376794.362805 	 144713305705.626648 
598 	 -604.062109 	 604.062109 	 366745.220678 	 137165127140.534454 
599 	 -586.584028 	 586.584028 	 347798.708055 	 125671986300.541763 
600 	 -593.997180 	 593.997180 	 355230.734417 	 129402859208.362091 

%ACCRATE = 0.876770

%%%%%%%%%%%%%%%%%%%%%%%%%%%%%%%%%%%%%%%%%%%%%%%%%%%%%%%%%%%%%%%%%%%%%%%%%%%
%KAPPA = 0.210000
%%%%%%%%%%%%%%%%%%%%%%%%%%%%%%%%%%%%%%%%%%%%%%%%%%%%%%%%%%%%%%%%%%%%%%%%%%%

601 	 -710.130545 	 710.130545 	 505157.438220 	 256937447024.057526 
602 	 -705.284711 	 705.284711 	 498642.861609 	 251058393937.123596 
603 	 -710.452182 	 710.452182 	 506110.573042 	 258850150623.443970 
604 	 -708.069824 	 708.069824 	 502557.976683 	 254941135350.065796 
605 	 -714.861491 	 714.861491 	 512350.406560 	 265147277301.613770 
606 	 -708.821257 	 708.821257 	 503617.287083 	 255994119332.621613 
607 	 -716.924408 	 716.924408 	 514979.839736 	 267245249389.273834 
608 	 -705.761650 	 705.761650 	 499222.090743 	 251441802164.743256 
609 	 -709.574682 	 709.574682 	 504702.584936 	 257108978162.016541 
610 	 -711.055643 	 711.055643 	 506569.699337 	 258532937519.253448 
611 	 -705.241923 	 705.241923 	 498683.085065 	 251306864400.872620 
612 	 -711.999301 	 711.999301 	 508053.407056 	 260326290361.693298 
613 	 -710.056222 	 710.056222 	 505211.177923 	 257285974838.101471 
614 	 -710.380669 	 710.380669 	 505890.730717 	 258413631214.410614 
615 	 -700.727785 	 700.727785 	 492302.248841 	 244829633590.227753 
616 	 -707.291551 	 707.291551 	 501423.448034 	 253725162381.469055 
617 	 -714.044080 	 714.044080 	 510805.489121 	 262851223011.129944 
618 	 -706.769452 	 706.769452 	 500706.610892 	 253040424131.094208 
619 	 -704.403215 	 704.403215 	 497386.173110 	 249723921515.195221 
620 	 -712.190617 	 712.190617 	 508269.578585 	 260451480436.714569 
621 	 -702.777055 	 702.777055 	 495091.056246 	 247444575574.856903 
622 	 -709.695934 	 709.695934 	 504686.828727 	 256736370446.214508 
623 	 -707.175511 	 707.175511 	 501288.023473 	 253654088045.053223 
624 	 -707.570163 	 707.570163 	 501706.743667 	 253776711321.431854 
625 	 -707.411614 	 707.411614 	 501686.542931 	 254161729884.534546 
626 	 -703.363606 	 703.363606 	 495959.176655 	 248381504739.934021 
627 	 -704.428409 	 704.428409 	 497616.183727 	 250379562978.026611 
628 	 -709.143240 	 709.143240 	 504171.800548 	 256696580931.245514 
629 	 -707.241494 	 707.241494 	 501337.997861 	 253614988226.699921 
630 	 -713.813526 	 713.813526 	 510438.953262 	 262391264612.742645 
631 	 -712.444489 	 712.444489 	 508968.244555 	 261827372357.751617 
632 	 -707.253612 	 707.253612 	 501238.951564 	 253294616818.601349 
633 	 -705.562704 	 705.562704 	 498972.964594 	 251243085974.007385 
634 	 -709.215887 	 709.215887 	 504142.125895 	 256432404579.034729 
635 	 -695.454407 	 695.454407 	 485250.792964 	 238474623755.110657 
636 	 -712.547239 	 712.547239 	 508784.637252 	 261029766366.117920 
637 	 -705.844573 	 705.844573 	 499314.597787 	 251466648426.986877 
638 	 -710.053533 	 710.053533 	 505258.344050 	 257444379285.175446 
639 	 -709.308704 	 709.308704 	 504213.789702 	 256413175585.262512 
640 	 -711.104792 	 711.104792 	 507031.705190 	 259805219122.718842 
641 	 -710.228097 	 710.228097 	 505518.127824 	 257764533039.451599 
642 	 -711.826993 	 711.826993 	 508117.353289 	 260973759725.670685 
643 	 -702.514331 	 702.514331 	 494845.224337 	 247441575168.467957 
644 	 -713.401341 	 713.401341 	 510080.425012 	 262477090046.178040 
645 	 -710.581250 	 710.581250 	 505923.488946 	 257965833382.931702 
646 	 -707.305743 	 707.305743 	 501739.714556 	 254557850715.999908 
647 	 -706.868905 	 706.868905 	 501045.248976 	 253723016928.515289 
648 	 -707.664033 	 707.664033 	 502085.701070 	 254642837433.641876 
649 	 -708.586204 	 708.586204 	 503340.702733 	 255832947809.939026 
650 	 -713.031070 	 713.031070 	 509395.063064 	 261486077501.312531 
651 	 -707.729051 	 707.729051 	 502099.338573 	 254521609261.389893 
652 	 -708.503403 	 708.503403 	 503315.479452 	 255959309154.957825 
653 	 -703.176085 	 703.176085 	 495719.415818 	 248181753639.213440 
654 	 -711.135683 	 711.135683 	 506795.225121 	 259006270801.182922 
655 	 -708.460167 	 708.460167 	 503146.260005 	 255616573979.828857 
656 	 -714.826297 	 714.826297 	 512106.096990 	 264539945046.997162 
657 	 -707.269948 	 707.269948 	 501529.747824 	 254104029484.744324 
658 	 -710.926064 	 710.926064 	 506480.451929 	 258641786370.566833 
659 	 -707.997398 	 707.997398 	 502418.173369 	 254715601176.119843 
660 	 -705.560213 	 705.560213 	 499148.088239 	 251752596669.089355 
661 	 -700.963090 	 700.963090 	 492383.182707 	 244469484765.216827 
662 	 -709.942052 	 709.942052 	 505092.404158 	 257247905356.302612 
663 	 -709.355616 	 709.355616 	 504297.567424 	 256528162373.482513 
664 	 -708.450452 	 708.450452 	 503114.334619 	 255498536219.229279 
665 	 -707.402704 	 707.402704 	 501682.077918 	 254189806869.558380 
666 	 -705.758324 	 705.758324 	 499135.128715 	 251201513319.778595 
667 	 -703.605825 	 703.605825 	 496313.047819 	 248784087795.566620 
668 	 -709.781000 	 709.781000 	 505212.341955 	 258032608825.094879 
669 	 -709.016192 	 709.016192 	 503940.667983 	 256409810040.474121 
670 	 -710.544299 	 710.544299 	 506088.768766 	 258556943095.743408 
671 	 -709.248505 	 709.248505 	 504243.399780 	 256661767591.776825 
672 	 -712.827759 	 712.827759 	 509227.672491 	 261544743243.706299 
673 	 -715.444750 	 715.444750 	 512860.462312 	 265050789600.196014 
674 	 -713.173323 	 713.173323 	 509766.342468 	 262140479760.757080 
675 	 -703.726072 	 703.726072 	 496436.041933 	 248786452395.440582 
676 	 -705.046537 	 705.046537 	 498261.360739 	 250576719202.530701 
677 	 -708.462818 	 708.462818 	 503403.123844 	 256334790703.118652 
678 	 -700.079880 	 700.079880 	 491406.632089 	 243993749501.452637 
679 	 -707.193423 	 707.193423 	 501201.520599 	 253344676833.996948 
680 	 -707.093615 	 707.093615 	 501132.647484 	 253400696032.481079 
681 	 -715.782936 	 715.782936 	 513450.733714 	 265880649720.458923 
682 	 -712.764145 	 712.764145 	 508941.946489 	 260864512652.078979 
683 	 -708.718465 	 708.718465 	 503612.431598 	 256289026607.654663 
684 	 -709.752996 	 709.752996 	 505033.424518 	 257629043899.224274 
685 	 -710.542490 	 710.542490 	 506232.858390 	 258978705161.883209 
686 	 -707.264812 	 707.264812 	 501255.966557 	 253307858339.742249 
687 	 -706.470155 	 706.470155 	 500583.206391 	 253483171541.044769 
688 	 -705.917989 	 705.917989 	 499687.686766 	 252328650812.117584 
689 	 -706.630176 	 706.630176 	 500247.295752 	 252076299379.240112 
690 	 -714.372001 	 714.372001 	 511424.038457 	 263780179106.704132 
691 	 -711.342373 	 711.342373 	 507240.158060 	 259728790738.572723 
692 	 -703.554673 	 703.554673 	 496137.574391 	 248397163338.635590 
693 	 -707.739915 	 707.739915 	 502036.105440 	 254310348011.908478 
694 	 -701.639710 	 701.639710 	 493416.615426 	 245640315626.295990 
695 	 -718.684332 	 718.684332 	 517482.410642 	 269789092322.031525 
696 	 -712.180725 	 712.180725 	 508379.841371 	 260843416807.027283 
697 	 -703.167996 	 703.167996 	 495485.030450 	 247530155214.668549 
698 	 -712.747511 	 712.747511 	 509277.283475 	 261884461029.738739 
699 	 -703.669602 	 703.669602 	 496310.765310 	 248593349437.919556 
700 	 -705.981821 	 705.981821 	 499508.630427 	 251700679923.179382 

%ACCRATE = 0.871100

%%%%%%%%%%%%%%%%%%%%%%%%%%%%%%%%%%%%%%%%%%%%%%%%%%%%%%%%%%%%%%%%%%%%%%%%%%%
%KAPPA = 0.220000
%%%%%%%%%%%%%%%%%%%%%%%%%%%%%%%%%%%%%%%%%%%%%%%%%%%%%%%%%%%%%%%%%%%%%%%%%%%

701 	 -779.262633 	 779.262633 	 607969.929028 	 371358941627.700378 
702 	 -776.618043 	 776.618043 	 603902.438697 	 366528955330.241394 
703 	 -783.738603 	 783.738603 	 614911.179664 	 379738850310.263123 
704 	 -777.445736 	 777.445736 	 605086.790495 	 367722865075.916687 
705 	 -781.562292 	 781.562292 	 611606.388764 	 375915225020.301758 
706 	 -776.597137 	 776.597137 	 603791.969447 	 366227295707.206360 
707 	 -774.383590 	 774.383590 	 600516.102563 	 362613442983.233032 
708 	 -778.387397 	 778.387397 	 606811.928646 	 370437992617.031982 
709 	 -782.032466 	 782.032466 	 612268.390417 	 376559706743.571106 
710 	 -781.057708 	 781.057708 	 610674.711172 	 374445787318.104553 
711 	 -775.716440 	 775.716440 	 602426.763646 	 364571201958.377258 
712 	 -780.934133 	 780.934133 	 610577.319091 	 374551383233.623901 
713 	 -777.227226 	 777.227226 	 604771.552941 	 367401984648.481079 
714 	 -779.769968 	 779.769968 	 608877.023263 	 372733932400.309082 
715 	 -781.186900 	 781.186900 	 610947.482598 	 374942407887.880432 
716 	 -781.779654 	 781.779654 	 611920.625153 	 376224108860.034424 
717 	 -781.236703 	 781.236703 	 611097.021441 	 375290019627.405518 
718 	 -780.992776 	 780.992776 	 610629.452209 	 374516282843.828247 
719 	 -776.167699 	 776.167699 	 603150.640560 	 365496485647.803955 
720 	 -781.964264 	 781.964264 	 612155.430935 	 376409273712.970398 
721 	 -779.989047 	 779.989047 	 608995.419036 	 372356610783.549500 
722 	 -780.631499 	 780.631499 	 610144.883876 	 374125228521.042358 
723 	 -781.152536 	 781.152536 	 610946.833510 	 375058637555.084839 
724 	 -779.431548 	 779.431548 	 608185.125021 	 371510416258.605774 
725 	 -780.208515 	 780.208515 	 609477.360633 	 373281675992.233154 
726 	 -774.651414 	 774.651414 	 600788.064740 	 362621536215.400330 
727 	 -776.897231 	 776.897231 	 604376.129916 	 367198312041.643372 
728 	 -779.282996 	 779.282996 	 607929.739753 	 371140268418.422791 
729 	 -782.777682 	 782.777682 	 613381.060097 	 377795534709.771301 
730 	 -778.660467 	 778.660467 	 607078.217120 	 370392043330.963745 
731 	 -780.734760 	 780.734760 	 610341.261404 	 374432104752.153687 
732 	 -779.475433 	 779.475433 	 608279.418600 	 371689849594.224854 
733 	 -778.864281 	 778.864281 	 607252.001249 	 370253187223.705261 
734 	 -779.401653 	 779.401653 	 608374.030106 	 372298645598.322449 
735 	 -775.299512 	 775.299512 	 601771.268791 	 363764337725.880432 
736 	 -777.590218 	 777.590218 	 605555.174226 	 368874447606.464294 
737 	 -782.423783 	 782.423783 	 612860.232004 	 377224969633.231506 
738 	 -775.859069 	 775.859069 	 602767.957861 	 365274780435.712708 
739 	 -778.048823 	 778.048823 	 606049.486991 	 368957597351.296997 
740 	 -782.596411 	 782.596411 	 613148.060146 	 377621455405.182617 
741 	 -781.576543 	 781.576543 	 611612.377667 	 375896887610.908813 
742 	 -776.640150 	 776.640150 	 603885.782024 	 366387807720.733887 
743 	 -776.629130 	 776.629130 	 603760.653194 	 365983392308.713318 
744 	 -777.618776 	 777.618776 	 605555.969061 	 368744278874.435730 
745 	 -778.006056 	 778.006056 	 605962.237741 	 368804375300.509338 
746 	 -775.735657 	 775.735657 	 602520.846631 	 364847407444.054810 
747 	 -781.101460 	 781.101460 	 610805.683229 	 374755089454.755798 
748 	 -781.993422 	 781.993422 	 612193.777597 	 376432366932.428528 
749 	 -781.188047 	 781.188047 	 611068.273568 	 375379267552.899658 
750 	 -786.230392 	 786.230392 	 618826.790040 	 384589216866.364746 
751 	 -777.638904 	 777.638904 	 605413.428869 	 368190071271.100586 
752 	 -778.656986 	 778.656986 	 607002.170235 	 370142623751.076416 
753 	 -783.274778 	 783.274778 	 614243.999681 	 379054116723.325745 
754 	 -780.018094 	 780.018094 	 609175.628557 	 372893668453.445374 
755 	 -776.833737 	 776.833737 	 604148.293205 	 366612643399.427795 
756 	 -778.442324 	 778.442324 	 606685.688137 	 369795221664.624207 
757 	 -775.975185 	 775.975185 	 602899.987831 	 365303109174.590820 
758 	 -779.010038 	 779.010038 	 607598.568599 	 370968701970.922668 
759 	 -780.782459 	 780.782459 	 610338.109502 	 374247807202.355591 
760 	 -776.417439 	 776.417439 	 603701.793749 	 366551923808.548096 
761 	 -780.707739 	 780.707739 	 610264.252927 	 374270124089.594604 
762 	 -779.525913 	 779.525913 	 608321.817765 	 371655264638.672852 
763 	 -776.788958 	 776.788958 	 604046.369186 	 366419742013.563293 
764 	 -781.594644 	 781.594644 	 611599.170604 	 375777017286.290283 
765 	 -778.558444 	 778.558444 	 606913.312754 	 370187716182.061646 
766 	 -775.654115 	 775.654115 	 602557.268100 	 365252020701.693787 
767 	 -782.696552 	 782.696552 	 613387.562736 	 378129335362.919922 
768 	 -775.381949 	 775.381949 	 602059.649856 	 364482567986.921570 
769 	 -780.983999 	 780.983999 	 610681.164001 	 374715601713.058655 
770 	 -778.140961 	 778.140961 	 606235.186894 	 369270970062.191833 
771 	 -780.653498 	 780.653498 	 610142.898524 	 374025816110.646179 
772 	 -781.155457 	 781.155457 	 611029.283779 	 375367843613.540771 
773 	 -777.527592 	 777.527592 	 605401.608207 	 368548492503.983215 
774 	 -780.071679 	 780.071679 	 609248.094722 	 372963329018.316711 
775 	 -781.049890 	 781.049890 	 610635.862240 	 374328505001.515015 
776 	 -779.323504 	 779.323504 	 607938.461143 	 371019728541.811951 
777 	 -779.345898 	 779.345898 	 608131.109058 	 371645622267.569275 
778 	 -778.816660 	 778.816660 	 607299.707032 	 370612118410.800598 
779 	 -776.880130 	 776.880130 	 604244.764309 	 366798592978.213013 
780 	 -776.330396 	 776.330396 	 603528.960650 	 366236584485.323181 
781 	 -783.103895 	 783.103895 	 614030.005056 	 378926013515.350464 
782 	 -780.124548 	 780.124548 	 609212.313999 	 372637382509.027466 
783 	 -779.435037 	 779.435037 	 608145.944277 	 371351573668.494202 
784 	 -775.529601 	 775.529601 	 602254.639259 	 364631630752.815796 
785 	 -780.317528 	 780.317528 	 609633.324246 	 373442487318.728455 
786 	 -784.740635 	 784.740635 	 616748.136185 	 382604053466.170837 
787 	 -780.190799 	 780.190799 	 609502.739726 	 373437462850.916870 
788 	 -779.698834 	 779.698834 	 608586.262799 	 371955441511.452698 
789 	 -780.848945 	 780.848945 	 610523.450518 	 374678729327.314819 
790 	 -774.436537 	 774.436537 	 600590.260320 	 362694314553.933350 
791 	 -777.296262 	 777.296262 	 605002.000187 	 367981380293.722229 
792 	 -776.112660 	 776.112660 	 603167.665786 	 365767603181.761353 
793 	 -777.132487 	 777.132487 	 604948.305188 	 368321832917.550598 
794 	 -775.986458 	 775.986458 	 602891.128469 	 365239843524.317627 
795 	 -777.501708 	 777.501708 	 605264.441936 	 368155283783.056030 
796 	 -775.612260 	 775.612260 	 602290.487422 	 364467028299.484253 
797 	 -778.071681 	 778.071681 	 606128.515265 	 369151325692.320557 
798 	 -781.140218 	 781.140218 	 610802.248498 	 374591726855.808472 
799 	 -779.292788 	 779.292788 	 607971.801957 	 371259594659.799683 
800 	 -779.609254 	 779.609254 	 608553.618592 	 372180246338.147949 

%ACCRATE = 0.863840

%%%%%%%%%%%%%%%%%%%%%%%%%%%%%%%%%%%%%%%%%%%%%%%%%%%%%%%%%%%%%%%%%%%%%%%%%%%
%KAPPA = 0.230000
%%%%%%%%%%%%%%%%%%%%%%%%%%%%%%%%%%%%%%%%%%%%%%%%%%%%%%%%%%%%%%%%%%%%%%%%%%%

801 	 -831.304974 	 831.304974 	 691573.069124 	 479658730309.617676 
802 	 -831.301071 	 831.301071 	 691667.403349 	 480077777326.633301 
803 	 -832.318138 	 832.318138 	 693256.066573 	 481987933422.051758 
804 	 -829.575419 	 829.575419 	 688720.104959 	 475772482596.736328 
805 	 -833.322114 	 833.322114 	 694945.522149 	 484375229916.053589 
806 	 -831.715906 	 831.715906 	 692281.850054 	 480716054308.133972 
807 	 -834.001470 	 834.001470 	 696074.947235 	 485948947383.847900 
808 	 -830.861111 	 830.861111 	 690889.373766 	 478858564693.851196 
809 	 -831.826330 	 831.826330 	 692468.646698 	 480975862834.968201 
810 	 -830.515693 	 830.515693 	 690299.481476 	 477996107693.586426 
811 	 -834.501460 	 834.501460 	 696895.358641 	 487062825595.052429 
812 	 -831.606948 	 831.606948 	 692033.638809 	 480186649559.283081 
813 	 -833.108798 	 833.108798 	 694626.030662 	 484040836328.215881 
814 	 -834.240272 	 834.240272 	 696431.830379 	 486333580853.304382 
815 	 -831.794780 	 831.794780 	 692427.144468 	 480958735295.070435 
816 	 -833.139269 	 833.139269 	 694619.134684 	 483865856893.703491 
817 	 -832.526580 	 832.526580 	 693647.671070 	 482651888042.174133 
818 	 -831.843911 	 831.843911 	 692487.363434 	 480974654411.531738 
819 	 -828.938905 	 828.938905 	 687775.217622 	 474755393767.899780 
820 	 -834.329965 	 834.329965 	 696691.732360 	 486999532416.745178 
821 	 -836.139179 	 836.139179 	 699572.799079 	 490640918787.244446 
822 	 -835.875444 	 835.875444 	 699180.997421 	 490230662304.199402 
823 	 -831.750817 	 831.750817 	 692322.345774 	 480723988059.599854 
824 	 -834.755191 	 834.755191 	 697348.935905 	 487774764641.008911 
825 	 -831.327743 	 831.327743 	 691671.491055 	 479961718698.146484 
826 	 -831.597213 	 831.597213 	 692144.181178 	 480681706453.931030 
827 	 -832.622987 	 832.622987 	 693895.036849 	 483233127933.440674 
828 	 -831.460505 	 831.460505 	 691888.160307 	 480249594418.366638 
829 	 -830.280308 	 830.280308 	 689841.400312 	 477190122986.619324 
830 	 -830.975414 	 830.975414 	 691088.029880 	 479157529250.549622 
831 	 -829.206155 	 829.206155 	 688128.798552 	 475012972086.841553 
832 	 -831.818425 	 831.818425 	 692460.303847 	 480986388684.265015 
833 	 -831.372179 	 831.372179 	 691680.712876 	 479797544127.826538 
834 	 -832.510830 	 832.510830 	 693564.224074 	 482383875508.369629 
835 	 -835.626110 	 835.626110 	 698695.576283 	 489353192774.834045 
836 	 -831.586916 	 831.586916 	 692100.350723 	 480540123819.817749 
837 	 -831.240882 	 831.240882 	 691420.859431 	 479325447721.075623 
838 	 -830.217609 	 830.217609 	 689808.404010 	 477335976663.040894 
839 	 -829.784397 	 829.784397 	 689035.079871 	 476118746143.184204 
840 	 -830.147935 	 830.147935 	 689693.856636 	 477178420964.165649 
841 	 -830.362273 	 830.362273 	 690067.253785 	 477746049032.468933 
842 	 -833.424838 	 833.424838 	 695143.106270 	 484732130544.433167 
843 	 -832.249585 	 832.249585 	 693180.294541 	 481999590527.348328 
844 	 -832.454490 	 832.454490 	 693486.068157 	 482319247529.625916 
845 	 -831.569869 	 831.569869 	 691976.273200 	 480125741039.010620 
846 	 -827.875285 	 827.875285 	 685983.535039 	 472220990608.240479 
847 	 -830.136506 	 830.136506 	 689725.094355 	 477357680299.907471 
848 	 -834.089301 	 834.089301 	 696269.509958 	 486359863596.823364 
849 	 -836.181051 	 836.181051 	 699792.905869 	 491362350251.614319 
850 	 -832.627914 	 832.627914 	 693792.501229 	 482791625776.981934 
851 	 -830.726489 	 830.726489 	 690620.419331 	 478363812558.050415 
852 	 -832.341459 	 832.341459 	 693336.992361 	 482212844039.573120 
853 	 -832.151858 	 832.151858 	 692956.389624 	 481497541677.993103 
854 	 -836.347460 	 836.347460 	 699988.975947 	 491408055832.635742 
855 	 -829.721679 	 829.721679 	 688978.282879 	 476172946295.572266 
856 	 -833.413487 	 833.413487 	 695118.302974 	 484680006428.859619 
857 	 -834.587022 	 834.587022 	 697022.708227 	 487187639559.340942 
858 	 -832.354288 	 832.354288 	 693404.059750 	 482433295119.677612 
859 	 -833.171298 	 833.171298 	 694731.766332 	 484194691347.471375 
860 	 -830.739513 	 830.739513 	 690660.795224 	 478478574460.115723 
861 	 -835.167608 	 835.167608 	 698059.248765 	 488821390544.312561 
862 	 -832.558622 	 832.558622 	 693725.763765 	 482832344016.819336 
863 	 -829.601660 	 829.601660 	 688769.374029 	 475857871727.606323 
864 	 -832.881366 	 832.881366 	 694235.358641 	 483454283806.818176 
865 	 -834.590246 	 834.590246 	 696996.534625 	 487070352285.363220 
866 	 -831.943085 	 831.943085 	 692669.623203 	 481274581359.088196 
867 	 -833.306162 	 833.306162 	 694884.027467 	 484206610340.204834 
868 	 -834.656308 	 834.656308 	 697224.174826 	 487708317436.338318 
869 	 -830.058793 	 830.058793 	 689545.298882 	 476972912978.794434 
870 	 -831.561279 	 831.561279 	 691976.330506 	 480158783334.891235 
871 	 -831.226007 	 831.226007 	 691410.018567 	 479353692371.104614 
872 	 -833.843618 	 833.843618 	 695757.667464 	 485369198174.642944 
873 	 -829.679672 	 829.679672 	 689022.085318 	 476535690844.443237 
874 	 -834.470583 	 834.470583 	 696871.875089 	 487097349007.565674 
875 	 -834.559884 	 834.559884 	 696989.798286 	 487179491121.313171 
876 	 -832.456987 	 832.456987 	 693505.164579 	 482387198965.847900 
877 	 -828.776152 	 828.776152 	 687427.033775 	 474082923228.280457 
878 	 -832.961187 	 832.961187 	 694301.407189 	 483372583740.015869 
879 	 -832.899483 	 832.899483 	 694211.089256 	 483284770326.745605 
880 	 -831.505615 	 831.505615 	 691912.765249 	 480149267060.750854 
881 	 -834.437935 	 834.437935 	 696829.433246 	 487073097822.760254 
882 	 -830.303299 	 830.303299 	 689881.032943 	 477244025123.653564 
883 	 -830.565410 	 830.565410 	 690351.710484 	 477992680608.720398 
884 	 -830.671668 	 830.671668 	 690528.053525 	 478239198329.188293 
885 	 -832.515405 	 832.515405 	 693579.697100 	 482428964744.588379 
886 	 -835.874922 	 835.874922 	 699139.777155 	 490054490945.975037 
887 	 -831.595849 	 831.595849 	 692075.775185 	 480409853991.078186 
888 	 -832.577750 	 832.577750 	 693748.927991 	 482842315204.699402 
889 	 -830.114618 	 830.114618 	 689674.078401 	 477252350781.829956 
890 	 -836.018650 	 836.018650 	 699384.203610 	 490411384102.501587 
891 	 -833.437419 	 833.437419 	 695162.278149 	 484747399735.918030 
892 	 -833.517365 	 833.517365 	 695280.004670 	 484873061015.772583 
893 	 -832.625688 	 832.625688 	 693766.633872 	 482702324618.687561 
894 	 -832.565335 	 832.565335 	 693754.922142 	 482927869552.928650 
895 	 -836.728152 	 836.728152 	 700549.222548 	 491987964855.002197 
896 	 -831.213018 	 831.213018 	 691477.778646 	 479691400105.572327 
897 	 -832.208438 	 832.208438 	 693171.108981 	 482116268281.600708 
898 	 -831.554611 	 831.554611 	 692021.411625 	 480373518346.010254 
899 	 -835.389363 	 835.389363 	 698438.570497 	 489372729789.547913 
900 	 -834.198264 	 834.198264 	 696411.945966 	 486443520627.419617 

%ACCRATE = 0.856510
