%%%%%%%%%%%%%%%%%%%%%%%%%%%%%%%%%%%%%%%%%%%%%%%%%%%%%%%%%%%%%%%%%%%%%%%%%%%
%SIMULAZIONE D = 3, L = 14, V = 2744
%NUMERO DI MISURE PER OGNI KAPPA: T = 100
%%%%%%%%%%%%%%%%%%%%%%%%%%%%%%%%%%%%%%%%%%%%%%%%%%%%%%%%%%%%%%%%%%%%%%%%%%%

%%%%%%%%%%%%%%%%%%%%%%%%%%%%%%%%%%%%%%%%%%%%%%%%%%%%%%%%%%%%%%%%%%%%%%%%%%%
%KAPPA = 0.150000
%%%%%%%%%%%%%%%%%%%%%%%%%%%%%%%%%%%%%%%%%%%%%%%%%%%%%%%%%%%%%%%%%%%%%%%%%%%

1 	 -4.947041 	 71.000841 	 8165.849154 	 205586268.789998 
2 	 6.157410 	 70.845730 	 8347.123064 	 236698681.748649 
3 	 -9.872389 	 80.360809 	 10267.543248 	 315522795.451744 
4 	 -3.063727 	 82.014190 	 10306.823802 	 277799631.526786 
5 	 10.289450 	 85.686583 	 11561.166771 	 394693024.619493 
6 	 16.544036 	 80.153709 	 10404.478764 	 361289244.123887 
7 	 -15.248582 	 75.579971 	 9242.829274 	 273080679.539474 
8 	 -0.361911 	 75.415400 	 8570.543661 	 187475320.537459 
9 	 -8.230380 	 83.693662 	 11025.533407 	 368104975.718919 
10 	 -20.103122 	 73.633879 	 8519.710834 	 220933519.010941 
11 	 -18.622604 	 88.794373 	 11721.710873 	 356666132.589936 
12 	 25.009447 	 89.192743 	 12730.889411 	 503792066.040984 
13 	 5.810932 	 75.321093 	 8652.898052 	 205621219.044196 
14 	 2.305742 	 85.060849 	 12264.352198 	 496682771.740304 
15 	 -19.833617 	 74.791194 	 8433.368245 	 188286243.474210 
16 	 13.536599 	 86.808778 	 11933.417225 	 399740878.742649 
17 	 38.412820 	 90.158572 	 13156.752039 	 572317080.720839 
18 	 -16.584892 	 78.680673 	 9682.828208 	 265065191.878104 
19 	 23.453751 	 89.363020 	 12972.234933 	 570033595.433285 
20 	 -8.646191 	 88.369945 	 12120.690419 	 404371900.090941 
21 	 -2.099622 	 73.662948 	 8339.858471 	 183901748.160591 
22 	 2.450188 	 82.208678 	 10779.949949 	 341386389.584715 
23 	 13.969137 	 88.746625 	 11796.000179 	 348495387.772789 
24 	 -2.136410 	 78.688551 	 9215.803100 	 224942103.473774 
25 	 -7.878357 	 84.553227 	 11036.486676 	 326206440.114660 
26 	 13.223396 	 88.431455 	 11461.256227 	 311847825.727684 
27 	 14.383851 	 77.823995 	 9451.695401 	 247594285.107858 
28 	 16.986103 	 94.223046 	 13832.854522 	 532785312.128608 
29 	 5.947521 	 72.273650 	 8422.167799 	 225706616.618496 
30 	 -17.714430 	 81.681709 	 10336.825459 	 302877054.000740 
31 	 0.240593 	 76.561778 	 9211.291493 	 278174277.098162 
32 	 -15.022913 	 80.466614 	 10349.891026 	 343576948.025916 
33 	 2.090934 	 93.971389 	 13814.257735 	 572369411.825843 
34 	 -2.584235 	 68.244012 	 7409.458443 	 171359647.824438 
35 	 10.796103 	 70.317514 	 8344.617381 	 236285489.115748 
36 	 1.887177 	 93.892203 	 13666.874029 	 567178301.582018 
37 	 -0.634303 	 83.866178 	 10807.932882 	 348402159.208417 
38 	 -9.103526 	 80.256408 	 10040.012529 	 285914061.155721 
39 	 -19.263850 	 84.628242 	 11302.880054 	 349291505.233165 
40 	 40.879946 	 89.405102 	 12513.793987 	 451796941.475735 
41 	 -25.026999 	 64.992653 	 6684.347126 	 151626589.731821 
42 	 20.892857 	 86.231807 	 11136.073718 	 338720249.736128 
43 	 7.999426 	 84.295095 	 10683.846237 	 293697834.125624 
44 	 10.434179 	 79.843584 	 10292.690615 	 336460254.339580 
45 	 -28.926411 	 75.074898 	 8390.976080 	 176776701.091667 
46 	 -10.116822 	 82.011920 	 10075.343498 	 257126917.044971 
47 	 15.125200 	 87.229504 	 11754.889020 	 379808113.112915 
48 	 1.339652 	 72.376816 	 8226.235614 	 203778245.791475 
49 	 2.240412 	 79.134936 	 10046.466227 	 317855967.479548 
50 	 -9.347597 	 82.321521 	 10834.681819 	 336215318.164594 
51 	 10.237104 	 91.275198 	 12349.055811 	 374679314.945679 
52 	 2.450359 	 86.333618 	 11518.624900 	 356710489.289578 
53 	 5.450033 	 73.786533 	 8419.064917 	 201934656.120086 
54 	 16.781387 	 93.171009 	 13592.515161 	 538565409.117722 
55 	 18.668285 	 73.670272 	 8859.135115 	 238255730.036195 
56 	 11.349897 	 81.854779 	 10073.129272 	 268507486.841286 
57 	 -37.786682 	 91.537743 	 13454.616503 	 585024783.521185 
58 	 -7.680187 	 82.275749 	 10115.325344 	 264432177.702545 
59 	 -13.150763 	 68.859165 	 7378.017350 	 153909889.142121 
60 	 16.696624 	 77.503060 	 9824.775050 	 296621507.341312 
61 	 16.516554 	 76.937190 	 9844.791822 	 348037497.481001 
62 	 -35.889059 	 78.714512 	 9714.705525 	 277588424.591381 
63 	 13.016823 	 78.772963 	 9226.508908 	 214061049.803890 
64 	 -3.364248 	 83.127552 	 10260.720922 	 266267669.352754 
65 	 -1.439104 	 90.660978 	 11901.881370 	 327033681.562496 
66 	 -5.465394 	 74.153437 	 9103.706171 	 309197930.070066 
67 	 20.444902 	 83.415334 	 10579.835367 	 323405210.030497 
68 	 -33.285356 	 93.555654 	 13740.350090 	 524573128.449624 
69 	 27.195875 	 77.176028 	 8979.602894 	 211873708.441770 
70 	 7.672963 	 74.698291 	 8323.131174 	 192325612.429524 
71 	 -20.383939 	 79.534002 	 10031.688636 	 299407855.480460 
72 	 17.599684 	 83.047198 	 10411.913602 	 288842686.612536 
73 	 5.853891 	 91.249210 	 12140.022345 	 369351414.764787 
74 	 -5.397595 	 80.249779 	 9829.156747 	 253580933.524513 
75 	 1.621555 	 86.810388 	 11727.571021 	 384193533.262356 
76 	 -0.024456 	 85.346830 	 11429.669619 	 423304380.706753 
77 	 -17.450757 	 71.791873 	 7596.662006 	 142750394.905157 
78 	 -6.378225 	 74.638577 	 8644.073726 	 209064257.052590 
79 	 17.709006 	 78.365797 	 9121.116910 	 209066803.701072 
80 	 -9.062210 	 75.052895 	 9277.253516 	 297761697.334427 
81 	 -20.870512 	 73.569847 	 8234.526484 	 182537960.124260 
82 	 -11.760269 	 101.866721 	 16683.609980 	 855824792.285090 
83 	 -4.353139 	 88.935677 	 11740.880179 	 341791859.543913 
84 	 -5.158324 	 89.866796 	 11788.130875 	 336051670.861013 
85 	 -3.367983 	 79.237763 	 9333.353240 	 227406261.538888 
86 	 7.145091 	 68.276291 	 7495.597798 	 167928008.289160 
87 	 -17.106031 	 83.742301 	 11357.509844 	 435580988.890619 
88 	 22.302364 	 82.282142 	 10402.000622 	 302573694.194538 
89 	 8.624562 	 88.809215 	 12373.853619 	 413954421.877326 
90 	 14.289713 	 78.281213 	 8932.146311 	 197024524.200466 
91 	 -11.301280 	 86.085932 	 10758.120569 	 295482664.361004 
92 	 -25.509506 	 82.613122 	 10785.386543 	 329816801.306431 
93 	 -4.547243 	 82.304704 	 10458.343314 	 315348341.614464 
94 	 24.828090 	 81.387868 	 9779.829229 	 248555480.156815 
95 	 3.578565 	 72.457147 	 8417.141868 	 233382229.174591 
96 	 5.208507 	 79.177638 	 9529.881758 	 260174463.769343 
97 	 4.530268 	 79.209870 	 9875.519920 	 318244639.176753 
98 	 -8.543939 	 85.685443 	 11554.355682 	 383121696.316045 
99 	 -24.280817 	 81.762221 	 10184.117742 	 285894773.606900 
100 	 -8.782940 	 75.109741 	 8546.674024 	 188164852.894022 

%ACCRATE = 0.909780

%%%%%%%%%%%%%%%%%%%%%%%%%%%%%%%%%%%%%%%%%%%%%%%%%%%%%%%%%%%%%%%%%%%%%%%%%%%
%KAPPA = 0.160000
%%%%%%%%%%%%%%%%%%%%%%%%%%%%%%%%%%%%%%%%%%%%%%%%%%%%%%%%%%%%%%%%%%%%%%%%%%%

101 	 -17.260543 	 92.593460 	 13834.985769 	 563886258.910840 
102 	 -11.448336 	 95.813040 	 13961.955379 	 500245175.776753 
103 	 52.197257 	 114.664486 	 19933.216208 	 1054446435.143004 
104 	 10.843475 	 81.839359 	 10371.813068 	 313485621.287257 
105 	 -15.429313 	 97.250467 	 14644.843232 	 576521608.463437 
106 	 17.211865 	 105.200513 	 17941.918630 	 985894298.194807 
107 	 -18.893914 	 111.110628 	 19026.792150 	 1004100369.535694 
108 	 -12.628027 	 87.512921 	 12595.153956 	 555032733.816082 
109 	 -44.125300 	 100.701867 	 15939.227826 	 716752712.586787 
110 	 38.411707 	 99.146744 	 15156.993095 	 615249795.187555 
111 	 -50.747576 	 95.822284 	 14141.382686 	 527742223.887095 
112 	 21.066860 	 94.733416 	 15147.060750 	 815162521.566181 
113 	 26.835576 	 90.758416 	 11994.754446 	 353321629.045665 
114 	 4.758707 	 85.079031 	 11298.504680 	 362071463.589100 
115 	 -31.380461 	 105.971970 	 17442.754753 	 825962476.382372 
116 	 0.410695 	 99.485730 	 14919.254838 	 609055862.839020 
117 	 16.893519 	 95.785567 	 14313.664119 	 571146393.160892 
118 	 -18.077488 	 108.802813 	 19533.343993 	 1369016914.233804 
119 	 -15.126555 	 106.164402 	 17134.896309 	 824122854.609307 
120 	 27.959735 	 98.936963 	 15250.170305 	 688934333.472572 
121 	 -36.078104 	 87.204015 	 11587.662136 	 392291545.078085 
122 	 -7.007919 	 85.933869 	 11533.268158 	 478050904.451798 
123 	 -47.846878 	 115.294710 	 19189.070483 	 849954598.120938 
124 	 -17.315973 	 91.278464 	 13176.654247 	 518809246.821471 
125 	 9.729353 	 96.711864 	 14577.664984 	 670453758.769861 
126 	 -12.134032 	 113.459035 	 21391.016023 	 1584739659.691859 
127 	 -54.082801 	 101.760038 	 16913.566486 	 892050043.749007 
128 	 -53.016286 	 109.858834 	 18939.833912 	 1024214274.615028 
129 	 -1.219864 	 94.996507 	 14518.133090 	 721687613.960624 
130 	 40.932912 	 92.282131 	 13445.521962 	 577192275.232166 
131 	 36.429724 	 105.779602 	 17294.027282 	 885132049.125934 
132 	 -3.604996 	 84.787626 	 10346.589496 	 260557595.079537 
133 	 -10.449232 	 101.981035 	 16618.234437 	 884518870.609751 
134 	 10.170906 	 95.047903 	 14218.598655 	 601047569.048268 
135 	 -22.120195 	 84.475277 	 11544.103075 	 431143439.026588 
136 	 -5.397381 	 86.958487 	 12195.803345 	 492050364.489822 
137 	 -5.089426 	 94.923635 	 14202.862416 	 586477413.468980 
138 	 -10.836665 	 95.647905 	 15620.157252 	 926953384.953442 
139 	 -38.335932 	 86.742892 	 12495.402683 	 499852786.352321 
140 	 0.985970 	 107.299421 	 17991.114436 	 847790314.596320 
141 	 -8.769281 	 109.441253 	 18615.706091 	 959817504.987921 
142 	 -47.310945 	 102.341609 	 16609.511336 	 847064551.319091 
143 	 -41.928993 	 87.750565 	 12598.738500 	 585950678.192573 
144 	 -0.174689 	 90.781270 	 12810.571191 	 464238432.475855 
145 	 -28.926972 	 86.574113 	 11798.231897 	 379012065.860014 
146 	 -31.023967 	 94.893649 	 15494.318803 	 924886480.031003 
147 	 -25.233003 	 108.190733 	 18058.246073 	 942281404.548458 
148 	 3.424212 	 108.170817 	 19105.203072 	 1155447840.157047 
149 	 18.822557 	 121.540900 	 22277.869602 	 1354631045.146993 
150 	 -28.605024 	 101.054041 	 15355.196380 	 637467840.135997 
151 	 -40.299628 	 91.799562 	 12951.712358 	 458566883.051913 
152 	 -41.093367 	 112.010815 	 18097.576706 	 745719753.136735 
153 	 23.350991 	 88.954650 	 11797.095778 	 366070534.753710 
154 	 30.326040 	 91.478333 	 13358.027349 	 525238851.166523 
155 	 4.621561 	 80.627408 	 10626.859911 	 410395795.624442 
156 	 21.441088 	 104.183381 	 15444.990005 	 553220528.986788 
157 	 -9.483666 	 99.577442 	 15071.710303 	 611234275.247947 
158 	 -60.355536 	 109.096503 	 19290.950574 	 1119175600.330094 
159 	 1.460539 	 104.102657 	 16349.346899 	 681913428.688869 
160 	 -66.125264 	 110.826877 	 19722.103109 	 1185443915.945928 
161 	 -0.952607 	 95.641573 	 14198.882033 	 551101064.228755 
162 	 22.473361 	 126.184339 	 24623.691491 	 1631649401.929501 
163 	 -44.012925 	 97.382693 	 14501.589767 	 563576451.095809 
164 	 17.327797 	 103.087914 	 15724.735564 	 609547013.632608 
165 	 37.671315 	 109.299344 	 19539.825648 	 1215538335.930260 
166 	 13.349817 	 112.111476 	 20902.239796 	 1392706723.090531 
167 	 0.954499 	 114.295986 	 20590.888899 	 1248751983.382270 
168 	 17.843488 	 107.473232 	 17442.330179 	 789633766.577752 
169 	 19.761665 	 88.992463 	 12676.451001 	 503748193.078031 
170 	 27.872512 	 125.542468 	 23217.788117 	 1298271844.382912 
171 	 -55.997939 	 103.005421 	 15895.461387 	 716278984.454160 
172 	 -27.106226 	 91.617377 	 12595.780388 	 410182451.078325 
173 	 47.659201 	 112.878705 	 18987.868946 	 930563893.293124 
174 	 41.030285 	 102.727917 	 15383.255940 	 574572907.933419 
175 	 41.481452 	 116.204899 	 19262.735300 	 806686069.604321 
176 	 -17.139064 	 95.798181 	 14145.583049 	 564606306.094215 
177 	 10.685371 	 91.690806 	 13952.225415 	 671322646.180507 
178 	 46.339048 	 131.204551 	 25420.321692 	 1642619546.687071 
179 	 -16.763049 	 115.426755 	 21713.673222 	 1726378958.404835 
180 	 27.384386 	 90.668414 	 12957.751836 	 487554924.996044 
181 	 12.297603 	 95.840384 	 14014.452815 	 530840227.111694 
182 	 -4.047962 	 82.186468 	 10503.121421 	 308441232.364127 
183 	 24.041351 	 88.444283 	 12292.422174 	 429152241.723287 
184 	 -0.303897 	 96.830996 	 14479.589322 	 616542015.985973 
185 	 10.487707 	 113.624875 	 19262.024238 	 918428237.736227 
186 	 -44.903700 	 115.639226 	 19458.605368 	 864252559.995223 
187 	 2.244474 	 106.124289 	 16964.226299 	 731239349.563354 
188 	 -2.909359 	 119.144576 	 21086.338968 	 1153268734.631524 
189 	 -20.021475 	 87.148059 	 12677.910299 	 545115257.999513 
190 	 -9.850875 	 102.931485 	 15958.850864 	 709447341.801944 
191 	 12.731014 	 109.469512 	 18414.325670 	 946313008.386582 
192 	 -9.416524 	 73.989015 	 8647.085593 	 240731370.974796 
193 	 -21.548193 	 104.273798 	 16339.686029 	 687076030.782721 
194 	 -43.587921 	 93.186646 	 13748.944349 	 590244080.361599 
195 	 39.382639 	 100.212616 	 15721.578430 	 658426097.355417 
196 	 30.010799 	 95.224594 	 14659.984049 	 667140374.152782 
197 	 4.394149 	 102.932713 	 15774.580368 	 612733868.442883 
198 	 67.257790 	 113.946811 	 20062.220042 	 1197824870.356846 
199 	 -5.193081 	 92.495122 	 13331.465279 	 516794143.848968 
200 	 -16.814625 	 111.993164 	 17810.736869 	 695883473.822377 

%ACCRATE = 0.908010

%%%%%%%%%%%%%%%%%%%%%%%%%%%%%%%%%%%%%%%%%%%%%%%%%%%%%%%%%%%%%%%%%%%%%%%%%%%
%KAPPA = 0.170000
%%%%%%%%%%%%%%%%%%%%%%%%%%%%%%%%%%%%%%%%%%%%%%%%%%%%%%%%%%%%%%%%%%%%%%%%%%%

201 	 -30.377963 	 139.825686 	 29158.268905 	 2123888090.438030 
202 	 -21.036635 	 90.813604 	 12611.146867 	 412541188.327815 
203 	 -71.064135 	 154.579756 	 34970.630429 	 2792032416.868618 
204 	 1.583976 	 159.256584 	 37159.534254 	 3374822552.071294 
205 	 7.433941 	 123.892651 	 23781.750049 	 1618984585.058099 
206 	 0.574900 	 99.533059 	 16978.884520 	 1052112398.849764 
207 	 -27.930572 	 134.436823 	 26270.870275 	 1661754749.744889 
208 	 63.120387 	 142.541411 	 34223.466757 	 3613146567.313021 
209 	 88.599998 	 162.327543 	 42786.401733 	 5855374576.046081 
210 	 -39.702278 	 121.511026 	 22681.662925 	 1412743212.275884 
211 	 36.261560 	 135.419261 	 27503.615078 	 1844147659.035751 
212 	 16.583097 	 106.680432 	 19376.740886 	 1229636791.598700 
213 	 2.949906 	 172.257222 	 40594.997122 	 3381602114.298326 
214 	 -21.204607 	 123.952759 	 23064.267929 	 1332661388.239774 
215 	 -108.658131 	 157.332501 	 36987.120330 	 3186890279.014941 
216 	 29.644841 	 121.383058 	 26017.892574 	 2895801567.822786 
217 	 40.589593 	 188.480688 	 49483.325706 	 5657308922.560800 
218 	 63.039305 	 151.255145 	 37513.739174 	 4285975446.442952 
219 	 2.083299 	 127.659008 	 25819.697421 	 1771600555.780207 
220 	 -42.919305 	 136.913820 	 28676.267316 	 2165574601.879072 
221 	 -83.675430 	 160.310102 	 40911.182358 	 4932389555.678308 
222 	 -79.813669 	 142.680388 	 30518.238072 	 2487816085.094703 
223 	 -65.085318 	 139.722707 	 32519.551504 	 3111140927.784545 
224 	 30.626175 	 104.399255 	 17671.659177 	 1088416682.216815 
225 	 34.226830 	 109.555071 	 17987.409398 	 797888035.879512 
226 	 -95.344747 	 156.816276 	 37385.511301 	 3585981870.868478 
227 	 67.990607 	 148.201370 	 30095.687687 	 1875371161.411137 
228 	 -33.228600 	 109.666116 	 18306.142010 	 870862326.540636 
229 	 52.221265 	 172.598370 	 42805.476050 	 4037315130.361119 
230 	 -41.354937 	 151.773150 	 34370.465620 	 2860079724.092517 
231 	 -43.097774 	 108.836286 	 16953.160641 	 669664032.373940 
232 	 45.509733 	 110.967915 	 19422.680043 	 1238726493.594368 
233 	 -84.670429 	 126.617873 	 24109.458445 	 1462692330.186417 
234 	 80.429048 	 136.629994 	 29873.251772 	 2814358216.350941 
235 	 -59.551152 	 125.417607 	 26910.468694 	 2468589420.583985 
236 	 22.694916 	 104.303275 	 16821.164569 	 814191419.552237 
237 	 -38.313986 	 99.514679 	 17206.806748 	 1218260585.127171 
238 	 -29.721897 	 117.901616 	 19570.778723 	 838477642.908774 
239 	 -30.374529 	 108.139793 	 19872.952473 	 1453399847.800161 
240 	 -62.878726 	 140.026220 	 29259.147672 	 2031323087.501013 
241 	 1.892713 	 127.798447 	 24148.528184 	 1401512682.217680 
242 	 62.746005 	 118.713583 	 22175.801426 	 1337028210.533542 
243 	 114.875269 	 137.011109 	 26522.291192 	 1619442606.746709 
244 	 39.587769 	 118.537945 	 20173.532323 	 921638535.526974 
245 	 -35.175339 	 128.071233 	 25020.759215 	 1607324107.836631 
246 	 -8.835797 	 142.806742 	 32369.158434 	 3553756948.375988 
247 	 66.587138 	 125.439062 	 23808.606860 	 1470323515.419059 
248 	 -64.917173 	 115.111525 	 22250.230203 	 1920937894.208392 
249 	 -26.729873 	 111.242177 	 18222.440319 	 873183838.084242 
250 	 14.670443 	 120.055636 	 22567.294462 	 1442231314.281596 
251 	 -9.888786 	 156.669928 	 37613.135391 	 3602641667.797386 
252 	 60.195307 	 175.996446 	 43682.321943 	 4608000362.081783 
253 	 16.567588 	 107.072859 	 18192.955101 	 953977570.902293 
254 	 42.292006 	 152.633319 	 34542.547491 	 3201336085.514372 
255 	 65.161057 	 128.915478 	 25567.144887 	 1889690266.009625 
256 	 35.477674 	 139.940539 	 27510.560465 	 1722023576.908612 
257 	 -84.600131 	 158.224385 	 36516.296339 	 3776744835.275331 
258 	 -7.138398 	 113.547138 	 18932.894936 	 994739697.332988 
259 	 67.659929 	 143.081078 	 30458.230233 	 2191870510.157642 
260 	 -2.893346 	 135.603267 	 29315.882453 	 2504382159.738858 
261 	 -33.251342 	 119.612685 	 21724.637897 	 1220794904.239780 
262 	 5.271325 	 138.686813 	 27189.020869 	 1636547874.910580 
263 	 -70.162018 	 121.097984 	 20898.387525 	 984687685.633803 
264 	 -14.759824 	 113.193880 	 20518.353807 	 1265308321.638311 
265 	 48.421846 	 105.952723 	 16588.245647 	 724926237.429933 
266 	 -2.539160 	 128.505770 	 23589.843204 	 1161314743.598620 
267 	 15.098463 	 119.216355 	 23437.623434 	 1880928351.781859 
268 	 4.152271 	 110.927737 	 18766.176142 	 948271238.335031 
269 	 -6.715653 	 129.129296 	 25159.952806 	 1672096165.878405 
270 	 -28.246761 	 119.161629 	 21798.070171 	 1239898278.042546 
271 	 49.321534 	 109.668622 	 19609.118584 	 1193769043.677585 
272 	 -2.121354 	 113.921947 	 19733.599301 	 994325754.649349 
273 	 -85.061160 	 123.971224 	 23970.089163 	 1580594703.250369 
274 	 95.395067 	 118.446891 	 21172.655714 	 1215250264.712394 
275 	 -14.270372 	 98.471184 	 14796.287976 	 567858339.869840 
276 	 33.872607 	 116.773747 	 21921.183500 	 1384866532.764740 
277 	 53.683594 	 103.988269 	 16446.853069 	 796163837.776581 
278 	 -59.856656 	 162.578646 	 38761.829250 	 3461876617.804848 
279 	 11.658224 	 116.558967 	 20067.404956 	 990789517.525741 
280 	 -52.282630 	 118.600964 	 20438.814009 	 999977852.082977 
281 	 -65.273142 	 139.799421 	 30831.837280 	 2849325646.388418 
282 	 -91.560571 	 144.038256 	 33841.278850 	 3450861112.564876 
283 	 -76.508798 	 151.938931 	 33490.963658 	 2743958419.041333 
284 	 25.206905 	 114.264291 	 20055.724114 	 1115888210.318916 
285 	 50.567060 	 142.595587 	 32100.647108 	 2931697480.884098 
286 	 45.086021 	 112.372600 	 22580.690481 	 2299254521.629134 
287 	 72.012974 	 135.225421 	 27533.617750 	 1890297017.140211 
288 	 12.865020 	 125.185951 	 22832.778987 	 1304572887.065006 
289 	 65.991628 	 130.522951 	 25359.756427 	 1600023776.038780 
290 	 9.499268 	 161.645831 	 39499.116110 	 4525557144.567924 
291 	 2.091724 	 131.150848 	 26888.379091 	 1945270483.667471 
292 	 -2.422854 	 127.836492 	 24898.125492 	 1733901284.839100 
293 	 -49.834893 	 128.808408 	 24275.072790 	 1417991611.198395 
294 	 34.689224 	 137.767982 	 29681.949314 	 2361347352.503756 
295 	 114.958430 	 141.505563 	 30535.268280 	 2502761748.793887 
296 	 -17.049068 	 127.305338 	 25851.264921 	 1909764904.287455 
297 	 -23.860116 	 138.123098 	 29963.332868 	 2478836599.290540 
298 	 -18.029905 	 111.128482 	 18781.791306 	 957995740.289306 
299 	 134.119914 	 166.611692 	 45251.174140 	 7823501154.150780 
300 	 -58.518112 	 117.918381 	 20771.321891 	 1079355843.151002 

%ACCRATE = 0.907400

%%%%%%%%%%%%%%%%%%%%%%%%%%%%%%%%%%%%%%%%%%%%%%%%%%%%%%%%%%%%%%%%%%%%%%%%%%%
%KAPPA = 0.180000
%%%%%%%%%%%%%%%%%%%%%%%%%%%%%%%%%%%%%%%%%%%%%%%%%%%%%%%%%%%%%%%%%%%%%%%%%%%

301 	 -64.044217 	 155.068843 	 36140.634756 	 3519802982.800932 
302 	 22.594134 	 243.283965 	 80724.342674 	 13554707077.284821 
303 	 145.052683 	 239.882107 	 77808.157922 	 11887492404.412561 
304 	 15.943916 	 246.996562 	 99849.625548 	 27126641873.202404 
305 	 -131.912758 	 293.851102 	 115853.511004 	 25547471864.831203 
306 	 222.697510 	 276.307619 	 107879.245887 	 26027180486.784153 
307 	 108.112741 	 167.431445 	 38593.686539 	 3234398538.838249 
308 	 -291.278677 	 340.167708 	 164537.313544 	 52298729155.496765 
309 	 -237.746325 	 260.660389 	 119647.700092 	 46795550672.282990 
310 	 -348.527270 	 355.578457 	 166302.172623 	 54982890441.444572 
311 	 -173.646824 	 256.431632 	 86679.828612 	 15216724876.649588 
312 	 -81.908128 	 214.480361 	 71437.443792 	 14691011378.843374 
313 	 132.131629 	 272.739396 	 107273.999597 	 25526470142.621357 
314 	 107.298816 	 255.906812 	 97006.910574 	 23032880447.327961 
315 	 -72.538044 	 185.881804 	 53613.853857 	 7710130873.268088 
316 	 63.263502 	 204.038681 	 60818.633751 	 8412709962.245230 
317 	 102.156687 	 189.830882 	 58707.548002 	 10574645961.071205 
318 	 -16.967865 	 209.059208 	 60109.612194 	 7193237341.417336 
319 	 27.398307 	 214.229223 	 69723.628073 	 13786234378.806444 
320 	 -139.525917 	 256.186925 	 96755.960348 	 22247264878.590805 
321 	 125.771340 	 172.776663 	 39949.325632 	 3364142738.872104 
322 	 173.533067 	 219.553149 	 68258.908819 	 10016852998.834766 
323 	 65.637397 	 139.233594 	 28797.586442 	 2105236262.851687 
324 	 -170.621159 	 259.071440 	 89958.987564 	 16074196976.539246 
325 	 -99.023709 	 213.162088 	 75186.922447 	 15361665254.150610 
326 	 1.274626 	 161.703347 	 38305.259131 	 3471762382.193739 
327 	 -181.800080 	 211.349151 	 63709.694596 	 8797158940.086706 
328 	 128.971545 	 205.030214 	 60040.210576 	 8067531030.607753 
329 	 -64.004257 	 137.113683 	 32038.539950 	 3200804365.304760 
330 	 -143.824444 	 418.017246 	 225613.012089 	 86360260757.207611 
331 	 -291.845947 	 337.155236 	 158947.821076 	 50023748864.990845 
332 	 -103.862541 	 288.452215 	 136179.829425 	 49537087061.736000 
333 	 24.702458 	 191.075900 	 62100.811244 	 13275203086.461056 
334 	 -4.259948 	 248.263055 	 82747.266060 	 14006768595.762968 
335 	 -202.268966 	 296.330905 	 128329.695371 	 38547389995.219055 
336 	 -140.826914 	 357.944949 	 166327.559284 	 49034083817.111450 
337 	 32.109886 	 187.114633 	 50853.670631 	 5644078878.946713 
338 	 -187.829674 	 238.002255 	 78473.005749 	 12888890909.922825 
339 	 106.369342 	 191.238670 	 56471.493129 	 8134222768.803725 
340 	 255.351762 	 267.753716 	 100031.832015 	 21709063899.207085 
341 	 98.891555 	 187.915309 	 50672.747000 	 5863561987.964231 
342 	 196.120267 	 229.046063 	 77129.998832 	 12856257274.897997 
343 	 110.507837 	 171.570212 	 43358.974944 	 4582654205.723685 
344 	 4.037664 	 167.510578 	 43811.530710 	 5244824005.013642 
345 	 -366.459495 	 366.555358 	 157654.102397 	 39663093494.853912 
346 	 -154.113833 	 375.255786 	 180901.169875 	 56658386917.595627 
347 	 -31.286227 	 357.724347 	 167863.130955 	 51853293691.079849 
348 	 209.372096 	 246.939663 	 83597.916708 	 15565372516.859198 
349 	 -148.768305 	 223.782220 	 94246.940613 	 35470079231.849068 
350 	 -141.537996 	 242.634057 	 85818.859136 	 16256942939.958942 
351 	 -140.949580 	 276.121460 	 105897.407607 	 22429114029.635082 
352 	 -145.824388 	 285.117038 	 114590.184693 	 27380173546.339996 
353 	 -124.502506 	 207.711634 	 59323.239868 	 7688018325.682359 
354 	 225.450878 	 306.402856 	 123317.023695 	 28024117085.823540 
355 	 -66.387653 	 203.144676 	 59441.453272 	 8510704209.457787 
356 	 -141.988973 	 210.566770 	 62178.681975 	 9111030150.697239 
357 	 219.357017 	 252.534357 	 92690.124940 	 18715978087.797665 
358 	 -27.344620 	 151.090127 	 37601.985775 	 4802635188.400387 
359 	 76.183722 	 194.419865 	 53909.090537 	 6305627804.833175 
360 	 24.524388 	 220.278064 	 69687.383364 	 11817129951.076010 
361 	 91.045597 	 211.176707 	 61520.991828 	 7242281102.585719 
362 	 168.542989 	 187.514392 	 61227.183052 	 13287754687.727316 
363 	 -83.001749 	 205.862095 	 59622.647663 	 7695199077.113380 
364 	 -208.498573 	 284.468335 	 112830.875440 	 31624630145.792980 
365 	 -204.639588 	 364.829598 	 174033.970925 	 58857691606.016869 
366 	 44.005760 	 201.064390 	 60712.230357 	 9139290964.595186 
367 	 327.082956 	 328.248279 	 143716.758113 	 40147886751.187637 
368 	 -122.215320 	 220.064337 	 75927.720622 	 16665489962.011879 
369 	 224.102498 	 258.440347 	 100392.464564 	 22911528336.440884 
370 	 172.967793 	 248.189115 	 96222.280774 	 22071873299.053188 
371 	 -243.852775 	 276.589769 	 112318.966472 	 30351077109.574055 
372 	 2.845426 	 233.164119 	 76149.502224 	 12979322001.635574 
373 	 -254.243212 	 320.665562 	 132814.225224 	 31597921462.575768 
374 	 -133.089616 	 310.003513 	 144403.720120 	 45811277848.930405 
375 	 90.115825 	 189.638313 	 45439.929619 	 3712367001.603611 
376 	 -51.699478 	 255.761390 	 101767.481283 	 24135220886.734318 
377 	 92.056708 	 305.830359 	 133515.498285 	 35178712864.413574 
378 	 11.182265 	 206.517165 	 68981.457226 	 12612849562.862120 
379 	 -67.320500 	 266.801296 	 96768.431627 	 17752071929.389206 
380 	 -139.295635 	 205.654555 	 60499.444411 	 8864060686.584858 
381 	 109.346938 	 345.785225 	 154633.855651 	 43767239383.426605 
382 	 237.396890 	 299.159993 	 120973.809904 	 30736443421.172062 
383 	 87.161494 	 188.779729 	 53827.828954 	 7665699725.900266 
384 	 12.204922 	 255.211639 	 100876.501032 	 31448443412.713257 
385 	 -6.835814 	 155.169182 	 39003.605862 	 4447436999.512093 
386 	 -177.474182 	 257.946514 	 106883.396060 	 33925164186.233494 
387 	 -175.492198 	 255.266419 	 99318.469534 	 23439156449.392075 
388 	 -65.335172 	 177.152584 	 59821.813603 	 12821855610.009283 
389 	 -131.438898 	 228.509020 	 83600.260098 	 17398207625.803455 
390 	 -114.786769 	 263.338812 	 95114.717981 	 18054436461.068161 
391 	 213.910416 	 259.066327 	 101838.542050 	 27212151880.906231 
392 	 134.492556 	 372.035043 	 160422.784145 	 37456341724.183403 
393 	 6.055453 	 233.563056 	 89114.046688 	 22639102245.432236 
394 	 39.468449 	 293.619070 	 131657.868806 	 41867612451.688812 
395 	 -144.979942 	 192.690420 	 53271.978173 	 6678942807.771639 
396 	 112.942030 	 188.050629 	 52099.280939 	 7965195779.587328 
397 	 62.660566 	 164.915520 	 37870.784080 	 3173863206.809280 
398 	 143.536101 	 177.404577 	 47571.255397 	 6300941388.838253 
399 	 118.580166 	 226.565276 	 73856.297939 	 12225268571.431732 
400 	 -231.545067 	 319.799616 	 144120.775499 	 42447352053.105064 

%ACCRATE = 0.903950

%%%%%%%%%%%%%%%%%%%%%%%%%%%%%%%%%%%%%%%%%%%%%%%%%%%%%%%%%%%%%%%%%%%%%%%%%%%
%KAPPA = 0.190000
%%%%%%%%%%%%%%%%%%%%%%%%%%%%%%%%%%%%%%%%%%%%%%%%%%%%%%%%%%%%%%%%%%%%%%%%%%%

401 	 -1136.609658 	 1136.609658 	 1317692.488658 	 1852529272641.440674 
402 	 -1082.522061 	 1082.522061 	 1196626.769681 	 1548428722232.553467 
403 	 -1129.470122 	 1129.470122 	 1309258.421201 	 1870347306254.844482 
404 	 -1092.464731 	 1092.464731 	 1252920.083075 	 1797141224989.175293 
405 	 -1196.984816 	 1196.984816 	 1445165.249767 	 2158020118472.178223 
406 	 -1093.264094 	 1093.264094 	 1215108.126322 	 1571861829320.964844 
407 	 -1174.271013 	 1174.271013 	 1397448.917998 	 2059424026587.425781 
408 	 -1183.190998 	 1183.190998 	 1428751.176716 	 2189393758046.560059 
409 	 -1104.742036 	 1104.742036 	 1240115.987315 	 1632998671860.309082 
410 	 -1118.033000 	 1118.033000 	 1267551.901601 	 1698297000139.714600 
411 	 -1169.520628 	 1169.520628 	 1384348.255913 	 2004422015993.825195 
412 	 -1126.887756 	 1126.887756 	 1288835.458583 	 1749544070940.922607 
413 	 -1091.690205 	 1091.690205 	 1210808.616111 	 1556259851265.443604 
414 	 -1207.176472 	 1207.176472 	 1481384.094788 	 2325224408025.777344 
415 	 -1113.237072 	 1113.237072 	 1269699.762080 	 1759487189792.537598 
416 	 -1109.536977 	 1109.536977 	 1275441.660096 	 1815196233761.299561 
417 	 -1174.351923 	 1174.351923 	 1393690.969707 	 2021698063174.068604 
418 	 -1163.458271 	 1163.458271 	 1376172.093886 	 2013713028230.791992 
419 	 -1068.205363 	 1068.205363 	 1199211.757240 	 1650034164564.660645 
420 	 -1080.020423 	 1080.020423 	 1197241.622938 	 1579156561643.510742 
421 	 -1048.486407 	 1048.486407 	 1118686.899458 	 1340738230181.511475 
422 	 685.372892 	 788.194542 	 729411.876887 	 815555339374.487549 
423 	 1139.152158 	 1139.152158 	 1325242.922520 	 1891760394792.316650 
424 	 1092.662717 	 1092.662717 	 1226210.676109 	 1635186934078.188477 
425 	 1152.955103 	 1152.955103 	 1350849.812333 	 1936881596016.603516 
426 	 1134.482103 	 1134.482103 	 1305100.016869 	 1794758714027.304688 
427 	 1189.752437 	 1189.752437 	 1427618.024683 	 2104796876415.557617 
428 	 1166.842898 	 1166.842898 	 1398438.166834 	 2122878226418.314209 
429 	 982.791998 	 982.791998 	 1062431.772397 	 1425246574902.312500 
430 	 1009.903755 	 1009.903755 	 1084081.579931 	 1417221826204.236816 
431 	 907.076109 	 907.190652 	 979685.249576 	 1320863411912.654297 
432 	 870.189374 	 872.001198 	 913765.304639 	 1206731917695.462402 
433 	 1154.373864 	 1154.373864 	 1354215.034897 	 1934433100008.244385 
434 	 1017.233594 	 1017.233594 	 1062938.015033 	 1249104135060.448730 
435 	 1154.981927 	 1154.981927 	 1364711.722423 	 2014001108017.687988 
436 	 1087.538903 	 1087.538903 	 1199431.838208 	 1519007158810.852051 
437 	 1229.274329 	 1229.274329 	 1541829.939894 	 2554649477957.471680 
438 	 1177.480193 	 1177.480193 	 1413334.190320 	 2152420764126.055908 
439 	 1137.547559 	 1137.547559 	 1311180.693268 	 1806595078344.311035 
440 	 1121.073402 	 1121.073402 	 1287490.979724 	 1801558030447.984863 
441 	 1235.664656 	 1235.664656 	 1539341.130282 	 2445007502248.479004 
442 	 1183.866450 	 1183.866450 	 1418427.616888 	 2105095712079.702881 
443 	 1126.113908 	 1126.113908 	 1290543.335455 	 1784271707842.441895 
444 	 1135.751802 	 1135.751802 	 1319518.341085 	 1886027534184.730713 
445 	 1108.398244 	 1108.398244 	 1256325.115010 	 1709678186292.648682 
446 	 1207.216403 	 1207.216403 	 1470547.368611 	 2237184995122.606445 
447 	 1055.418530 	 1055.418530 	 1152097.577871 	 1480072749219.281982 
448 	 1176.959956 	 1176.959956 	 1416036.193675 	 2170172703947.107666 
449 	 1040.186037 	 1040.186037 	 1100257.946301 	 1289290734094.683838 
450 	 1142.961163 	 1142.961163 	 1334746.451611 	 1928505836575.775635 
451 	 1195.406741 	 1195.406741 	 1441749.810431 	 2150707816182.118408 
452 	 1011.773192 	 1011.773192 	 1090509.624471 	 1408386436468.543457 
453 	 1164.483661 	 1164.483661 	 1386015.060006 	 2077399658708.795654 
454 	 1074.440642 	 1074.440642 	 1173172.212722 	 1457988998392.211426 
455 	 1174.510422 	 1174.510422 	 1409140.995557 	 2150797966428.714600 
456 	 1042.677390 	 1042.677390 	 1148243.190290 	 1528005824845.908447 
457 	 1126.690858 	 1126.690858 	 1291255.422099 	 1776455532420.357422 
458 	 1082.267295 	 1082.267295 	 1217638.127074 	 1670042710938.475586 
459 	 1143.456466 	 1143.456466 	 1329519.748467 	 1878248916367.354736 
460 	 1162.224013 	 1162.224013 	 1365082.555872 	 1938709417181.978271 
461 	 1043.932256 	 1043.932256 	 1152956.794081 	 1580829045381.238281 
462 	 1164.477018 	 1164.477018 	 1370924.670921 	 1960195851652.754639 
463 	 1084.771301 	 1084.771301 	 1221554.622076 	 1658209381669.453613 
464 	 1078.859965 	 1078.859965 	 1185682.690549 	 1500962415070.798584 
465 	 1111.326666 	 1111.326666 	 1264139.715540 	 1721225786638.063477 
466 	 -682.411426 	 846.754213 	 834533.872627 	 966236029249.259644 
467 	 -1049.988607 	 1049.988607 	 1151730.284587 	 1526775178026.240967 
468 	 -1151.006850 	 1151.006850 	 1347416.869249 	 1938576858279.867432 
469 	 -1047.490418 	 1047.490418 	 1125070.605014 	 1390960281044.326172 
470 	 404.691133 	 746.552376 	 670159.553237 	 698082909778.331909 
471 	 1137.320629 	 1137.320629 	 1309752.533261 	 1800172582981.658936 
472 	 1066.847894 	 1066.847894 	 1160020.324244 	 1443673177062.344482 
473 	 1114.006771 	 1114.006771 	 1270577.503522 	 1736664274006.707275 
474 	 1123.422537 	 1123.422537 	 1281736.048164 	 1736960938180.237549 
475 	 1053.452927 	 1053.452927 	 1137521.688759 	 1413578812309.477539 
476 	 1092.339831 	 1092.339831 	 1213294.856752 	 1568393364270.324707 
477 	 1134.154674 	 1134.154674 	 1305015.533171 	 1796552904461.117676 
478 	 1135.179447 	 1135.179447 	 1312109.302162 	 1838405745650.893066 
479 	 1093.195161 	 1093.195161 	 1209468.028751 	 1533726154602.510254 
480 	 1160.634278 	 1160.634278 	 1371344.173059 	 2016473374519.645996 
481 	 1045.963562 	 1045.963562 	 1136747.308348 	 1474805880883.285400 
482 	 1103.254226 	 1103.254226 	 1235854.981452 	 1615900871621.931396 
483 	 1122.064580 	 1122.064580 	 1273350.426444 	 1696591671796.598389 
484 	 1166.752845 	 1166.752845 	 1387038.636091 	 2048963356483.455566 
485 	 1071.639987 	 1071.639987 	 1179664.165038 	 1500623154911.329346 
486 	 1074.614958 	 1074.614958 	 1187037.425491 	 1529175962520.842041 
487 	 1127.056627 	 1127.056627 	 1296920.078377 	 1814841555509.370361 
488 	 860.626793 	 860.626793 	 851074.942002 	 1048840117325.500122 
489 	 1025.679551 	 1025.679551 	 1079987.327351 	 1273674620592.644287 
490 	 1181.355582 	 1181.355582 	 1413281.781027 	 2091668690900.622070 
491 	 1171.276695 	 1171.276695 	 1395209.838849 	 2067227436977.812500 
492 	 1149.745862 	 1149.745862 	 1339668.432365 	 1888863099350.218018 
493 	 1201.165128 	 1201.165128 	 1463177.595028 	 2254252381776.104980 
494 	 1135.267394 	 1135.267394 	 1309337.894266 	 1819405347602.757324 
495 	 1145.573838 	 1145.573838 	 1335959.791795 	 1902942686624.828613 
496 	 929.803464 	 929.803464 	 903610.351320 	 944315625998.308594 
497 	 1191.304022 	 1191.304022 	 1430257.624285 	 2107138360539.020508 
498 	 1080.508841 	 1080.508841 	 1190717.571647 	 1523342179253.481445 
499 	 1123.473968 	 1123.473968 	 1288892.997315 	 1798558087627.022705 
500 	 1103.574197 	 1103.574197 	 1245648.379875 	 1676921427765.599365 

%ACCRATE = 0.896190

%%%%%%%%%%%%%%%%%%%%%%%%%%%%%%%%%%%%%%%%%%%%%%%%%%%%%%%%%%%%%%%%%%%%%%%%%%%
%KAPPA = 0.200000
%%%%%%%%%%%%%%%%%%%%%%%%%%%%%%%%%%%%%%%%%%%%%%%%%%%%%%%%%%%%%%%%%%%%%%%%%%%

501 	 1628.752743 	 1628.752743 	 2660069.247621 	 7151501833620.490234 
502 	 1658.198377 	 1658.198377 	 2756231.877177 	 7667906552372.761719 
503 	 1652.419534 	 1652.419534 	 2736909.556485 	 7560413753624.762695 
504 	 1676.889921 	 1676.889921 	 2818027.079377 	 8008035965511.465820 
505 	 1651.735647 	 1651.735647 	 2733628.732065 	 7531737818384.175781 
506 	 1667.262751 	 1667.262751 	 2786829.045086 	 7843366183770.643555 
507 	 1659.958631 	 1659.958631 	 2761356.783168 	 7689328793987.955078 
508 	 1662.155392 	 1662.155392 	 2768840.239365 	 7732968788861.833008 
509 	 1667.459949 	 1667.459949 	 2787174.115022 	 7841901666025.822266 
510 	 1659.209845 	 1659.209845 	 2759607.513136 	 7688489776898.493164 
511 	 1668.291620 	 1668.291620 	 2788535.650848 	 7835223977343.585938 
512 	 1654.581142 	 1654.581142 	 2742984.847664 	 7582241030618.130859 
513 	 1673.736419 	 1673.736419 	 2808127.758731 	 7959972536903.380859 
514 	 1676.849927 	 1676.849927 	 2817942.732967 	 8008730039917.901367 
515 	 1646.227581 	 1646.227581 	 2715850.124590 	 7438237179395.086914 
516 	 1690.564571 	 1690.564571 	 2863475.218390 	 8261525594418.596680 
517 	 1653.144121 	 1653.144121 	 2739007.699445 	 7568643659810.513672 
518 	 1669.519168 	 1669.519168 	 2792420.728145 	 7854125279171.670898 
519 	 1658.535085 	 1658.535085 	 2756282.680696 	 7657673403553.601562 
520 	 1658.215435 	 1658.215435 	 2755287.576064 	 7652805092271.334961 
521 	 1663.501198 	 1663.501198 	 2775320.544022 	 7789951342764.420898 
522 	 1668.985542 	 1668.985542 	 2790154.081847 	 7836329234529.441406 
523 	 1680.099373 	 1680.099373 	 2831501.895504 	 8112101336339.195312 
524 	 1667.695030 	 1667.695030 	 2787164.994822 	 7833660789834.699219 
525 	 1661.116637 	 1661.116637 	 2765850.148558 	 7722192883231.043945 
526 	 1648.927135 	 1648.927135 	 2725263.086179 	 7495527936245.002930 
527 	 1669.407752 	 1669.407752 	 2795448.571207 	 7907292838820.697266 
528 	 1667.740090 	 1667.740090 	 2787893.729638 	 7844863025631.088867 
529 	 1669.286155 	 1669.286155 	 2793098.929221 	 7875063998748.767578 
530 	 1662.008516 	 1662.008516 	 2768111.435393 	 7725886193075.747070 
531 	 1622.589968 	 1622.589968 	 2639398.512775 	 7035867891981.522461 
532 	 1656.737372 	 1656.737372 	 2752350.074241 	 7655964179425.225586 
533 	 1677.789957 	 1677.789957 	 2821476.286850 	 8033781720602.451172 
534 	 1658.549588 	 1658.549588 	 2759944.940474 	 7715399140822.424805 
535 	 1656.395423 	 1656.395423 	 2750529.173075 	 7639801845018.059570 
536 	 1635.874795 	 1635.874795 	 2684913.566545 	 7301131923926.023438 
537 	 1667.112262 	 1667.112262 	 2784717.247424 	 7814194828189.836914 
538 	 1654.060479 	 1654.060479 	 2743490.264033 	 7608671063277.394531 
539 	 1663.098071 	 1663.098071 	 2774778.784011 	 7795835909851.295898 
540 	 1659.092739 	 1659.092739 	 2759193.679343 	 7685192467865.140625 
541 	 1673.020318 	 1673.020318 	 2806343.833258 	 7955867646154.780273 
542 	 1652.690179 	 1652.690179 	 2738039.251863 	 7568534657455.232422 
543 	 1675.986564 	 1675.986564 	 2813889.834778 	 7973980707245.072266 
544 	 1661.973628 	 1661.973628 	 2768998.136678 	 7743629076519.085938 
545 	 1680.125661 	 1680.125661 	 2829759.422984 	 8084390980408.194336 
546 	 1656.288306 	 1656.288306 	 2751205.983547 	 7655524126371.057617 
547 	 1668.396824 	 1668.396824 	 2788588.887651 	 7832053236689.119141 
548 	 1637.151286 	 1637.151286 	 2686615.221222 	 7285014723968.733398 
549 	 1676.838726 	 1676.838726 	 2817436.847788 	 8000690965994.625000 
550 	 1682.669685 	 1682.669685 	 2838258.516547 	 8133482556868.283203 
551 	 1641.130050 	 1641.130050 	 2699293.534108 	 7350399220345.239258 
552 	 1638.814792 	 1638.814792 	 2692073.975327 	 7314669658043.419922 
553 	 1646.949835 	 1646.949835 	 2720679.556536 	 7489155945646.541016 
554 	 1643.825843 	 1643.825843 	 2709610.421658 	 7421358115436.741211 
555 	 1649.109933 	 1649.109933 	 2726776.708262 	 7512168984522.511719 
556 	 1632.909281 	 1632.909281 	 2672584.166803 	 7207790477729.976562 
557 	 1685.716749 	 1685.716749 	 2847890.577538 	 8181120283143.581055 
558 	 1629.200915 	 1629.200915 	 2663270.064028 	 7186454772604.428711 
559 	 1682.265961 	 1682.265961 	 2835771.545952 	 8106375770237.489258 
560 	 1657.583796 	 1657.583796 	 2753704.095517 	 7650737399238.163086 
561 	 1653.917717 	 1653.917717 	 2740876.214399 	 7572106186318.521484 
562 	 1698.722543 	 1698.722543 	 2891249.311654 	 8423488997659.220703 
563 	 1677.291637 	 1677.291637 	 2821048.056499 	 8044183894327.001953 
564 	 1690.128437 	 1690.128437 	 2861392.821198 	 8242761985325.821289 
565 	 1650.203881 	 1650.203881 	 2729511.866575 	 7519660809893.659180 
566 	 1683.783103 	 1683.783103 	 2839750.344819 	 8117270160710.930664 
567 	 1676.682639 	 1676.682639 	 2817119.007471 	 8000762133875.993164 
568 	 1663.872616 	 1663.872616 	 2775668.426206 	 7783620186986.870117 
569 	 1638.265961 	 1638.265961 	 2689293.120028 	 7289859770175.891602 
570 	 1678.270408 	 1678.270408 	 2821227.293673 	 8012061918703.125977 
571 	 1646.032042 	 1646.032042 	 2716615.538005 	 7457524373451.390625 
572 	 1657.833359 	 1657.833359 	 2754267.389211 	 7650154917341.115234 
573 	 1670.183036 	 1670.183036 	 2795813.560733 	 7885910222563.041016 
574 	 1659.210674 	 1659.210674 	 2758977.374405 	 7677424947914.485352 
575 	 1672.601159 	 1672.601159 	 2804409.954060 	 7940421286098.655273 
576 	 1636.211816 	 1636.211816 	 2684389.974129 	 7282982829880.974609 
577 	 1652.010728 	 1652.010728 	 2734619.883777 	 7537684506598.939453 
578 	 1642.494734 	 1642.494734 	 2703601.596687 	 7371739219331.532227 
579 	 1660.610823 	 1660.610823 	 2763476.014402 	 7701143478428.684570 
580 	 1683.362521 	 1683.362521 	 2840488.062319 	 8142861089659.752930 
581 	 1681.173517 	 1681.173517 	 2832506.237598 	 8091967712703.279297 
582 	 1660.588301 	 1660.588301 	 2765326.370401 	 7729377625690.277344 
583 	 1681.584778 	 1681.584778 	 2833132.940820 	 8086749463270.005859 
584 	 1652.641347 	 1652.641347 	 2737116.734533 	 7554799860343.144531 
585 	 1679.739610 	 1679.739610 	 2826298.257190 	 8041576125868.373047 
586 	 1662.796312 	 1662.796312 	 2769428.508920 	 7719868274448.836914 
587 	 1649.615452 	 1649.615452 	 2729568.427462 	 7539600045862.333984 
588 	 1662.762684 	 1662.762684 	 2770091.540271 	 7731443152876.211914 
589 	 1667.165758 	 1667.165758 	 2784599.020199 	 7811605007134.666992 
590 	 1651.190882 	 1651.190882 	 2734414.584531 	 7561191345444.841797 
591 	 1671.899963 	 1671.899963 	 2800770.442459 	 7906470831012.696289 
592 	 1652.022646 	 1652.022646 	 2741021.078192 	 7639309785063.936523 
593 	 1635.410974 	 1635.410974 	 2682442.663367 	 7279037010414.433594 
594 	 1633.081656 	 1633.081656 	 2673890.176862 	 7224601297496.009766 
595 	 1644.820791 	 1644.820791 	 2714166.174843 	 7460266045559.532227 
596 	 1646.836789 	 1646.836789 	 2719512.170066 	 7476006064091.785156 
597 	 1666.012222 	 1666.012222 	 2781623.431764 	 7803082432449.643555 
598 	 1644.059885 	 1644.059885 	 2708792.552799 	 7400755449920.125000 
599 	 1652.784365 	 1652.784365 	 2736790.579851 	 7544640119511.326172 
600 	 1638.961921 	 1638.961921 	 2692713.182653 	 7319492445894.707031 

%ACCRATE = 0.886820

%%%%%%%%%%%%%%%%%%%%%%%%%%%%%%%%%%%%%%%%%%%%%%%%%%%%%%%%%%%%%%%%%%%%%%%%%%%
%KAPPA = 0.210000
%%%%%%%%%%%%%%%%%%%%%%%%%%%%%%%%%%%%%%%%%%%%%%%%%%%%%%%%%%%%%%%%%%%%%%%%%%%

601 	 1941.551131 	 1941.551131 	 3772630.474340 	 14278029246628.214844 
602 	 1937.936636 	 1937.936636 	 3759008.294020 	 14180658907966.851562 
603 	 1947.535623 	 1947.535623 	 3796478.010643 	 14467242349255.185547 
604 	 1939.849420 	 1939.849420 	 3765706.302036 	 14220790791139.308594 
605 	 1944.228964 	 1944.228964 	 3783264.384359 	 14361918287144.542969 
606 	 1947.306265 	 1947.306265 	 3794822.315650 	 14443449034218.697266 
607 	 1963.508502 	 1963.508502 	 3858400.718750 	 14933942069207.933594 
608 	 1948.479463 	 1948.479463 	 3799400.588392 	 14478260744716.201172 
609 	 1931.035595 	 1931.035595 	 3731982.430205 	 13973559850868.585938 
610 	 1943.383360 	 1943.383360 	 3779582.043032 	 14328279116095.568359 
611 	 1954.765625 	 1954.765625 	 3824409.059794 	 14676350443354.910156 
612 	 1950.304117 	 1950.304117 	 3807142.487037 	 14545869880315.322266 
613 	 1942.128294 	 1942.128294 	 3775057.987323 	 14298974826013.574219 
614 	 1951.138999 	 1951.138999 	 3809702.727123 	 14555559242291.050781 
615 	 1936.015841 	 1936.015841 	 3751117.448087 	 14114956242553.976562 
616 	 1946.258740 	 1946.258740 	 3791706.822793 	 14434173287095.486328 
617 	 1958.741790 	 1958.741790 	 3839743.928643 	 14790672620591.484375 
618 	 1952.689737 	 1952.689737 	 3815631.504846 	 14598867717452.863281 
619 	 1947.330081 	 1947.330081 	 3795914.702993 	 14466643575804.578125 
620 	 1942.876831 	 1942.876831 	 3778285.889579 	 14328383997117.068359 
621 	 1943.877660 	 1943.877660 	 3782044.809032 	 14354530240183.189453 
622 	 1932.587998 	 1932.587998 	 3738254.424670 	 14024319552169.062500 
623 	 1943.565413 	 1943.565413 	 3780991.001585 	 14348801862931.562500 
624 	 1948.461640 	 1948.461640 	 3799471.091402 	 14480801954624.117188 
625 	 1946.389975 	 1946.389975 	 3792242.353093 	 14438229722257.250000 
626 	 1946.714371 	 1946.714371 	 3792720.927841 	 14430196006058.578125 
627 	 1942.101252 	 1942.101252 	 3774254.509131 	 14282448350024.744141 
628 	 1948.667352 	 1948.667352 	 3800299.881754 	 14487572336034.191406 
629 	 1941.517494 	 1941.517494 	 3772528.943249 	 14277457510994.218750 
630 	 1947.599151 	 1947.599151 	 3796395.342918 	 14461668167669.908203 
631 	 1955.558256 	 1955.558256 	 3827194.208564 	 14693046697819.019531 
632 	 1950.123898 	 1950.123898 	 3806423.370854 	 14540811328874.695312 
633 	 1943.800863 	 1943.800863 	 3781843.005250 	 14355167702052.886719 
634 	 1946.332830 	 1946.332830 	 3791552.649656 	 14426621355379.447266 
635 	 1945.638925 	 1945.638925 	 3789054.371465 	 14410230200257.949219 
636 	 1937.647399 	 1937.647399 	 3757837.899706 	 14171579025869.722656 
637 	 1933.236955 	 1933.236955 	 3740838.443331 	 14044843935321.017578 
638 	 1951.383111 	 1951.383111 	 3811376.707391 	 14579388225768.238281 
639 	 1946.250382 	 1946.250382 	 3791187.216042 	 14422979648592.894531 
640 	 1937.549946 	 1937.549946 	 3757282.142264 	 14164801070518.341797 
641 	 1950.124306 	 1950.124306 	 3806725.085584 	 14547776047170.626953 
642 	 1944.912730 	 1944.912730 	 3786320.107305 	 14390380180353.066406 
643 	 1934.944321 	 1934.944321 	 3746899.959340 	 14082228071921.611328 
644 	 1952.248956 	 1952.248956 	 3814806.270666 	 14606426135499.767578 
645 	 1941.921651 	 1941.921651 	 3774686.244781 	 14302522805113.955078 
646 	 1959.583134 	 1959.583134 	 3843114.904459 	 14817805441213.572266 
647 	 1947.977396 	 1947.977396 	 3797432.913497 	 14463238246930.115234 
648 	 1947.133456 	 1947.133456 	 3794163.746915 	 14438425300091.361328 
649 	 1952.422174 	 1952.422174 	 3814715.635669 	 14594267246515.001953 
650 	 1939.593274 	 1939.593274 	 3765293.312791 	 14226165953968.982422 
651 	 1941.315859 	 1941.315859 	 3772308.381530 	 14284342729671.503906 
652 	 1956.721745 	 1956.721745 	 3831299.072206 	 14717829747629.843750 
653 	 1940.558843 	 1940.558843 	 3768869.846629 	 14251051690124.896484 
654 	 1936.775364 	 1936.775364 	 3754426.839988 	 14145588188290.603516 
655 	 1943.494338 	 1943.494338 	 3780322.392825 	 14338179434926.673828 
656 	 1949.997420 	 1949.997420 	 3805539.778464 	 14528531110572.361328 
657 	 1951.034916 	 1951.034916 	 3809512.657375 	 14557219522543.628906 
658 	 1944.949712 	 1944.949712 	 3785981.814047 	 14381103184371.939453 
659 	 1943.123347 	 1943.123347 	 3778663.784693 	 14322575900850.734375 
660 	 1951.659954 	 1951.659954 	 3811690.293878 	 14570170593785.296875 
661 	 1947.818788 	 1947.818788 	 3797374.978174 	 14470778656045.607422 
662 	 1944.423621 	 1944.423621 	 3784038.059207 	 14368085252332.515625 
663 	 1951.100287 	 1951.100287 	 3809444.377050 	 14552101248411.417969 
664 	 1941.167011 	 1941.167011 	 3771232.987110 	 14268892573881.080078 
665 	 1942.846505 	 1942.846505 	 3778506.143676 	 14334569699715.898438 
666 	 1947.501048 	 1947.501048 	 3795829.834178 	 14454490264253.980469 
667 	 1946.760887 	 1946.760887 	 3792883.586757 	 14431341110384.896484 
668 	 1945.756683 	 1945.756683 	 3789101.460473 	 14404352098431.845703 
669 	 1949.183581 	 1949.183581 	 3802445.515736 	 14506037581783.693359 
670 	 1946.596756 	 1946.596756 	 3792069.171340 	 14422635591001.527344 
671 	 1961.981815 	 1961.981815 	 3852350.272307 	 14886462481650.482422 
672 	 1953.456139 	 1953.456139 	 3818662.422035 	 14622340018607.480469 
673 	 1928.598657 	 1928.598657 	 3722419.968425 	 13899813985237.699219 
674 	 1949.425828 	 1949.425828 	 3803118.115798 	 14506825271765.074219 
675 	 1946.409529 	 1946.409529 	 3792113.529536 	 14434889403765.367188 
676 	 1949.548721 	 1949.548721 	 3803367.180339 	 14505478570361.539062 
677 	 1939.948645 	 1939.948645 	 3766966.772279 	 14243284006393.048828 
678 	 1952.167714 	 1952.167714 	 3814152.627574 	 14596212089986.826172 
679 	 1937.316100 	 1937.316100 	 3756519.499722 	 14160947504538.275391 
680 	 1939.090183 	 1939.090183 	 3763995.439377 	 14226514065406.691406 
681 	 1954.614475 	 1954.614475 	 3823786.109679 	 14670822035686.683594 
682 	 1952.951174 	 1952.951174 	 3817332.900386 	 14621914425977.236328 
683 	 1948.216096 	 1948.216096 	 3798726.245412 	 14478184853092.320312 
684 	 1958.812533 	 1958.812533 	 3840070.464069 	 14793833073737.142578 
685 	 1947.438161 	 1947.438161 	 3795130.480109 	 14442686094018.341797 
686 	 1944.169298 	 1944.169298 	 3783003.975030 	 14359332184176.554688 
687 	 1941.882607 	 1941.882607 	 3773722.120688 	 14283306668622.953125 
688 	 1947.587615 	 1947.587615 	 3796814.797689 	 14472310676580.632812 
689 	 1953.258688 	 1953.258688 	 3817754.704549 	 14613833061795.398438 
690 	 1933.737201 	 1933.737201 	 3742322.624115 	 14049491436039.832031 
691 	 1945.436130 	 1945.436130 	 3788649.230033 	 14412809133643.507812 
692 	 1944.857930 	 1944.857930 	 3785915.316067 	 14385003268004.160156 
693 	 1952.578877 	 1952.578877 	 3815215.418569 	 14596374071893.876953 
694 	 1953.815260 	 1953.815260 	 3820504.041819 	 14643718327401.472656 
695 	 1947.772943 	 1947.772943 	 3797597.613344 	 14479408954090.792969 
696 	 1951.130590 	 1951.130590 	 3809665.676722 	 14555484791402.490234 
697 	 1960.464053 	 1960.464053 	 3846045.819428 	 14832597421942.464844 
698 	 1944.537677 	 1944.537677 	 3784769.749776 	 14377994611875.798828 
699 	 1938.417006 	 1938.417006 	 3760624.976229 	 14189666653991.849609 
700 	 1938.430972 	 1938.430972 	 3760821.182995 	 14193226885659.341797 

%ACCRATE = 0.879790

%%%%%%%%%%%%%%%%%%%%%%%%%%%%%%%%%%%%%%%%%%%%%%%%%%%%%%%%%%%%%%%%%%%%%%%%%%%
%KAPPA = 0.220000
%%%%%%%%%%%%%%%%%%%%%%%%%%%%%%%%%%%%%%%%%%%%%%%%%%%%%%%%%%%%%%%%%%%%%%%%%%%

701 	 2138.643798 	 2138.643798 	 4575766.864590 	 20973536525028.351562 
702 	 2141.215505 	 2141.215505 	 4586583.362434 	 21069266717631.898438 
703 	 2136.110998 	 2136.110998 	 4565299.028529 	 20884331782621.492188 
704 	 2132.203143 	 2132.203143 	 4548258.115581 	 20722367617560.070312 
705 	 2139.124288 	 2139.124288 	 4577582.804413 	 20985970504216.652344 
706 	 2124.997520 	 2124.997520 	 4518060.242895 	 20456923484097.746094 
707 	 2135.681529 	 2135.681529 	 4563231.996925 	 20861295552134.328125 
708 	 2146.928800 	 2146.928800 	 4611352.179323 	 21301972439428.984375 
709 	 2145.801008 	 2145.801008 	 4606240.716119 	 21250258605494.046875 
710 	 2141.417173 	 2141.417173 	 4587640.835644 	 21082586528963.421875 
711 	 2137.944157 	 2137.944157 	 4572941.160581 	 20950659170777.343750 
712 	 2136.161295 	 2136.161295 	 4565137.062862 	 20875862508230.210938 
713 	 2132.298941 	 2132.298941 	 4548667.851014 	 20726018298747.386719 
714 	 2135.112878 	 2135.112878 	 4560729.455031 	 20837016280324.105469 
715 	 2131.280006 	 2131.280006 	 4544569.179890 	 20693316291285.843750 
716 	 2130.260367 	 2130.260367 	 4539962.791516 	 20646770705518.484375 
717 	 2135.037615 	 2135.037615 	 4560760.214279 	 20843743441760.777344 
718 	 2142.801018 	 2142.801018 	 4593896.452434 	 21146163090450.820312 
719 	 2143.222924 	 2143.222924 	 4595304.218728 	 21151647034300.695312 
720 	 2131.604137 	 2131.604137 	 4545979.622162 	 20706404460453.734375 
721 	 2139.728140 	 2139.728140 	 4580675.536457 	 21023208081478.843750 
722 	 2139.289318 	 2139.289318 	 4578712.123500 	 21003816353218.894531 
723 	 2134.120169 	 2134.120169 	 4556266.985945 	 20792534371232.156250 
724 	 2140.675028 	 2140.675028 	 4584102.042416 	 21043519188248.273438 
725 	 2145.508621 	 2145.508621 	 4605084.995087 	 21241195875997.539062 
726 	 2141.470656 	 2141.470656 	 4587728.130542 	 21080827637274.445312 
727 	 2136.694049 	 2136.694049 	 4567094.984083 	 20888072067422.664062 
728 	 2126.764336 	 2126.764336 	 4525411.199996 	 20520544130512.121094 
729 	 2139.020241 	 2139.020241 	 4577395.020390 	 20988799323493.445312 
730 	 2133.991949 	 2133.991949 	 4556247.513641 	 20801625741553.882812 
731 	 2142.181846 	 2142.181846 	 4591026.559660 	 21115584313501.246094 
732 	 2140.256219 	 2140.256219 	 4582512.705108 	 21032614826835.324219 
733 	 2136.709243 	 2136.709243 	 4567507.745037 	 20898262730855.546875 
734 	 2136.362229 	 2136.362229 	 4566543.211412 	 20898873293075.578125 
735 	 2148.147573 	 2148.147573 	 4616156.991563 	 21338703990057.460938 
736 	 2138.572971 	 2138.572971 	 4575370.387976 	 20968194088267.960938 
737 	 2139.012971 	 2139.012971 	 4577359.448421 	 20988395480074.363281 
738 	 2134.613404 	 2134.613404 	 4558820.421342 	 20823639608285.246094 
739 	 2140.464481 	 2140.464481 	 4583753.501021 	 21050390071989.074219 
740 	 2140.408674 	 2140.408674 	 4583581.314141 	 21050153704228.878906 
741 	 2137.473788 	 2137.473788 	 4570968.369794 	 20933261544504.738281 
742 	 2135.867557 	 2135.867557 	 4563904.558175 	 20865114860314.320312 
743 	 2135.177558 	 2135.177558 	 4561025.139590 	 20840151528240.953125 
744 	 2137.338433 	 2137.338433 	 4570171.919018 	 20922132310062.707031 
745 	 2140.287097 	 2140.287097 	 4582769.859820 	 21037106786776.687500 
746 	 2131.831472 	 2131.831472 	 4547520.729310 	 20730798879742.449219 
747 	 2137.297628 	 2137.297628 	 4570040.954836 	 20921700694055.800781 
748 	 2140.012726 	 2140.012726 	 4582013.677925 	 21037854322803.175781 
749 	 2138.282773 	 2138.282773 	 4574162.835219 	 20957769386895.511719 
750 	 2132.282275 	 2132.282275 	 4548686.528955 	 20728037417975.976562 
751 	 2136.564909 	 2136.564909 	 4566569.481807 	 20883819632674.660156 
752 	 2134.292999 	 2134.292999 	 4557163.367974 	 20803153303170.089844 
753 	 2135.506516 	 2135.506516 	 4562681.552499 	 20859633529439.500000 
754 	 2145.849426 	 2145.849426 	 4606791.739993 	 21261550038020.277344 
755 	 2135.987222 	 2135.987222 	 4564655.694982 	 20876455559989.222656 
756 	 2143.678413 	 2143.678413 	 4597154.134014 	 21166737036189.992188 
757 	 2136.095996 	 2136.095996 	 4565106.321260 	 20880062494975.300781 
758 	 2136.521682 	 2136.521682 	 4566633.066869 	 20888851607373.191406 
759 	 2145.563537 	 2145.563537 	 4605453.113929 	 21247088909290.968750 
760 	 2141.693806 	 2141.693806 	 4588903.155805 	 21095558734583.398438 
761 	 2143.121091 	 2143.121091 	 4595195.708333 	 21156511011847.277344 
762 	 2131.479724 	 2131.479724 	 4545205.418420 	 20695147676368.066406 
763 	 2136.265183 	 2136.265183 	 4565619.956480 	 20881203723350.921875 
764 	 2135.125659 	 2135.125659 	 4561255.037561 	 20850505805791.660156 
765 	 2130.940910 	 2130.940910 	 4543086.354398 	 20679026221258.285156 
766 	 2138.565020 	 2138.565020 	 4575474.988570 	 20971825952685.160156 
767 	 2141.074515 	 2141.074515 	 4585986.892880 	 21064046482189.519531 
768 	 2141.442407 	 2141.442407 	 4587939.955361 	 21088764368126.925781 
769 	 2137.142009 	 2137.142009 	 4569414.583277 	 20916799903605.914062 
770 	 2128.600555 	 2128.600555 	 4533212.975625 	 20591082462931.175781 
771 	 2133.113044 	 2133.113044 	 4552099.723173 	 20756645407853.375000 
772 	 2134.097485 	 2134.097485 	 4556664.436079 	 20804700460758.660156 
773 	 2133.987617 	 2133.987617 	 4555666.577532 	 20786145740304.558594 
774 	 2137.485220 	 2137.485220 	 4571269.804543 	 20940880075386.210938 
775 	 2128.701295 	 2128.701295 	 4533524.660336 	 20591825920024.683594 
776 	 2139.998260 	 2139.998260 	 4581609.200884 	 21027965283616.636719 
777 	 2133.471950 	 2133.471950 	 4553756.042497 	 20773995445528.109375 
778 	 2136.820470 	 2136.820470 	 4568080.366560 	 20905375358591.945312 
779 	 2139.442736 	 2139.442736 	 4579192.916584 	 21005210766969.246094 
780 	 2136.345027 	 2136.345027 	 4565851.766283 	 20881360801117.898438 
781 	 2143.506544 	 2143.506544 	 4596484.790383 	 21161950918174.851562 
782 	 2139.384281 	 2139.384281 	 4579286.941479 	 21012284717276.675781 
783 	 2129.504724 	 2129.504724 	 4536859.199950 	 20620459105157.074219 
784 	 2132.577240 	 2132.577240 	 4550176.592013 	 20745555017081.269531 
785 	 2145.334157 	 2145.334157 	 4604675.679483 	 21243738697958.535156 
786 	 2134.698292 	 2134.698292 	 4559183.516200 	 20826749136698.718750 
787 	 2147.765950 	 2147.765950 	 4614981.266298 	 21336498319882.308594 
788 	 2140.987268 	 2140.987268 	 4585814.867625 	 21066061312558.464844 
789 	 2142.713455 	 2142.713455 	 4593217.657794 	 21134271410745.175781 
790 	 2136.161495 	 2136.161495 	 4565157.824390 	 20876500188847.390625 
791 	 2138.840166 	 2138.840166 	 4576546.479898 	 20979756729787.632812 
792 	 2136.260643 	 2136.260643 	 4565990.793387 	 20891497395267.679688 
793 	 2133.847950 	 2133.847950 	 4555581.498567 	 20794739108480.718750 
794 	 2137.806599 	 2137.806599 	 4572139.770419 	 20939450656382.632812 
795 	 2137.351941 	 2137.351941 	 4570179.968020 	 20921274903116.097656 
796 	 2139.468022 	 2139.468022 	 4579657.753940 	 21015735853892.875000 
797 	 2132.652205 	 2132.652205 	 4550158.939985 	 20739532925891.015625 
798 	 2137.489208 	 2137.489208 	 4570939.045203 	 20931347237860.925781 
799 	 2131.432846 	 2131.432846 	 4545231.696397 	 20699457186961.453125 
800 	 2133.639182 	 2133.639182 	 4554538.413135 	 20782472811658.039062 

%ACCRATE = 0.872880

%%%%%%%%%%%%%%%%%%%%%%%%%%%%%%%%%%%%%%%%%%%%%%%%%%%%%%%%%%%%%%%%%%%%%%%%%%%
%KAPPA = 0.230000
%%%%%%%%%%%%%%%%%%%%%%%%%%%%%%%%%%%%%%%%%%%%%%%%%%%%%%%%%%%%%%%%%%%%%%%%%%%

801 	 2286.845909 	 2286.845909 	 5231291.707165 	 27400409219989.875000 
802 	 2284.457414 	 2284.457414 	 5220218.022685 	 27281356054632.734375 
803 	 2279.046993 	 2279.046993 	 5195439.091602 	 27021291552074.437500 
804 	 2290.639069 	 2290.639069 	 5248330.255307 	 27572285341394.964844 
805 	 2287.519454 	 2287.519454 	 5234179.147350 	 27426585335020.789062 
806 	 2280.182355 	 2280.182355 	 5200510.446309 	 27071954568104.367188 
807 	 2285.855986 	 2285.855986 	 5226399.667291 	 27341625774558.574219 
808 	 2285.325024 	 2285.325024 	 5224279.755185 	 27325820957835.933594 
809 	 2283.963153 	 2283.963153 	 5217950.927355 	 27257437725784.429688 
810 	 2286.539357 	 2286.539357 	 5229660.455990 	 27378449543298.843750 
811 	 2285.932377 	 2285.932377 	 5227133.861887 	 27357234448192.324219 
812 	 2279.420069 	 2279.420069 	 5197328.203529 	 27044786832327.511719 
813 	 2289.635053 	 2289.635053 	 5243645.696582 	 27521265055961.300781 
814 	 2284.754788 	 2284.754788 	 5221448.793401 	 27291530530721.332031 
815 	 2284.719128 	 2284.719128 	 5221457.889216 	 27295292872062.117188 
816 	 2287.341140 	 2287.341140 	 5233259.951816 	 27414802594561.402344 
817 	 2287.369880 	 2287.369880 	 5233730.880618 	 27426812446115.281250 
818 	 2279.802456 	 2279.802456 	 5198977.000637 	 27060025780507.738281 
819 	 2277.577386 	 2277.577386 	 5189252.520671 	 26967548899582.695312 
820 	 2286.318200 	 2286.318200 	 5228785.428871 	 27372299406423.414062 
821 	 2286.336624 	 2286.336624 	 5228916.848766 	 27374569876794.050781 
822 	 2283.592825 	 2283.592825 	 5216415.787610 	 27244667911609.667969 
823 	 2284.556323 	 2284.556323 	 5220709.734660 	 27287229346586.238281 
824 	 2286.136093 	 2286.136093 	 5227643.106855 	 27353876862425.667969 
825 	 2275.490927 	 2275.490927 	 5179409.596005 	 26858446989550.648438 
826 	 2286.082658 	 2286.082658 	 5227681.767040 	 27360043820752.445312 
827 	 2284.852673 	 2284.852673 	 5222122.470806 	 27303212254351.304688 
828 	 2284.786933 	 2284.786933 	 5221747.554225 	 27297813852270.578125 
829 	 2287.914352 	 2287.914352 	 5235905.024820 	 27442938766787.039062 
830 	 2278.534091 	 2278.534091 	 5193182.144132 	 26999484058572.882812 
831 	 2283.379470 	 2283.379470 	 5215151.076198 	 27225480740026.058594 
832 	 2283.206869 	 2283.206869 	 5214489.867876 	 27221223634183.523438 
833 	 2284.973114 	 2284.973114 	 5222577.808452 	 27306112529054.761719 
834 	 2287.311487 	 2287.311487 	 5233079.239268 	 27412006723721.277344 
835 	 2280.839091 	 2280.839091 	 5203898.019973 	 27115312979245.089844 
836 	 2282.130122 	 2282.130122 	 5209499.054117 	 27167631147741.808594 
837 	 2281.199291 	 2281.199291 	 5205331.294587 	 27125782757754.667969 
838 	 2283.519918 	 2283.519918 	 5216019.761713 	 27239285993759.035156 
839 	 2285.854486 	 2285.854486 	 5226628.897877 	 27348978882660.492188 
840 	 2281.139295 	 2281.139295 	 5205068.087339 	 27123342962755.050781 
841 	 2287.531022 	 2287.531022 	 5234236.119956 	 27427315440214.855469 
842 	 2282.429940 	 2282.429940 	 5210868.385640 	 27181948214799.378906 
843 	 2285.815239 	 2285.815239 	 5226678.558262 	 27354301203617.437500 
844 	 2279.607595 	 2279.607595 	 5198173.430023 	 27053459749259.539062 
845 	 2284.836786 	 2284.836786 	 5221937.668784 	 27299103763202.718750 
846 	 2281.701735 	 2281.701735 	 5207572.742920 	 27148078195659.207031 
847 	 2283.925401 	 2283.925401 	 5217820.275105 	 27256986034281.085938 
848 	 2282.441588 	 2282.441588 	 5210971.233884 	 27183949938164.835938 
849 	 2281.991948 	 2281.991948 	 5208894.369166 	 27161783006779.093750 
850 	 2277.855222 	 2277.855222 	 5190194.809690 	 26970654660598.257812 
851 	 2284.379471 	 2284.379471 	 5219910.652323 	 27279099702752.339844 
852 	 2281.120348 	 2281.120348 	 5205125.317686 	 27126880235459.679688 
853 	 2276.498494 	 2276.498494 	 5183902.209499 	 26902961752340.691406 
854 	 2281.533739 	 2281.533739 	 5206922.393374 	 27143692889467.925781 
855 	 2291.566612 	 2291.566612 	 5252467.843143 	 27613332799232.421875 
856 	 2282.549006 	 2282.549006 	 5211606.032262 	 27193636886653.050781 
857 	 2287.086256 	 2287.086256 	 5232206.608191 	 27406089177983.367188 
858 	 2285.791953 	 2285.791953 	 5226442.712887 	 27348980529801.324219 
859 	 2277.875975 	 2277.875975 	 5190176.507461 	 26968128892585.261719 
860 	 2281.787145 	 2281.787145 	 5208063.386048 	 27155445932135.488281 
861 	 2284.245833 	 2284.245833 	 5219063.654666 	 27265375627223.222656 
862 	 2285.001288 	 2285.001288 	 5222626.603405 	 27304888307364.894531 
863 	 2287.234015 	 2287.234015 	 5232826.252317 	 27411466227393.628906 
864 	 2288.754286 	 2288.754286 	 5240043.564201 	 27492661356279.148438 
865 	 2279.571910 	 2279.571910 	 5197969.421831 	 27050533550554.062500 
866 	 2283.736799 	 2283.736799 	 5216823.035268 	 27243802747506.410156 
867 	 2283.479559 	 2283.479559 	 5215811.414968 	 27236683576645.210938 
868 	 2284.634660 	 2284.634660 	 5220966.860245 	 27287965022246.312500 
869 	 2290.805583 	 2290.805583 	 5249162.837759 	 27582498829834.230469 
870 	 2288.699994 	 2288.699994 	 5239578.142682 	 27483072861690.386719 
871 	 2281.567735 	 2281.567735 	 5207020.784052 	 27143657848686.144531 
872 	 2281.359599 	 2281.359599 	 5206073.338800 	 27133761065598.812500 
873 	 2281.060835 	 2281.060835 	 5204627.075000 	 27117030478468.839844 
874 	 2278.590635 	 2278.590635 	 5193580.787525 	 27006563833387.664062 
875 	 2290.202304 	 2290.202304 	 5246457.751254 	 27555345277199.664062 
876 	 2276.061668 	 2276.061668 	 5181954.521042 	 26883683435229.238281 
877 	 2286.331567 	 2286.331567 	 5228776.211707 	 27370613805612.570312 
878 	 2286.028715 	 2286.028715 	 5227620.261525 	 27363410191105.843750 
879 	 2282.412431 	 2282.412431 	 5210986.979201 	 27187291096067.125000 
880 	 2283.199079 	 2283.199079 	 5214325.647737 	 27216866032536.925781 
881 	 2280.947750 	 2280.947750 	 5204254.069288 	 27116091800293.113281 
882 	 2278.067969 	 2278.067969 	 5191087.453589 	 26978422848128.355469 
883 	 2287.051925 	 2287.051925 	 5232175.200421 	 27408302113666.695312 
884 	 2282.530966 	 2282.530966 	 5211476.321454 	 27191236955169.160156 
885 	 2285.779543 	 2285.779543 	 5226317.827206 	 27346245538862.117188 
886 	 2280.546298 	 2280.546298 	 5202461.377255 	 27098209468183.230469 
887 	 2281.704961 	 2281.704961 	 5207626.431596 	 27149511500418.402344 
888 	 2283.351284 	 2283.351284 	 5215089.114703 	 27226190223834.683594 
889 	 2283.535728 	 2283.535728 	 5215989.322781 	 27236849829846.679688 
890 	 2283.669628 	 2283.669628 	 5216649.072937 	 27244718723449.316406 
891 	 2280.647752 	 2280.647752 	 5202712.035949 	 27096391789474.093750 
892 	 2285.172036 	 2285.172036 	 5223425.379207 	 27313634246187.382812 
893 	 2288.503770 	 2288.503770 	 5238602.031240 	 27471263071609.843750 
894 	 2287.985737 	 2287.985737 	 5236372.397805 	 27450791809068.871094 
895 	 2286.663354 	 2286.663354 	 5230141.983330 	 27381746039036.636719 
896 	 2282.628209 	 2282.628209 	 5212057.403317 	 27200182259153.261719 
897 	 2283.794027 	 2283.794027 	 5217211.439403 	 27250427206552.585938 
898 	 2286.360476 	 2286.360476 	 5228736.419292 	 27366635615439.019531 
899 	 2289.551208 	 2289.551208 	 5243492.324549 	 27524608742606.089844 
900 	 2281.158065 	 2281.158065 	 5205257.568186 	 27127425208614.175781 

%ACCRATE = 0.866750
